-0.69      0.97     -2.21      1.11      1.08      8.87      5.30      1.41      0.67      7.73      1.24      1.90      1.90      1.00
-0.63      0.97     -2.25      1.05      1.13     10.94      5.30      1.41      0.67      7.73      1.24      1.90      1.90      1.00
-0.86      0.98     -1.66      0.97      0.47      8.60      5.30      1.41      0.67      7.73      1.24      1.90      2.03      1.00
-0.74      0.98     -1.90      0.88      0.06     15.15      5.30      1.41      0.67      7.73      1.24      1.90      1.91      1.00
-0.91      0.97     -2.10      1.13      0.26      8.42      5.30      1.41      0.67      7.73      1.24      1.90      2.03      1.00
-0.91      0.97     -1.85      1.09      0.03      8.18      5.30      1.41      0.67      7.73      1.24      1.90      2.06      1.00
-0.86      0.98     -1.98      1.02     -0.42     10.94      5.30      1.41      0.67      7.73      1.24      1.90      2.16      1.00
-0.14      0.98     -3.64      1.22      1.97     11.27      5.01      1.59      0.89      7.58      1.30      1.93      2.05      2.26
-0.09      0.98     -3.92      1.10      2.38     16.87      5.01      1.59      0.89      7.58      1.30      1.93      1.93      2.26
-0.25      0.98     -3.81      1.36      1.65      9.62      5.01      1.59      0.89      7.58      1.30      1.93      2.05      2.26
-0.24      0.98     -3.69      1.28      1.75     10.39      5.01      1.59      0.89      7.58      1.30      1.93      2.08      2.26
-0.15      0.98     -3.87      1.16      1.93     13.38      5.01      1.59      0.89      7.58      1.30      1.93      2.18      2.26
-0.66      0.96     -3.88      1.90      0.85      5.14      6.01      1.59      1.01      9.23      2.31      2.54      2.23      3.35
-0.27      0.97     -3.07      1.52      1.02      5.86      6.01      1.59      1.01      9.23      2.31      2.54      2.38      3.35
-0.15      0.97     -3.21      1.34      1.22      8.47      6.01      1.59      1.01      9.23      2.31      2.54      2.25      3.35
-0.37      0.96     -3.41      1.72      0.89      5.32      6.01      1.59      1.01      9.23      2.31      2.54      2.38      3.35
-0.40      0.97     -3.17      1.59      0.91      5.62      6.01      1.59      1.01      9.23      2.31      2.54      2.42      3.35
-0.26      0.97     -3.18      1.41      0.92      7.01      6.01      1.59      1.01      9.23      2.31      2.54      2.54      3.35
-1.52      0.87     -1.32      1.33      0.36      5.23      5.77      1.38      0.71      7.64      1.16      1.91      1.91      1.16
-1.60      0.88     -1.01      1.22      0.39      7.10      5.77      1.38      0.71      7.64      1.16      1.91      1.91      1.16
-1.64      0.87     -1.13      1.22      0.06      5.79      5.77      1.38      0.71      7.64      1.16      1.91      2.03      1.16
-1.73      0.88     -0.77      1.05     -0.37     11.06      5.77      1.38      0.71      7.64      1.16      1.91      1.92      1.16
-1.59      0.87     -1.21      1.36     -0.31      6.48      5.77      1.38      0.71      7.64      1.16      1.91      2.03      1.16
-1.63      0.88     -1.24      1.34     -0.28      6.05      5.77      1.38      0.71      7.64      1.16      1.91      2.07      1.16
-0.84      0.93     -2.05      1.62      0.25      3.27      5.90      1.52      0.94      8.34      0.56      2.20      2.06      2.78
-1.28      0.92     -1.67      1.36      0.23      3.93      5.90      1.52      0.94      8.34      0.56      2.20      2.20      2.78
-1.12      0.93     -1.31      1.23      0.02      6.87      5.90      1.52      0.94      8.34      0.56      2.20      2.08      2.78
-1.18      0.91     -2.15      1.60      0.14      3.98      5.90      1.52      0.94      8.34      0.56      2.20      2.20      2.78
-1.31      0.92     -1.82      1.48      0.05      4.32      5.90      1.52      0.94      8.34      0.56      2.20      2.24      2.78
-1.29      0.93     -1.35      1.35     -0.21      5.94      5.90      1.52      0.94      8.34      0.56      2.20      2.35      2.78
-1.11      0.89     -2.33      2.05      0.14      2.75      6.74      1.53      1.04      9.00      2.13      2.28      2.10      3.90
-1.66      0.88     -1.90      1.74      0.27      3.46      6.74      1.53      1.04      9.00      2.13      2.28      2.24      3.90
-1.59      0.90     -1.38      1.52      0.14      5.03      6.74      1.53      1.04      9.00      2.13      2.28      2.12      3.90
-1.49      0.88     -2.37      2.04      0.21      3.35      6.74      1.53      1.04      9.00      2.13      2.28      2.24      3.90
-1.70      0.88     -2.03      1.87      0.17      3.65      6.74      1.53      1.04      9.00      2.13      2.28      2.28      3.90
-1.84      0.90     -1.46      1.64     -0.06      4.52      6.74      1.53      1.04      9.00      2.13      2.28      2.39      3.90
