[-0.86268808 -0.2248278   2.68288382  0.21310635 -0.08107174  0.26488863
  0.00645242 -0.59860782 -1.23351158 -0.02071614  0.78280446  0.38650501
  2.57849325 -0.7702388  -0.24976214 -0.68214142  1.17301596 -0.4350319
 -1.93603952  1.92734939 -0.13389493  1.52838582 -1.28113931  0.06962313
 -0.30353189 -0.37710662 -1.54721023  1.22387726  0.76872624  1.54037856
 -2.81869215 -2.31471269 -0.44149737 -1.18868358 -1.80046248 -0.08097311
 -2.0317507   0.60232452 -0.89279756 -0.56091719  1.43637033  1.49843262
 -0.99042581 -0.09750155  0.51834662 -0.98353942  0.49461914 -0.21684527
  0.30841184  0.96244048 -0.4754961   0.05233869  0.70914157  0.08102005
 -0.37799668  1.34817757 -0.05271546 -1.2427451  -0.80652107  0.30094961
 -1.14880627  0.51877842  0.71180117 -0.87944652 -0.22765797 -0.13376072
 -0.18036669 -0.28818652 -1.45528257  0.54638901 -1.20569055  1.57698527
  0.24193504  2.80307433  1.10359081  1.13922545 -2.40759689]
