12.9910052253 10.8373128503 12.8435924703 12.7289353101 12.1354165976 4.94774335329 3.73610241213 2.70335470007 2.50794008258 5.00196664316 -1.5916236
10.8577837487 10.6632361232 17.0290890561 15.513443104 15.4019387488 4.27958976598 4.24940304951 5.76473184834 5.09795741727 4.83265536895 -1.4540536
10.3650667689 10.35623802 15.8518630346 14.7296001684 7.9517859082 3.45231104819 3.36522696866 6.00405034289 2.90411964581 5.63634500838 -0.9923836
9.59348526728 9.53661345425 6.30993638844 8.30576756692 3.79947852289 3.39139794878 5.81221329522 5.69255551262 5.31887779544 2.03046306078 -4.8348236
10.2936685243 10.206766911 10.0738571056 9.81575178417 15.7644235905 11.0734512623 8.48026271571 3.76895780923 6.62259057484 5.48960563912 -0.8360236
11.069661568 16.8666887118 7.30794592557 3.58701002375 3.16874859373 4.37762659469 3.37565618193 1.65766012262 1.57489789998 3.02643495173 -1.5707636
10.357104408 9.10330149824 8.8234174793 15.6380513838 5.47297364598 4.06196334895 6.96631474239 2.96379180709 5.86112263764 4.8837315937 -0.7963536
10.4737937639 10.1759402135 9.93733399699 15.5520387436 4.70968201063 8.97939879724 3.95427992191 3.65109378157 7.07787772758 6.1965617986 -0.9548536
10.3849803796 17.5553688283 15.7095068117 15.673839024 14.8804331182 7.3644123651 6.85333696399 3.41153532399 6.34246744417 3.0801071384 -2.4888536
10.3139569307 15.0376827924 3.85471243501 6.49913493513 6.01360219156 5.28803539111 4.81614090025 2.35232027775 2.04930212048 3.30007678911 -1.4322636
16.3962956309 12.0172572364 9.71665403283 8.01780067663 6.52523979751 12.0378150266 12.0174491285 10.9630525885 10.4610088472 8.83441010282 -1.9762436
14.4775373118 6.48292965558 10.6116785502 5.18767006746 9.339606177 4.59526280712 8.52751529577 3.35913425569 6.07269335501 2.83944732404 -1.2985536
12.1676341451 11.929695406 17.2683940552 12.8621055431 9.75078998534 2.72948529626 2.37246284358 2.14588528025 4.11162182549 3.42732852965 -1.3860736
11.2206881635 9.89643282818 16.5229244478 9.23360449234 3.61917875001 6.99193802135 6.95566345039 2.99750337178 2.65749868046 2.54085901658 -1.4347136
10.2207223024 8.73054589107 2.87911967423 5.52671912898 5.35568220018 4.47344220583 1.86828614428 3.65449939803 3.50726636517 3.08455630698 -3.5612236
9.97498754811 15.1663263221 8.34204842668 3.46168864978 5.70370924837 2.56392064798 4.67666529684 4.55644545201 2.08386992729 3.36792892206 -2.1686336
13.8237375585 6.2751839717 7.77226614265 6.90371629869 3.33610503341 5.34266553348 2.55801922827 2.45386199519 2.42814628159 2.09380688554 -1.3184336
14.0600973023 10.7647691194 17.6590813549 5.41532236159 9.81320910335 3.36918244115 3.2916117703 3.12188636301 4.73652891838 3.63089631952 -0.5591736
10.8098272311 17.4086238096 6.22768740247 10.5149175133 3.10695469861 6.10970070353 2.4018591821 4.7944091534 2.28401065358 3.32523483454 -1.0658136
24.171742391 9.88745889052 7.76077244708 6.77121594172 7.89669430166 3.85397295462 3.59861728084 3.42481963967 5.9264507192 5.79210816001 -0.3359736
10.3154337096 10.1955850728 10.0637793117 9.81877443539 15.7488561922 11.0519440391 8.49146118562 3.7555311263 6.63001014121 5.50378192998 -0.8344036
14.5464198165 6.44792974706 10.6172087705 5.19288303007 9.37543734814 4.59135825243 8.4874562111 3.35842773313 6.06748881351 2.83738358322 -1.2923336
10.8371530902 9.20345928708 9.11105163319 15.2316507529 14.927998135 14.7250734229 14.6286514474 4.71328378964 4.01776525418 5.91835894168 -2.7916536
11.1266841804 9.32484500056 16.6988927372 3.77798401647 7.17355582763 6.12743986944 6.08980652911 2.39369813941 3.72453636619 1.75771156516 -1.3630936
10.803332745 9.59943465733 8.5158259325 15.9040409167 4.28901982876 8.210929896 6.01125294471 2.97323850997 5.8852383678 5.23352540528 -0.6889936
10.8072164393 10.5437823442 17.4843698578 15.5517660039 6.45523908809 7.50941205933 3.23811800312 2.57002136633 4.58329337409 4.42207157921 -1.0774736
15.4356705122 10.4286281012 8.71673819208 15.9273658282 7.9072818996 12.22834058 8.92925320454 8.34949021139 7.42233312301 6.84897657357 -0.9902136
10.2572712019 9.89488243282 16.1846703595 16.0861531045 3.76734440162 6.84433969581 2.76896612687 2.38386109848 1.94734539021 3.8380070565 -0.8665536
14.8319479485 8.29774224134 7.80846629049 7.35011044212 12.1989443277 9.41455534187 8.98607971345 4.10433974123 7.80111957416 3.35689796892 -0.7022836
9.89905445494 9.86885261173 16.1176576118 14.9574709485 4.52685189595 6.50114326087 6.1423832234 2.54366557969 2.52089637031 2.49820487808 -1.3144936
10.3138175119 9.90516551766 9.75615591308 14.7839104756 3.88696484251 6.6492806781 6.63773139343 3.04554942169 3.04205875772 2.83727643092 -0.6204636
12.6338068274 8.03515851007 8.01344117012 15.7238576471 7.57130382844 7.45750873612 7.40471438651 12.192463685 11.5686317519 4.19108179568 -0.2225336
10.4435701691 8.14088386196 6.82117225985 3.27777863488 6.29935138443 3.01553056319 5.33672427397 2.6124997131 4.75744407672 2.15709399375 -1.8814436
9.60097052619 8.92042056847 14.25372594 14.1744413531 4.99551886047 4.17017461742 6.97066561315 6.810915412 3.18419408958 5.82092632625 -0.6843836
10.1874342343 9.58121470106 16.6270515617 7.49992175778 3.6479434625 5.36961350336 4.84007081154 1.75669019549 3.15078364086 1.44577675341 -0.8921536
10.8663565331 9.68252727315 16.1482161394 11.9823201779 8.10570807713 6.90088294637 3.31351139676 2.60036205646 2.24171002152 4.39492850657 -1.1837136
10.6892479533 10.4532958144 10.4385340378 10.1167225616 13.8222643752 12.1900587856 3.75696928334 3.61913515408 7.13389358047 3.10047059224 -1.1588136
16.6162969889 9.24126745611 15.7657535733 6.46029377126 12.1902699418 3.99382332102 3.7079119086 4.83851676294 4.40149072662 4.37758963485 -0.8582836
11.1266841599 9.32484498534 16.6988927236 3.77798401336 7.17355582506 6.1274398631 6.08980652331 2.39369813854 3.72453636268 1.75771156455 -1.3670636
14.5661019321 6.43745129013 10.5672517183 5.18418188671 9.29311099101 4.62183754682 8.43241407818 3.35562507632 6.05803030677 2.82735700053 -1.1510636
10.6361454862 8.88031460338 6.37492914371 5.91319964949 2.61120043797 3.40980978465 3.33555294596 1.39848741699 1.3250909219 1.31820468405 -1.4976536
10.6295796426 10.6145173123 9.5857342548 17.1354740313 15.9716899175 7.7278539295 13.4919011314 12.4981825987 4.35013227088 7.34155125228 -1.2033236
9.99057822179 6.41054471678 5.9226383278 5.0523762925 6.62713975623 5.79230536874 2.07451460483 2.05828496193 3.90571407679 1.67518794722 -1.4435436
10.346890496 10.2937736468 15.8586895649 13.5660001035 3.82645191212 3.34260522241 6.01193781403 4.76142833478 4.66746678694 2.2996013201 -1.3395736
10.1618800109 9.6696543413 17.2362949244 14.5653428738 9.66687408362 3.28323064848 2.99986227653 5.30451783248 4.45744400902 1.69022598233 -1.2771236
10.9448709625 10.4286147682 15.1280534338 8.28654859317 6.87222982897 6.75330430568 5.80695473633 2.70764982504 2.56981769438 5.03081243233 -1.4144336
10.4646336148 9.50880525646 9.50683712457 8.46892423654 7.18105663668 3.03261441589 5.96348780696 2.88877128803 5.51893113834 2.19902436177 -0.8392436
10.8378521263 10.6447428033 9.7746710409 12.7298150406 12.3998152355 9.02688556404 2.67222305206 2.45382682057 2.24884694848 3.94110752936 -1.2509636
10.8521943413 10.5781775693 12.3503605892 7.76704608034 3.63951921256 6.92131252837 3.0904228158 2.6162580709 5.10580930647 1.81193589875 -1.0447936
10.3114111522 9.23994496626 15.4102500184 13.4362746042 12.9585113191 3.43520629844 3.35173037129 3.02883217107 2.33384369544 4.19365945741 -0.9112736
9.7717393448 9.49377998428 8.66019210558 14.5433043332 13.6856467079 3.6254391445 6.8179417661 6.07667417492 2.78501907673 3.69357160917 -1.9932336
11.0015978181 7.70571919122 12.0584684082 6.86082775947 3.23355138424 6.23384293912 5.93312710366 5.27492149779 2.28704265426 4.00967306851 -0.5026536
10.989363956 10.7883391705 9.55584989953 15.0118091173 9.17947936164 4.5543706927 3.45936918264 6.76278958165 6.59618258636 6.11190555857 -0.8851636
25.7598657804 10.1537632979 9.78618203456 9.39738608886 7.0551153716 12.6805094651 9.53876131174 7.38081609081 2.583067703 2.4287632217 -2.2556136
10.6043080729 10.3492458285 10.0934106128 14.7637090871 13.4175595959 5.57906184245 10.6105151211 4.58547822785 6.23870238824 6.17700846454 -0.6645836
9.55157014548 17.0996039803 14.3109426447 6.80636549945 3.25182873851 3.0836320622 2.65418291646 2.5642279792 2.31153001969 4.09223967504 -1.1798036
10.8555732978 14.4809008594 7.02965783965 7.21623691781 3.22394867582 4.9724160164 4.95788580893 3.68653473772 1.84193234888 1.82097073743 -1.5941936
10.7288919459 10.1030816914 15.7025013248 14.4309961659 4.31841595773 8.27315699936 4.11464480402 3.69620897535 6.02815048456 5.1709157561 -1.3636636
10.8434051121 10.5303356613 12.1779399001 7.89074324155 3.59382503862 6.84020189318 3.07515729462 2.57777127031 5.11113952138 1.81010865208 -1.0449936
14.5669975747 6.43777164971 10.5649510141 5.18412499117 9.2917891554 4.62179824353 8.43239454964 3.35573254089 6.05779626303 2.82712082081 -1.3019536
11.1399741603 16.3958602444 14.5078551241 13.1808877656 6.6693290996 3.16275897977 2.50472041455 2.4746180212 4.07121360468 1.78821373027 -1.3138436
10.3346712985 10.0143627072 15.7417593871 7.5051605601 8.58741231956 4.01607527254 6.67373975642 2.79205196938 4.75384308426 2.32925324497 -0.7555136
10.7874778001 9.58099938389 9.05581321646 17.044175053 7.27926944906 14.0874487596 13.1110154922 4.30899234027 5.98572783401 4.89110035332 -1.1411036
10.857815979 10.1910794107 8.82256649931 3.39242380845 6.75261214999 3.30894365748 2.12806555952 1.97299725752 3.741200989 2.63597358854 -1.8291736
10.545947967 9.72565118776 9.01556296674 16.8640281785 15.6298253264 9.33146182404 3.76140204724 6.57863520474 5.37538818491 2.58447616997 -1.1067036
10.4395741696 8.97230249757 8.18160220641 14.0169233597 7.3148732772 3.23834318495 2.75782734449 5.0051192655 2.0376565178 3.41272131527 -0.9512136
10.5934840054 9.8045705294 14.6522605618 6.63391743727 7.72716692799 7.36668322814 3.54277663165 2.84603714432 5.66792670715 5.15622898483 -1.6932036
10.7701548771 9.7078814266 14.3920218695 9.2511350929 7.8442031234 3.66749908816 3.42256195924 2.30340027865 2.05157923182 1.84062721903 -1.4269936
13.7264265082 11.8123727508 16.1281117368 11.566526182 4.2896383236 8.13965058622 3.71155899088 3.16535681656 5.89592766148 5.72919985301 -1.1157336
23.4180874264 9.26296057506 8.98024037389 9.88048159825 6.79933222919 2.89732898696 5.05160256148 4.60340380042 2.27574056804 2.09942898927 -1.4115336
9.38579461409 17.8266392139 8.76541488954 8.36895875167 12.926429617 10.5810785146 4.73240543942 3.49205647459 5.132554296 2.18984807281 -0.7552636
11.263005884 10.9549961044 17.5811845001 14.4907235747 14.3446267057 10.3983375025 4.72837183016 3.37063842839 3.31768663063 4.81874852951 -1.4994236
9.28945843374 17.028743463 15.2855601105 11.3921354741 4.37134743378 3.49622189559 6.89066476052 6.4253790251 3.15772480771 1.89335415561 -1.3719736
27.439599568 16.8282420603 4.34403337791 4.16723614282 6.56938185306 2.60049295252 4.87465226729 2.37885899097 2.16521562011 1.90491660466 -1.5326036
18.5188055471 18.4447028213 16.6089232138 11.2683331286 5.33618434149 8.17485180452 3.74042818605 3.23046818018 6.09008813061 4.72086188936 -1.5389936
27.46559926 16.8259249768 4.34914996338 4.16320406565 6.56207145835 2.6004040327 4.87778603412 2.37581174362 2.16354553941 1.90650683265 -1.5283136
10.7793265235 9.7416496051 14.4996581951 9.24012055714 7.78064611175 3.64128520322 3.43105859537 2.30996866653 2.04355706354 1.84756580884 -1.4292736
9.94273455643 12.2044627392 3.80725857216 3.39086631142 6.31132683553 2.87972750786 2.22509768488 3.84956040286 3.65032739773 1.80114323098 -0.5372336
10.2339421979 16.5874325637 16.4028987751 14.113733201 10.3602868213 5.98899091365 2.91007291837 5.28094875122 2.51035426863 4.74034460894 -1.2134136
15.1538018682 5.81553259559 4.02254328891 3.2908316589 2.62765532148 2.34981385374 3.77155087876 3.66732681922 3.54211120791 3.43585198303 -1.4717036
10.5333502972 10.0677425291 9.76910423078 6.02064575489 9.33217965772 7.35323704675 6.87072629259 6.70428031822 5.79401255387 2.65791286231 -1.0240536
10.7138500298 10.0485162555 9.27314765422 16.5079791114 7.91357715713 12.4204748021 7.74305636316 3.61534349504 6.99780178974 5.90082560444 -1.0526136
10.623001638 10.4125671129 20.6757778236 6.26159104136 2.88305294905 3.89370335804 3.71067648168 3.47634541143 1.61921783355 1.52385487666 0.2567764
9.747049949 8.8952782338 15.6864489251 4.97131766676 7.1179294781 5.4136904699 2.44757423331 2.38202534931 2.18198847536 3.86491138169 -0.5341136
12.677020474 12.068337138 11.9479958921 9.1390255943 7.25597507678 6.34416798434 6.22173495235 2.48636232247 2.11353680167 1.92647526195 -1.2710636
12.8635818409 7.69558396157 15.3031413351 6.96806003451 11.7881512814 4.09359857077 5.82328523924 5.79568609213 2.60929245368 2.57862418247 -1.0241936
10.2648969161 15.7718662531 4.43631521522 4.37928567139 6.8047123104 6.28089998812 2.9480318407 2.29311654913 3.72331589135 1.46961161045 -1.6027336
15.3377880794 17.3448009807 8.36352710718 9.40056314357 3.51960032215 3.43005132089 2.94647611535 2.52965569607 3.97595884307 3.70547025783 -1.3326636
10.0534754123 12.4442517534 9.17444990772 4.54997748473 4.27355998132 3.40305885584 6.54427196604 4.29462249128 3.94363037105 1.93267114989 -2.3974836
30.8185884699 15.323298982 9.88167859423 15.7143641845 9.53115838202 9.20970732628 4.30797415011 6.40071435324 3.08712226847 2.58418893768 -1.5690336
27.4623246848 16.8239448827 4.34910647706 4.16304513866 6.56111515297 2.60048821993 4.87783189175 2.37570538762 2.16369262944 1.9064991819 -1.5184136
10.7892671268 9.72185538979 14.4122241594 9.26044199505 7.85283041166 3.66336001195 3.4308963137 2.32782450613 2.0505937155 1.85377245592 -1.0279236
14.9253884601 28.4537100612 8.55463818166 8.53767530359 11.2531031489 5.05747658621 8.12161559738 3.99099070596 6.54888992971 6.47353821567 -1.1703836
10.8927667108 10.3887028192 9.40230064053 8.70437622118 15.1719008242 11.9004836952 7.76073934796 7.24157454142 3.5248535735 6.38788153337 -0.5973836
17.7992283086 16.0535245178 11.2046832174 16.8275537276 13.325533332 10.3753306131 8.71371941234 8.22445486776 2.98849984785 2.574105701 -1.2303736
13.1188987516 21.7438072312 9.47764207522 18.8009265721 9.23098199559 9.26380334114 8.24172500416 8.16954850902 7.1400068161 2.95691459561 -0.8927236
12.7987550417 12.7454255303 15.1009075358 13.8382271999 8.69930233125 6.38583213365 2.24748340931 4.18592804267 1.70747296928 1.64954719294 -0.7416636
9.745727421 9.58303833148 9.41365350125 7.94100517126 14.5455111768 8.95677523076 3.35827816484 6.52765464719 2.93477008408 5.12524112862 -1.0479536
25.7593232663 11.7004293451 14.6451772543 4.4722224216 3.4922698269 6.59684030292 6.35543858081 3.12711935168 2.60043250285 4.77686157088 -1.0332536
16.8827240815 11.1303307116 7.11346397233 6.262983877 4.19775231892 7.71237935588 2.78573953676 5.37930686389 4.45403153081 3.97809983737 -1.7083436
9.07007519115 8.51388991543 8.31059723404 15.9112609079 9.5571484766 3.21816080831 5.95790286051 2.63816813671 5.27458870365 1.99180951987 -1.1091436
10.7237205739 10.4794642529 10.0611080815 9.57459997614 16.7617252271 11.191239187 9.03413255804 3.99925369306 3.97943698372 6.37318541128 -0.8970036
24.2708980282 9.23093273546 14.3746816459 3.31128950834 6.53061081997 6.34648440265 4.50772970123 2.24989897315 3.43953605676 1.56488661007 -1.2633536
10.7567153484 10.3820748313 9.88436131818 9.7758346572 16.4934647822 8.4164689452 3.95453164941 7.69488335281 3.37365009213 3.2615983924 -1.3475336
10.9337581191 10.8706335745 10.225721615 14.8621039066 7.00160651841 6.79436088178 3.35894907601 6.45079247639 5.0725223129 2.16368156359 -0.5993836
9.35658082366 8.48498914889 8.01049299613 15.428945743 6.25241597192 2.922607684 5.73497665899 2.64042489954 5.22959784033 3.91306805829 -1.1543436
9.91262203084 9.69320605623 12.2921294208 8.69258765753 7.55748171742 3.06717063879 5.92467768291 5.28666312841 2.51601269207 2.21232110622 -0.9211836
9.70437943152 14.9708236243 6.84912476099 10.5088786626 4.51463401123 2.89171089277 4.90822385482 2.00978406047 1.62152504971 1.51396761214 -1.6358136
