0 1.96184017307 166.210805407 103.313445121 0 2.14795014431 169.740594191 92.3782310262 1 2.79033753758 161.128998941 106.90764561 1 2.80287648689 170.520028902 99.3712571627 1 2.87059983184 171.203439149 94.2803701332 0 3.17893333256 171.81322987 96.4047901083 0 3.65826882397 153.681071717 80.3335978905 0 4.30064392323 152.361372554 112.3643524 0 4.46505100132 161.286117952 106.802999384 -1.5916236
0 2.14592435273 109.427169812 97.8069236503 0 2.16541175023 93.6562600847 84.2328194872 1 2.42328387061 110.151233972 98.4420881868 1 2.53890178763 123.839096311 110.698876935 1 2.54807557008 119.760818199 106.986358333 0 3.41809344959 131.248563929 117.709778419 0 3.43021261332 108.366305841 96.8782196987 1 4.16495625907 130.642498319 117.115478073 1 4.42896143026 113.736577519 101.603517767 -1.4540536
0 2.19633685984 16.6802107906 87.5810107352 0 2.19727285492 13.5968104336 102.286142713 1 2.51165418891 12.0010312174 97.0554094074 1 2.60558065343 28.3940045898 117.579013521 1 3.54623621527 39.0341839784 125.968557838 0 3.80566050445 39.0535106373 125.98284066 0 3.85458672905 55.9322548876 136.953519257 1 4.08110564726 16.9936451591 106.835079351 0 4.14932783844 16.0727998792 88.3138318223 -0.9923836
0 2.28295208058 16.2665635068 85.2384959343 0 2.28974918052 10.0194244919 98.5875589017 0 2.81496183845 9.87931549075 93.3269877756 1 3.46984530566 11.8585597385 101.52347181 0 3.62763017042 16.8208050167 84.704919828 0 3.83968525111 10.0733645128 92.8742402857 1 4.14790907914 19.2644368371 108.954484096 1 4.1912769867 10.9053705298 100.193784817 1 4.33600719195 23.8134241828 112.798286271 -4.8348236
0 2.20394073854 38.0162061756 127.158150965 0 2.21330315786 22.819701841 84.9528203164 0 2.22785596284 16.2642687892 99.7230774936 0 2.2569566542 25.8475733273 81.4450472841 1 2.51861016646 16.3574083633 100.549877858 1 3.00509704014 38.9306121405 127.92549346 1 3.433960906 63.4469685067 144.319751625 0 3.64228868137 34.9550454877 124.514308811 1 3.88585012992 16.6162216299 101.847892081 -0.8360236
0 2.12528819761 36.3020068549 89.3650085687 1 2.43492217654 35.9442201273 91.0500272482 1 3.69915336584 35.2097744124 98.7380480217 0 3.73352193331 35.4454115067 102.890648297 0 3.97229149293 36.5680340009 108.946000832 1 4.77947993757 35.3682523398 95.1169672499 1 5.44278146081 45.4040529879 128.510345622 0 5.49208508906 35.2104422915 98.36400546 0 5.63454433198 45.1133584853 128.031153991 -1.5707636
0 2.19718095035 90.1298607933 100.2934361 0 2.34361105985 74.6525139601 87.4798532493 0 2.38049124197 70.9976971619 84.3717080034 1 2.52876622383 84.2550362995 95.501874404 0 3.0225488161 83.1162205211 94.5620875269 0 3.50846381667 89.6651258539 99.9180875922 1 3.78877184908 94.47462089 103.768015999 0 4.10734473764 78.4392846927 90.6690148752 1 4.13056628332 96.4958082851 105.361259889 -0.7963536
0 2.1849071864 141.882259166 101.28705744 0 2.21665308086 139.76512868 105.020728396 0 2.24310735167 146.744402661 89.4800703193 1 2.53574942248 141.014278563 102.867733544 0 3.25828605353 138.124368218 107.680808376 1 3.33715493293 138.113589513 107.69776101 0 3.55591439614 135.601326751 111.501052249 0 3.70061161844 147.966267469 78.1302750691 1 3.75879354268 135.469371058 111.693689941 -0.9548536
0 2.19423006799 115.371817945 104.423391492 1 2.38668454538 116.499766303 106.367863093 1 2.52300856329 117.083366535 107.397161582 1 2.52587764328 118.488861788 109.952058423 1 2.59234150893 110.864403057 97.1087957231 1 3.68494449597 113.296506223 100.976442322 1 3.81987329092 120.198624261 113.238794973 0 3.82833616415 83.0554078397 58.939001566 1 3.97073475038 115.498971434 104.639845731 -2.4888536
0 2.20177200463 139.982773538 97.2350466025 1 2.578751777 131.891130464 91.188186104 0 3.6015463621 136.062620316 94.2411242233 1 3.92258373371 151.039090025 107.441473265 1 4.07786319838 132.57862486 91.6836767589 1 4.3486336633 152.703513901 109.925684065 1 4.5566996971 147.424555052 103.556461657 0 4.6103805669 137.632248558 95.4227128517 0 4.93948882752 149.021838341 105.144050474 -1.4322636
0 1.74627297128 85.2714356129 102.463898756 0 2.03977527575 80.618099669 99.1066179428 0 2.26843652971 54.2618144907 78.6709532965 0 2.49722327725 63.4757825073 86.0868830114 0 2.76813179704 104.241201669 115.020991781 1 2.88221362697 80.6719513659 99.1459536645 1 2.8846548281 105.397682624 115.709249309 1 3.02018990301 85.2293551121 102.433933264 1 3.09181297436 108.798962309 117.666207387 -1.9762436
0 1.85839340561 32.6118821425 83.7224717643 0 2.77715006375 68.816369069 107.675861318 1 3.06978498187 57.0081055271 100.634156116 0 3.1045512133 32.8969496093 83.9509857234 1 3.27216894158 66.0073858198 106.065640125 0 3.29860129477 72.9234296409 109.94915493 1 3.42443357505 63.5516279194 104.62341891 0 3.85808082148 40.7465683581 89.8233765927 1 4.05797459843 56.6762848713 100.426431683 -1.2985536
0 2.02713153929 83.6348510803 88.8159681343 0 2.04724738267 92.0276309405 98.0539217538 1 2.40643438655 90.9045646864 96.8253806933 1 2.78832867816 100.049255659 106.769466368 1 3.20243334153 92.6761415013 98.7623676002 0 4.28000841232 105.13502935 112.24147469 0 4.59076743687 100.114367803 106.839795261 0 4.82704949334 121.202158758 129.057495716 1 4.93166330378 100.287897642 107.027195132 -1.3860736
0 2.11093691987 175.657794176 91.7913129383 0 2.24773786425 161.698675561 101.951352534 1 2.46012141505 169.003939093 96.7154870845 1 3.29089757674 153.183179632 107.901476518 0 3.71689237087 168.962183381 81.0400961162 1 3.7818231416 149.007532782 110.741771957 1 3.79167163558 150.618189506 109.65323376 0 4.08418270599 147.910519099 111.477722736 0 4.3375897442 154.535627634 106.969485899 -1.4347136
0 2.21179161779 46.2552676 98.5428452366 0 2.39311904179 45.5513061027 91.1452563086 0 4.16730362242 45.5896497562 92.0888100586 1 4.25369457134 50.7048129094 114.567247379 1 4.32108292362 45.6590183693 93.2695368382 1 4.72801760022 47.4870573065 104.562910251 0 5.1732480853 49.5078277562 111.305581206 1 5.23101605133 46.7480274403 101.296447432 1 5.33968484074 46.9141281573 102.098084431 -3.5612236
0 2.2388697116 25.3382440406 90.8792087693 1 2.56779176624 23.1968527935 101.451028351 1 3.46229163655 25.6199848689 90.247336029 0 3.80050230367 23.8657432012 105.725605874 1 4.18717691158 29.4487695825 117.13809787 0 4.41603708887 27.5844981092 86.4844164917 1 4.62414938237 23.1962276521 99.4138446847 1 4.68475531163 23.8828381285 105.791163252 0 4.89834870435 26.5670532975 88.3213621557 -2.1686336
1 2.68959729863 116.913672457 91.5166420046 0 2.82274580608 120.382357138 100.183645734 1 3.58695698169 121.387175202 103.143973995 1 3.80591015589 118.513260575 95.2862605186 0 3.87137413746 120.627312427 100.879355171 1 4.32634358223 121.341644531 103.003195489 0 4.42112811292 118.366374639 94.9264423167 0 4.51398316419 115.084342577 87.5303217037 0 4.53782327911 120.839112473 101.493529307 -1.3184336
0 1.88577919075 157.762564322 90.7005763627 0 2.15517550503 149.324553483 84.6213304464 1 2.37966567538 163.150081548 95.4340704411 0 3.03859518301 164.765313937 105.031807372 1 3.19223219613 164.352463152 105.555559963 0 3.85232339223 149.522843392 84.7563161597 0 3.89745131454 164.647986577 97.2083332827 0 4.00199421802 162.371992551 107.572821422 1 4.59483481875 166.081775005 102.396789376 -0.5591736
0 2.15067915459 134.431083705 92.4567018141 1 2.39672264767 143.462881155 99.407696541 0 2.8334894477 130.539881992 89.6654971291 1 3.08387712067 133.911207222 92.0784950635 0 4.01159925201 150.357664092 105.844873401 1 4.04566605938 143.587655913 99.5109668664 0 4.56258776268 149.94831341 105.392428308 1 4.56701515844 138.747987368 95.6743070526 0 4.67881571054 144.256883868 100.069981336 -1.0658136
1 2.03397692402 39.6199986353 102.198685166 0 2.24875766544 40.7866539542 84.0362577885 0 2.53823908509 40.8114988812 83.9384734613 0 2.71738810552 44.6858928789 119.318830661 1 3.5585849449 51.7409892864 132.673054885 0 3.60189186857 40.0488634731 87.3877021091 0 3.72749587569 39.2247065741 95.7891066392 0 3.82090420514 40.0917099743 87.1608074362 1 4.10773729704 47.6655307953 125.462510561 -0.3359736
0 2.20161439386 37.6615364329 126.958117602 0 2.21451652696 23.0683283401 84.9737357953 0 2.22897116293 16.5640578322 99.7152634069 0 2.25660923213 26.091778225 81.4328237503 1 2.5198546544 16.620897741 100.331898391 1 3.00801959746 38.6650548392 127.812433241 1 3.43169581911 63.0280627627 144.386896104 0 3.64879378299 34.6222000375 124.292334299 1 3.88367521668 16.8510733394 101.679397775 -0.8344036
0 1.85398810526 32.638710707 83.7547769654 0 2.78467716596 68.8090125261 107.679333407 1 3.06898539325 56.9415972937 100.601138304 0 3.10299254416 32.9278054388 83.9863181006 1 3.26591014648 65.8923878491 106.006687409 0 3.30000358483 72.8964464495 109.941813898 1 3.43250538048 63.6128068172 104.667790884 0 3.85848661818 40.7473823307 89.8337499204 1 4.05971464038 56.6290761353 100.405435934 -1.2923336
0 2.14796597667 165.97488808 83.3082587831 0 2.33082385587 146.229239551 107.775384532 0 2.34261407471 165.689044355 84.7600169985 1 2.56227956758 149.94749042 104.363701638 1 2.5882082305 146.183189288 107.816900938 1 2.60598112322 157.569266895 96.8177982021 1 2.61455543207 159.536088737 94.6441817612 0 3.25704086337 142.804068235 110.820989189 0 3.52770875446 140.85289044 112.520503146 -2.7916536
0 2.11983530833 104.980090351 98.9159579798 0 2.31560346821 99.0540373399 91.9385597857 1 2.44712504857 98.1973103857 90.9421560586 0 3.63793507474 106.596701205 100.849977377 1 3.73364273442 106.835321325 101.136755788 1 4.03980563805 109.89299061 104.844956141 1 4.05226886037 105.655880439 99.7226064106 0 4.57035895767 97.3750531872 89.9883750621 1 5.18160007664 111.157508305 106.398817025 -1.3630936
0 2.15132550408 89.0557787994 91.4605718866 0 2.28224452446 104.909216382 106.547097725 0 2.42310154399 79.6332315128 82.4002297373 1 2.50753069404 100.828513417 102.68866664 0 3.4143337826 109.79112836 111.131330129 1 3.48982643385 100.87356756 102.731378986 1 4.0786599517 103.286082028 105.014939893 0 4.10081452921 75.9598397824 78.8538586647 1 4.1220947594 111.717537155 112.928601543 -0.6889936
0 2.15093891789 70.1632906142 104.351241735 0 2.17764351397 49.2381361781 90.6472603128 1 2.3915254539 49.4603977659 90.8034564999 1 2.53577165778 69.3609816767 103.862929131 0 2.78310015852 45.9147547706 88.2788991847 1 3.64919467218 71.2847974933 105.028387344 0 3.92951242702 84.1635832847 112.29323814 0 4.41079257884 38.4800169601 82.6891236496 1 4.67101402685 67.3475917835 102.623586863 -1.0774736
0 1.79979173188 78.3575940923 105.975841589 0 2.18963341519 70.625443063 101.110218957 0 2.39501369501 35.5736494241 75.2208673969 1 2.50569393833 85.9956997695 110.46802214 0 2.51461435931 93.371781638 114.443983952 1 2.85967209151 103.760434824 119.280998819 1 3.34651234056 108.535617205 121.138303748 1 3.46074834636 99.003368238 117.190333394 1 3.67053845976 58.435069163 92.900645007 -0.9902136
0 2.20784755275 150.035465379 85.8092767788 0 2.24791395254 161.440173529 94.6334658357 1 2.48569632839 165.394741375 99.9278322135 1 2.4932963488 159.5726775 92.9610653887 0 3.64306852343 165.683425331 102.254066229 1 3.82238318512 156.812080539 90.7287876637 0 4.24938597976 150.235533531 85.9476398918 0 4.57977907925 162.458955725 95.6446489713 0 5.06714706087 162.240219506 107.739243512 -0.8665536
0 1.8360559269 98.6200721489 118.016657017 0 2.45473735882 34.3876710797 57.5371322781 0 2.53047547347 65.245847781 99.4376996497 0 2.6081830594 109.04554959 121.954822384 1 2.86311554768 111.457150455 122.6841399 1 3.25911806589 108.783836914 121.871245559 1 3.33591415838 115.254584363 123.676077247 0 3.49030476989 60.0676131657 96.0124243052 1 3.58031742872 98.4631018556 117.948572697 -0.7022836
0 2.2474402035 3.67970562999 90.7691710789 0 2.25087651912 16.5912840543 104.004165482 1 2.49085838613 20.039854246 106.496917369 1 2.58565701736 7.52428790107 97.1538607658 0 3.32343247419 14.0039149583 102.103667633 1 3.92197780687 22.5514507474 108.285454395 1 4.03488857211 40.7657149209 120.455733791 0 4.43358455528 3.20113719636 91.7990129491 0 4.45356203071 30.3382361996 113.67847462 -1.3144936
0 2.201786886 153.525697084 103.756736018 0 2.24674680938 158.976401852 99.0812269263 0 2.26383951443 169.821819246 81.1715223202 1 2.6007903076 157.193827378 100.639270236 0 3.58657317489 167.962245379 90.0967010791 1 3.87804341879 148.845328543 107.606605432 1 3.8814157428 148.263353202 108.07697229 0 4.05183896399 150.613843604 106.16640597 0 4.05416297454 147.154196068 108.968693843 -0.6204636
0 1.98938063477 162.958929497 82.6319449401 0 2.49452452398 108.381098024 52.35437884 0 2.49790245993 165.578062653 84.4528438237 1 2.52185695194 145.286028129 115.251352961 0 2.56980201321 149.037812462 113.059037015 0 2.58933425504 102.534804851 50.5758113773 0 2.59854861563 163.972144136 103.602869898 1 2.86387636044 145.551715845 115.098788208 1 2.94007900965 146.099630076 114.782834621 -0.2225336
0 2.18806645286 71.0234618827 100.446229781 0 2.47827344051 55.8080250188 89.9669256803 1 3.82886885575 83.8199779572 108.463778813 0 3.90566681878 53.2843388788 88.134894474 1 3.98430047126 71.9867573601 101.077316783 0 4.07195654733 80.8656476984 106.688189057 1 4.32875112464 57.1996459718 90.9649294537 0 4.37478663281 60.6561623369 93.4084873151 1 4.58472355396 75.9193632356 103.610016717 -1.8814436
0 2.28206197164 83.5704040127 86.5545003101 0 2.36751280686 81.2401337828 84.0698303224 1 2.64871845725 99.3055663744 103.1705393 1 2.65611591653 94.6591374603 98.2891365912 0 3.16369567413 88.2418238196 91.5142545579 0 3.46264430752 100.143037799 104.048339652 1 3.78758924826 87.2492407833 90.4625679251 1 3.83175079956 103.788307226 107.861832787 0 3.96264563072 83.4912554502 86.4702314052 -0.6843836
0 2.21540225329 137.409068629 95.7647539989 0 2.28441348982 127.625223482 88.6380235142 1 2.45240604645 130.339059855 90.5579176419 1 3.65150276353 131.413559056 91.328723991 0 3.70220917493 143.788152285 100.872205703 1 4.31547382227 135.519939441 94.3390279762 1 4.54542129472 148.350944709 105.073137021 0 5.33503672655 140.910056537 98.4986658185 1 5.63366098511 147.74816395 104.469142927 -0.8921536
0 2.14507769467 32.3639585895 104.516008311 0 2.27243064679 11.5598563781 90.0722703838 1 2.48850044737 34.5871867315 105.916777712 1 2.88888025075 19.745391585 96.1677698805 1 3.51240446533 55.9048446838 118.123981141 1 3.80669138764 33.476571217 105.219552335 0 3.88455046499 9.56297106423 88.2427299125 0 4.38498479715 61.7441434417 120.961614805 0 4.72275357567 42.133490588 110.512417508 -1.1837136
0 2.16277542673 113.805643775 126.466275951 0 2.18704833806 35.4389812769 60.8210361311 0 2.18859421189 27.8948865349 89.9529460656 0 2.22313114042 65.5795575814 113.151229841 1 2.68974062407 100.316688547 125.509382932 1 2.86415884451 105.387547495 126.164279297 0 3.64809534226 30.5044124005 63.1944701019 0 3.71691475756 116.189280822 126.369544366 1 3.74400729924 118.983924589 126.153166195 -1.1588136
0 1.73467404021 58.7744885017 85.8728407879 0 2.32605099859 65.810273722 91.1909548777 1 2.51850393053 66.2162869057 91.4924184424 0 2.78201116452 79.2331639746 100.843661492 1 2.86413403836 74.3376459208 97.4005506127 0 3.53826680363 64.8842178543 90.5012025656 0 3.67214903043 86.7086729482 105.902985646 1 4.5461511918 88.7288215168 107.223340286 1 4.76650556498 77.1713001541 99.4050727672 -0.8582836
0 2.11983531028 104.980090358 98.915957984 0 2.3156034701 99.0540373477 91.9385597902 1 2.44712504957 98.1973103963 90.9421560663 0 3.63793507624 106.59670121 100.849977379 1 3.73364273509 106.835321328 101.136755788 1 4.03980564014 109.892990612 104.844956141 1 4.0522688623 105.655880445 99.7226064137 0 4.5703589585 97.3750532005 89.9883750727 1 5.18160007908 111.157508308 106.398817026 -1.3670636
0 1.85273510211 32.9842389128 83.8689640831 0 2.786942601 68.750598849 107.530231644 1 3.07623120755 56.9394009482 100.469419419 0 3.1055954875 33.1520523325 84.0029095306 1 3.28034436754 66.0168317349 105.959402621 0 3.28910443989 72.8053295494 109.781959795 1 3.44368990642 63.6641957079 104.575759641 0 3.86009760816 40.8032717354 89.7246294711 1 4.06288265538 56.6693098329 100.300008078 -1.1510636
0 2.16816768646 42.4769811798 90.4642705127 1 3.35572083284 46.3412297344 93.1379291759 1 3.9606121825 45.3452039187 92.4570908231 1 4.1123372984 61.7844822318 103.074935104 0 4.37587489561 55.4642307366 99.1431224588 1 5.41545465428 59.8054579897 101.863999319 1 5.47540288742 68.6634749474 107.13158206 0 5.9793740266 39.9428729322 88.6582948791 0 6.1427404136 66.6741824121 105.983828068 -1.4976536
0 2.16883721681 152.120110524 115.022830297 0 2.17037549503 134.023374773 95.5109152335 0 2.28387489014 88.1701240733 65.9956536241 1 2.41574972309 151.761844929 117.465131077 1 2.50221466457 142.307750488 124.021926198 0 2.54363943798 96.6780959232 70.6365930009 1 2.7224720198 144.293823853 123.354084162 1 2.82863276266 147.939751705 121.581336095 0 3.39026597442 91.5933569359 67.8019496456 -1.2033236
0 2.23712210927 70.5933635766 88.7688255267 0 2.79278520556 83.0585951132 107.416780051 0 2.90554359338 77.5658943806 99.494279003 0 3.14584382161 72.8204729309 92.2983630779 1 3.88451618553 72.8314209747 92.3154405637 1 4.15503106534 81.7846625241 105.611236141 0 4.90938118476 72.7481151974 92.1854317686 0 4.92869849413 96.859189054 125.981545139 1 5.05999137433 82.8054291906 107.05936542 -1.4435436
0 2.19826515421 17.1216064107 86.1527200902 0 2.20392948493 47.5164089563 106.980390832 1 2.51111354749 37.633118328 100.931670204 1 2.71502661943 33.4997748733 98.2625714011 0 3.61482162961 17.9407793139 86.9051871719 0 3.86760807657 43.6585577908 104.674710517 1 4.07842762822 68.3962759389 117.98599474 1 4.58280495481 31.4931423544 96.9340926407 1 4.62870371019 69.0758459073 118.293302467 -1.3395736
0 2.21818605597 63.3674268723 101.859641802 0 2.27394275438 57.7535069118 87.0184678304 1 2.40867409418 59.3802303818 91.9572383395 1 2.62023138159 59.386981136 91.9762268827 1 3.21630309871 68.1556383926 111.746197672 0 3.90242266719 66.4560784276 108.400636431 0 4.08257661682 60.921127792 96.0577651574 1 4.34187226979 59.0609550926 91.0469610198 1 4.73649465656 61.4362588721 97.3406979695 -1.2771236
0 2.13736985212 60.1535382414 96.0398311776 0 2.18963481492 50.36849673 89.250048794 1 2.57103787877 72.5918421946 104.066360946 1 3.47386677752 66.1245058372 99.9788959146 1 3.81461895419 62.1316556972 97.361680062 1 3.84806004564 79.3020270837 108.086253857 1 4.14978674905 66.0926317643 99.9582775211 0 4.29723152954 52.1639592502 90.5290682438 0 4.41096736496 79.6044631617 108.261562211 -1.4144336
0 2.18586324939 23.3779638971 103.422177539 0 2.29309488544 29.3337785642 83.6494209151 0 2.2933322346 28.4295160599 85.0595416945 1 3.43625888799 25.2478201392 91.0524371062 1 3.73169227925 24.4948050395 92.9853414855 0 4.0604709207 23.9016438435 105.921362312 1 4.09496158694 25.8670698102 111.077226692 0 4.16033615201 36.3943245125 125.977968802 1 4.25669479493 30.5006704292 118.650163913 -0.8392436
0 2.14789670418 35.2427607617 106.571384438 0 2.16729194006 17.9564341219 95.1771031925 0 2.261694422 8.11648164845 86.9499143978 1 2.8027796348 35.4501775612 106.700382591 1 2.83983032856 21.7826031738 97.8228674095 1 3.32836565232 47.2068047396 113.687043444 0 4.32562283382 51.9844500742 116.313553617 0 4.51401551714 17.7211279665 95.0108982172 0 4.71525356947 57.3745518388 119.095276617 -1.2509636
0 2.14647690924 13.1709434129 87.4673770562 0 2.17410029857 19.4131470852 92.5674218186 1 2.84551042552 40.3390062961 106.37593935 1 3.58816213702 33.1766726935 101.907503827 0 3.70649137635 51.1990373385 112.684509821 1 3.80106914576 20.8007794006 93.5764636319 0 4.02231474907 34.8364122636 102.963331714 0 4.37164322682 58.8046728344 116.699290682 1 4.42555461535 20.6154288076 93.443059016 -1.0447936
0 2.20204378498 160.214844141 91.8183214525 0 2.32621745352 164.289466554 82.8300361825 1 2.54738834569 155.859072094 97.1806105438 1 2.72810175158 150.104052958 103.214377583 1 2.77793732951 157.823265908 94.9016462646 0 3.8151234064 151.827187426 101.477912856 0 3.86233967048 147.834343406 105.438191088 0 4.06300537998 162.179773636 88.7602320574 0 4.62859432815 155.117965119 98.0022965842 -0.9112736
0 2.26203367089 169.652360019 87.0500451001 0 2.29490874427 161.761911635 96.3971281931 0 2.40282000582 169.436349277 87.4968627029 1 2.62221594487 167.5645016 90.3202400333 1 2.70313252232 159.535802484 98.4363101588 0 3.7136818265 154.136043325 103.129906031 1 3.8297758503 157.833423583 99.9474950278 1 4.05664519421 157.364180047 100.358247027 0 4.23712147435 164.458061899 93.7779112029 -1.9932336
0 2.1318523368 29.5510856488 93.2148117992 0 2.54729013023 34.5354575812 119.358557525 1 2.87974428481 38.6252879345 125.711495489 1 3.81778741257 29.0574175814 95.5103941564 0 3.93228619684 63.0285576011 152.379913031 1 4.00518030547 29.6697521308 108.163878439 1 4.1054254847 71.187679508 158.011723259 1 4.3540358402 39.6183243351 127.100230788 0 4.67571325916 34.2686283064 81.8999682417 -0.5026536
0 2.13303864445 72.1145867116 98.03795057 0 2.15281993521 72.1125322666 98.0344924864 0 2.2874433247 64.354799758 83.8577363034 1 2.58097313021 68.8411735658 92.3630484411 1 3.30058540664 67.794149868 90.4666024864 0 3.3133767014 65.7562746806 86.6309908356 0 3.80177618666 82.816094608 114.846599462 1 3.84536051474 73.7102622109 100.690321542 1 3.89362091107 84.2264731067 116.924517031 -0.8851636
1 1.97028114857 114.884338369 96.1980315622 0 2.21907246539 111.703924062 90.3014078293 0 2.26036387193 108.728706323 85.1547109704 0 2.3066487538 119.275102358 105.445704742 0 2.6621525731 121.440857122 110.87458616 1 2.80822336678 122.833709334 114.962554019 1 3.23782975041 122.378919298 113.555083879 1 3.68084735814 113.254310148 93.1151320718 0 4.39963965215 123.625832125 117.651237615 -2.2556136
0 2.17142000224 124.301597354 114.848629236 0 2.19801499395 98.9372005116 91.5389846259 0 2.22569695447 99.6034686216 92.1371852881 1 2.60256904811 128.390720954 118.794971348 1 2.7300036867 99.3928839671 91.9480415213 0 2.99367337207 87.0300181337 80.9743763707 1 3.0699532762 129.660812111 120.048829843 0 3.30211872797 129.457340104 119.846772837 1 4.00362014438 126.054901563 116.526889835 -0.6645836
0 2.28795573252 141.104690898 88.1595131464 1 2.41828216975 140.513400725 92.1556271841 1 2.64341822203 139.403088149 96.8235930328 1 3.83303130811 138.330264985 100.221213116 0 3.92121964478 137.813668864 101.659200832 0 4.02674127052 139.640801522 95.9613464956 0 4.34029828678 138.8557676 98.6407748404 0 4.4157724426 140.322519738 93.1086799666 0 4.65088106029 141.163059306 87.5662995815 -1.1798036
0 2.14614282203 112.12231551 99.2878485905 1 2.62785991251 107.357659583 92.0053709614 0 2.66696863873 107.726621409 92.5528381302 1 3.72258487457 113.397567103 101.331190593 0 3.93813810786 113.123882673 100.888602453 1 4.4845231644 111.944304058 99.0062912082 1 4.49108981216 115.579020398 104.949911436 1 5.20823815379 108.339415709 93.4675259771 0 5.21012525963 116.598810886 106.705871992 -1.5941936
0 2.15877592683 130.54866322 96.5866197872 0 2.22463143583 135.437325172 100.442716426 1 2.52357130588 121.783034675 90.0384959697 1 2.63239977101 129.706317816 95.9397862785 0 3.40269298809 116.071407756 85.9530678309 1 3.47667718004 141.870836122 105.950777012 0 3.48593132334 119.222639748 88.1911324023 0 3.67795781346 137.325750975 101.992750978 1 4.0729394837 134.011672586 99.2976475708 -1.3636636
0 2.14734665707 13.496073568 87.8509419147 0 2.17903343832 19.4337170536 92.6431295911 1 2.86558362498 40.5684848446 106.568858268 1 3.55992660315 32.6845390457 101.64705808 0 3.72998029159 51.4028981167 112.848379122 1 3.82353913609 21.0093417381 93.7854046042 0 4.03228606284 34.9629523269 103.097877205 0 4.4041572054 59.1778818271 116.935765813 1 4.42324639129 20.7305360321 93.5854469337 -1.0449936
0 1.85267814411 32.9858194553 83.8692702095 0 2.78687325753 68.7478140645 107.52796821 1 3.07656614109 56.9392575146 100.468561082 0 3.10561252934 33.1557138105 84.0048710889 1 3.28057768761 66.0172466868 105.958939094 0 3.28911842496 72.8046880724 109.780959851 1 3.44369389403 63.6604439187 104.572808143 0 3.86003579944 40.8014729997 89.7224721298 1 4.06296113962 56.6680074755 100.298420115 -1.3019536
0 2.11857045009 12.0945454457 91.0083890197 1 2.46963570911 14.0553984941 92.5247737246 1 2.6254176162 31.7626685857 104.54329824 1 2.75440418128 27.0309709509 101.488162132 1 3.87221021089 15.0460099764 93.2606114418 0 3.9760510647 19.8404548909 96.6618702356 0 4.46791985745 7.1147803102 85.2937103524 0 4.49501263173 51.1969853823 116.047341481 1 4.95607711715 43.7556227099 111.867082919 -1.3138436
0 2.19956432959 155.342153509 105.912845895 0 2.23446390572 171.48729621 94.095584764 1 2.52042259925 168.696143242 96.2068829715 0 2.58110105503 175.547732774 85.5774017814 1 3.41247000035 150.151047862 109.5497604 0 3.52845091385 153.504305611 107.21006701 1 3.8709304327 147.104253152 111.641907247 0 4.23178167234 174.41165485 91.7815122147 1 4.58645966823 152.416131747 107.973308787 -0.7555136
0 2.15290588386 143.123592816 89.7205662443 0 2.28443915889 120.95342101 75.3757691526 0 2.3497479211 157.198613866 112.796571053 1 2.42221119488 156.124154085 100.398471878 0 2.62084359646 149.111821756 94.1691624421 1 2.66430429755 151.189318495 95.8381254488 1 2.76173392433 154.213986225 115.333392736 0 3.40641174204 155.085622362 114.681279986 1 4.08734707361 155.984100707 113.944294009 -1.1411036
0 2.14592116775 15.6736786121 94.131294593 1 3.13249154282 14.9225637286 99.2030386896 1 3.36668535445 16.4059717327 92.4432276359 0 3.83910465206 19.9221684092 109.391071664 1 3.84825725735 18.7137016383 107.816274702 0 3.88723070019 17.5396715563 90.4229652191 0 4.84721742349 15.3925628206 101.606764638 0 5.03409910777 19.6236722747 109.015686404 1 5.17004686372 14.9503005036 97.1021411159 -1.8291736
0 2.17741991166 21.3019665616 83.6431337371 0 2.26738702686 45.1947709799 100.820610481 0 2.35498733956 55.7027606455 107.128498406 1 2.43511424026 34.2143402646 93.6344930098 1 2.52943158763 35.2309081105 94.3293608293 1 3.27359657891 66.3914157816 112.935913085 0 3.64594509186 55.5755396181 107.055451907 1 3.89881023611 29.9372974277 90.6199057566 1 4.31315518195 77.4210196992 118.118880286 -1.1067036
0 2.18848518047 33.626042322 100.285695392 0 2.3606578656 34.595769908 90.8401402213 0 2.47209879057 35.0320518441 89.1029781151 1 2.67099853994 34.0478293812 93.692338449 1 3.69740135969 33.7118249392 101.964556647 0 3.92937580311 33.7993784984 102.957229803 0 4.25795890365 34.1387847345 93.1306124245 1 4.46984830638 38.1241289189 117.806121039 0 4.95358378627 37.8283625027 117.154606914 -0.9512136
0 2.17252906116 82.681862338 111.184993238 0 2.25824321829 66.7182079007 85.6425478137 1 2.61244817281 77.6782825284 103.727666764 0 2.74536423138 69.9745539859 91.3678746688 1 3.59740929828 86.0100751656 115.968319741 1 3.68437648938 71.4250409014 93.8029196398 0 3.75675710526 70.5421792824 92.3281310267 0 4.19145415413 85.9936705809 115.945052004 1 4.20037328036 86.2146258106 116.258199074 -1.6932036
0 2.15463657571 122.793683785 96.7127316394 0 2.26946124385 119.42838031 86.558593368 1 2.63596169459 123.138248375 97.9994181982 1 3.28777802616 122.593101525 95.9952663846 1 3.57047161212 122.277913275 94.9083819029 0 3.69232562982 120.142835511 88.4657171777 0 3.8221642201 120.864893238 90.5007671246 0 4.65908136207 123.991271602 101.57857679 0 4.93674682062 124.040260343 101.806772213 -1.4269936
0 1.90856193374 87.7824952892 89.4798912179 0 2.05738908105 101.296994013 102.567447692 1 2.4900509771 90.146848947 91.7770343881 1 2.9403466034 98.8138136937 100.171503251 0 3.41408762852 78.7359536908 80.667828948 1 3.50507341553 103.409421173 104.60172079 0 3.67034440853 105.692112345 106.795368653 0 3.97441913937 91.727644108 93.3113446659 1 4.11835639342 104.878572925 106.014146326 -1.1157336
1 2.06644708312 130.736933693 98.5119572091 0 2.32332568857 130.672072683 94.6567427669 0 2.35961431041 130.704916317 95.4800370684 1 3.18134627884 130.612379976 101.817585784 1 3.83501325106 130.71599931 99.5398644439 0 4.15418751771 130.300021309 105.322861702 1 4.4492356931 130.399501458 104.405828946 1 4.6607999652 130.683523887 100.462307417 0 4.68730945463 130.63654347 93.9652686653 -1.4115336
0 2.30807267217 169.946036244 99.0101173639 1 2.36845568062 162.944016536 106.235794788 0 2.38835436049 169.034255908 100.739901615 0 2.44427062502 145.403873635 76.9829300943 1 2.78138243123 170.081252566 98.486425216 1 3.07422062201 155.618322242 111.05030652 0 3.25045404038 153.506071694 112.313607747 0 3.78394114533 156.998031941 110.200143582 1 4.41400909639 165.290629754 104.450246967 -0.7552636
0 2.10696754855 132.664788548 113.688557574 0 2.13638189303 108.963546053 19.1152224829 1 2.38493163449 131.925155973 114.944778595 1 2.62696909793 134.291310668 110.808140649 1 2.64031275977 131.490640837 115.669402807 1 3.10111623993 129.626987979 118.6805483 0 3.25184016937 128.943300455 119.750873431 0 3.85149127397 129.140599919 119.443700208 0 3.88210538586 140.289744487 97.4044790245 -1.4994236
0 2.32000971915 103.798549431 88.0201412329 1 2.42330846039 111.301559769 94.0963185239 1 2.55775723244 109.642303085 92.7396806794 1 2.96276652801 126.103782095 106.586638558 0 3.38202909487 126.729372128 107.135760055 0 3.78168636777 124.769394821 105.423339878 1 3.80951281865 109.740259293 92.8195669309 1 3.94503285433 116.27929706 98.2119187611 0 3.97921919288 118.718465173 100.255838213 -1.3719736
1 1.90902280004 57.444848695 98.3526978818 1 2.43770206275 55.6867011473 92.6730268164 0 3.3926450557 57.0568525079 97.1928748572 0 3.46386491261 56.8857261096 96.6670470164 1 3.90155511895 63.6785169928 113.452760528 0 4.38487443645 54.7002379274 88.7902989409 1 4.52926967538 59.6688957728 104.34424124 0 4.58459157915 60.3770227058 106.077995499 0 4.80545402309 67.839878887 121.671852714 -1.5326036
0 1.64315493849 170.759702863 98.4445687633 1 2.32843526837 169.951296234 99.0293668966 1 2.4537440605 173.688806917 96.1895347279 1 2.97899765377 170.03964711 98.9659222871 0 3.06104412575 159.515432129 106.110667188 1 3.49751878537 154.666575955 109.224243271 0 3.65615283336 169.487586942 86.1457762718 0 3.93416226381 165.523573944 102.11187473 1 4.05217517222 153.267550927 110.103840152 -1.5389936
1 1.90811901935 57.3880796904 98.3756386942 1 2.43786990389 55.6272291062 92.6671708829 0 3.39064881885 56.9912417797 97.1856955457 0 3.46554188909 56.8317702644 96.6941170411 1 3.90372775368 63.6355952953 113.527113115 0 4.38494940536 54.6475044923 88.7905531953 1 4.52781451156 59.6146990479 104.38557993 0 4.58753076569 60.3143813468 106.10130819 0 4.80730837459 67.8171992536 121.786417912 -1.5283136
0 2.15371973874 122.85045946 96.6263558448 0 2.26552443116 119.520623382 86.5264121707 1 2.62615961028 123.19019191 97.9021609532 1 3.28973701376 122.650509222 95.9071898751 1 3.58502483582 122.335503101 94.8153436042 0 3.70559245981 120.22131578 88.4056206288 0 3.81742870362 120.923664985 90.3931394086 0 4.65245260567 124.039899041 101.490464397 0 4.94642715299 124.091799495 101.734167835 -1.4292736
0 2.24249807864 37.1410164444 88.924897353 1 2.86246817645 36.8284972647 105.907037864 0 3.62392178366 36.1645690425 95.7461080813 0 3.83998624206 38.2692337083 84.7466708434 1 3.98051866342 36.7490405578 90.8729642138 0 4.16686379592 37.6082683279 109.321476455 0 4.74035057399 38.2037703095 84.9559485608 1 5.09676289962 36.3079041033 102.354337959 1 5.23400449128 37.2014714165 107.685751476 -0.5372336
0 2.24654760834 84.2663168352 98.8812312325 0 2.25094480916 62.622157414 81.5944473195 1 2.52951664857 76.9004520724 93.1494289366 1 2.854476056 85.1417408766 99.5507876435 0 3.40241296737 65.042425459 83.5941090816 0 3.67491627832 68.0997927142 86.0951805807 0 3.99203631258 72.4443336672 89.6042663286 1 4.16188397729 87.9698566335 101.695082924 1 4.41290742933 93.4323251888 105.747218818 0.3599864
0 2.22215897831 173.056860249 96.9195504266 0 2.26021102254 172.823829195 97.1300482242 0 2.30728013683 175.117348913 93.0320230239 1 2.82259749721 165.885698783 102.331275292 1 3.24758712759 165.358410146 102.69310495 0 4.04216918164 159.313450854 106.70587622 1 4.17891797783 156.464393738 108.527520523 1 4.25125781361 174.737512715 95.0163753763 0 4.99428973218 156.665708828 78.4572615308 1.0402564
0 2.21036259355 14.721450076 98.3892940711 1 2.45533307935 18.9745528789 101.292491767 1 2.46910578839 7.73555393246 93.5058566649 1 2.6618222333 33.123619278 110.59477946 1 3.10680582364 4.97896154204 91.4777807684 1 4.0862334339 8.59870662426 94.1213681206 0 4.14508142834 47.3932141651 119.138641566 1 4.35155045634 37.5869533797 113.37949528 0 4.46290348436 4.53847465205 85.6748638105 -1.2134136
0 1.81645314508 119.022663304 87.2044195204 0 2.93217748761 122.834735945 98.6729291188 0 3.52561300035 120.821010226 92.0987462235 0 3.89791324428 121.493393021 94.1262810359 0 4.36215209263 123.501572103 101.310883699 0 4.61283873795 123.913214904 103.138523955 1 5.14920301186 121.543332504 94.2824424746 1 5.22185962383 123.279751014 100.395425613 1 5.31335586406 121.44476958 93.9750320494 -1.4717036
0 2.17872159724 28.9450935847 92.7847701773 0 2.2285323969 40.3844737829 100.403136772 0 2.26233873032 19.7946169664 85.6695618077 0 2.88179752997 60.1145076485 111.942216481 1 3.27347067354 40.9320876675 100.749594898 1 3.68774358929 60.4096429639 112.098651287 1 3.81503631215 33.9905115722 96.2440480176 1 3.86210358427 73.3181032851 118.348397145 1 4.1544188877 34.5906736975 96.6439896924 -1.0240536
0 2.16029082283 76.3482302125 117.034194928 0 2.23066335321 60.2729683638 84.9627399045 0 2.32204918531 61.6285405577 88.4539078339 1 2.46123478647 63.4018613531 92.6308147212 0 2.51361397136 65.8707523044 97.9386567572 1 2.83746753318 79.2885295471 121.821333628 1 3.593716302 86.1844846928 132.427954719 0 3.71886333869 79.1578311775 121.612227379 1 3.78023833089 66.2993040412 98.8141721307 -1.0526136
0 2.1695086096 30.2841104835 88.5545214471 0 2.19132147759 30.0848628489 89.0419772172 1 2.19922200156 27.9559594348 96.694661459 1 3.99629601793 28.6482661947 93.3313355593 0 4.16445997976 27.7140966985 102.011884523 1 5.06778952086 27.7521582496 102.585919783 1 5.19126804998 35.15939628 121.492110187 1 5.36337964182 29.4909807312 90.6131682379 0 5.55689720473 32.2813247197 84.3349087174 0.2567764
0 2.26489673836 143.323888985 100.067228044 0 2.37085631089 148.126817131 88.5741350652 1 2.52486219769 146.591849662 93.1670544402 0 3.17138702078 145.574905494 95.5677416066 1 3.74820348021 141.741483073 102.838218135 1 4.29787014252 140.789599414 104.403404525 0 4.51977760456 149.274051955 77.9523617881 0 4.58154348248 141.638266695 103.011178169 0 4.78694872887 139.137084397 106.984800653 -0.5341136
0 1.9859870227 49.43361419 90.3144269367 0 2.03545396776 60.3381739126 97.7358281436 1 2.89302687242 60.115302585 97.5894453455 1 3.30788233789 65.3662641424 100.980277814 1 3.71237730347 73.5272769535 105.995404997 1 3.97020254139 52.00131674 92.1115333767 1 4.00907560958 57.3256050197 95.7389072044 0 4.4843839979 60.7404956427 97.999527632 0 4.86384912729 67.1425923946 102.099271382 -1.2710636
0 1.9715329746 154.532908084 96.3893844166 0 2.54896699294 157.839917476 99.6059741221 1 2.5562875529 146.637377547 90.1978020105 0 2.67873073257 161.082366079 106.480173396 1 2.91257521614 146.831813464 90.3387630717 0 3.49488086567 159.210900978 110.691557446 1 4.1439639463 160.85197583 107.765355228 1 4.15381903802 149.451873498 92.2805739256 0 4.37747448151 131.359325563 79.956804203 -1.0241936
0 2.20702730377 152.106418736 97.4210465715 1 2.51801583674 145.366062749 92.0721852559 0 3.3571736353 138.514894135 87.2081407195 0 3.37896243857 157.217352473 102.694469957 1 3.83349689286 142.728844296 90.1544933916 1 3.99014851807 153.532956472 98.7036779429 0 4.1183088887 154.497670238 99.6274912146 0 4.66951675298 158.123624323 104.057829118 1 5.18244925175 159.294388818 107.554588164 -1.6027336
0 1.80552553845 179.241328325 89.6553277165 1 2.40112815117 171.889145431 95.2494849227 0 2.44506420493 168.809195877 97.4399773824 1 3.26154266903 159.010210344 104.308106417 0 3.76910579456 168.787727417 97.4551994883 0 3.81798917865 178.525110585 88.5761030977 0 4.11939596896 154.24148435 107.574636526 0 4.44584476923 157.892727245 105.07892699 1 5.01509379582 163.847397718 100.939524894 -1.3326636
0 2.23011311693 136.337968413 93.572745825 1 2.83475549448 135.909668991 96.7790145496 1 3.30148997683 134.941290947 101.546651519 0 3.3149759226 134.73798148 102.360260409 0 3.42050398116 136.583970782 90.2840227061 0 3.83310108134 136.624386809 86.6628933918 1 3.90903294192 136.350648408 93.4504627613 1 4.82544647733 136.113445471 95.4212441148 1 5.03560781306 134.828869482 102.001862796 -2.3974836
1 1.80133143603 22.1415433446 96.8455805474 0 1.80637895305 10.9637706901 88.3243989767 0 2.24941527564 34.5453022325 104.963278765 1 2.52261859713 21.0328408872 96.0817681891 1 3.23912088858 28.1995102501 100.897059383 1 3.29516438858 43.9977292521 110.696297489 0 3.40681427115 55.6123133899 117.097625616 1 3.95262648984 32.5714849246 103.716589295 0 4.02446437136 8.21214199208 83.2939963751 -1.5690336
1 1.90823277689 57.3859969433 98.3778568523 1 2.43801336221 55.6249359744 92.6680674793 0 3.3906657702 56.9890260566 97.1874146173 0 3.46560803813 56.8296722827 96.6961540412 1 3.90401223427 63.6341360873 113.531273706 0 4.38487842643 54.6452503341 88.7908340184 1 4.52779322799 59.611620657 104.385652577 0 4.58763345223 60.3119300887 106.103055152 0 4.80714496895 67.8141952448 121.787687406 -1.5184136
0 2.15272735405 123.112158743 96.7207444263 0 2.26782962258 119.824994474 86.5190437848 1 2.6341135712 123.439177831 97.9903071446 1 3.28612547435 122.917963853 95.9999534881 1 3.56850977472 122.59694463 94.8547937859 0 3.69441094258 120.512650805 88.3955854191 0 3.81751898489 121.216996323 90.4282450356 0 4.6345746756 124.262146689 101.604662774 0 4.93793297956 124.307895605 101.829349199 -1.0279236
0 1.83029958207 69.4641887034 77.1002734084 1 1.87469468927 118.540579218 134.923747231 0 2.41759850968 129.000430341 140.982105535 0 2.41999899212 66.3526891962 72.8629409584 1 2.98101286382 94.0586201884 107.688965057 0 3.14425718306 129.809606261 137.458994557 1 3.50896296833 129.608763537 140.112321443 0 3.53952222751 128.801636902 141.113247576 1 3.90765446742 129.010301261 133.857625667 -1.1703836
0 2.14247568063 91.9182377738 86.1780908529 0 2.19383691877 118.665625243 110.802628559 0 2.30604583614 92.1434622729 86.3812313878 0 2.396713793 83.7117888542 78.8368793686 1 2.56731999029 105.974675896 98.9935447549 1 2.89879626568 124.69765586 116.545200655 1 3.58961979342 134.138326964 126.07848227 1 3.71606667165 97.7148474863 91.4304794141 0 3.76629611149 134.384861016 126.351430606 -0.5973836
0 1.67604013934 99.7638529984 101.319994895 0 1.76481751114 80.4762632128 81.5809980712 0 2.11244402965 89.154401687 90.4818011036 1 2.43775191946 101.982478206 103.581439658 1 2.73941418353 98.9829381388 100.523608005 1 3.10455263788 128.999422351 130.842798573 1 3.38764750519 102.123064399 103.724682099 1 3.486955774 132.032033347 133.761627509 0 4.09033033595 121.454233213 123.328287567 -1.2303736
0 1.95225395812 111.095236359 94.5499270071 1 2.14453039212 120.837651547 102.738575433 0 2.29686172353 96.4746553107 82.7484157004 1 2.30627118762 110.254598103 93.856086052 0 2.32734651867 105.567079107 90.0206650457 1 3.28552923937 135.814130544 116.370654505 1 3.48330048448 125.88141472 107.11666764 1 3.49865381544 134.649527446 115.204315804 1 3.74240415651 107.939793527 91.9549854768 -0.8927236
0 1.97651966043 26.22683589 86.6497372814 0 1.98065042863 43.4091784942 98.682394835 1 2.57334773314 33.4784489416 92.0397172224 1 2.68818882677 32.1711361733 91.114381108 1 3.39045346413 48.7576338369 102.040982687 1 3.95722961921 35.0973420345 93.1658575167 0 4.7166837153 39.7131366506 96.2780596548 1 4.88769526316 45.3868390782 99.9404412927 0 5.41138064031 26.3244068936 86.7278006866 -0.7416636
0 2.2650504102 126.240432623 108.792799025 0 2.28419612013 120.440633868 82.955970025 0 2.30465487166 119.632031429 80.8453044527 0 2.5092692396 124.306675909 95.6226607308 1 2.62201701614 122.940856155 90.4371530031 1 3.34136686915 126.039785942 106.152345716 0 3.85857254031 126.193922809 108.051914099 1 3.91400535257 126.330382709 110.891991647 0 4.12760339003 126.357180214 112.497599095 -1.0479536
1 1.97030189639 35.2367270372 103.235382449 0 2.06720764754 34.9848806215 99.7384722499 1 2.61307986666 35.2532552182 94.0843892905 0 3.34366920092 36.037870835 89.6382944075 0 3.78382555791 36.1913422166 88.9951649168 1 3.89342680581 35.126662363 102.173446697 1 3.96668064389 49.8443260181 135.596034669 0 3.99864430445 52.4268951633 139.211740565 0 4.38492540156 41.6137482764 122.223084168 -1.0332536
0 1.7209321213 168.53032713 101.457521885 0 2.11948802849 158.888440776 85.337796934 0 2.65121186102 159.78740271 108.23246485 0 2.82549377831 158.966926371 108.766590572 0 3.45125140988 154.022211169 111.825039448 1 3.60085644939 148.778225051 114.82216862 0 4.23657352756 170.142535116 95.379700636 1 4.31158388752 153.691450265 112.021079967 1 4.73830875352 147.440509528 115.549955767 -1.7083436
0 2.34789979808 49.3403255227 100.049282086 0 2.42337702907 31.9082039881 88.2399761508 0 2.45283810645 26.1450685214 83.6494880625 1 2.50696171325 37.0874034023 91.9634899515 1 3.23471359228 48.9380363503 99.7961099294 0 3.94167789093 32.6008025497 88.7536739542 1 4.09688044871 49.9146498848 100.409381715 0 4.35345206422 50.9716641762 101.068015021 1 4.35417319449 64.5097721708 109.012930287 -1.1091436
0 2.15929638462 113.6188988 89.4964684496 0 2.18431597447 112.101990373 88.3570472897 0 2.22926703988 141.883699024 113.237006476 0 2.28520246053 97.9825042773 78.1402171808 1 2.44253413318 135.621749873 107.181340509 1 2.98924086724 141.518438587 112.842728797 1 3.3270304115 142.698463457 114.149961354 0 3.53586377628 94.1879985494 75.5294726427 0 3.54465674992 146.525869178 122.703428163 -0.8970036
1 2.02981789611 25.1324612583 99.129614247 0 2.32735272851 23.8340406721 98.2589573866 1 2.63755109984 18.1708003003 94.3403156595 0 3.88585352084 36.9865838323 106.734408595 1 3.91311938753 19.7115768204 95.4300389209 1 3.96947792847 42.3917712735 110.000800508 1 4.71000173175 42.2220404395 109.900317655 0 4.71415104373 11.7150651426 89.3523202912 1 5.39200227461 26.0757278744 99.7569436744 -1.2633536
0 2.15598216588 131.094170826 138.857174585 0 2.19453708732 69.3654041541 73.9287268691 0 2.24910999695 96.9265524053 105.706300547 0 2.2615598134 122.135199253 132.61821861 1 2.46231749761 131.245810099 136.220650559 1 3.44695042526 126.117410901 136.236633577 0 3.55580121767 74.9059418586 80.5628181759 1 3.60494779307 125.76969393 135.943831941 0 3.84977177341 130.71468521 134.763935427 -1.3475336
0 2.1384557653 142.188871148 98.4101379052 0 2.14465566367 125.059988772 85.904413394 0 2.21125088385 149.70850586 105.183518064 1 2.59393956447 154.010847198 112.262156741 1 3.77921108553 143.849743948 99.7713234753 1 3.83641600971 151.327448095 118.643000979 0 3.85818716848 151.329622227 118.64106548 1 3.93725428772 141.075454816 97.521737706 1 4.44005159664 148.143768163 120.848582593 -0.5993836
0 2.31167307935 87.42189756 91.2754515877 0 2.42750065935 95.7855842951 100.191329577 0 2.49836208043 82.2957880925 85.7653903905 1 2.54584450375 89.983184141 94.014735217 1 3.99922711305 94.8522170193 99.2003135161 0 4.13618296165 97.6079112728 102.123522942 1 4.17574695079 87.3959747263 91.2476833352 0 4.35159122565 89.2701256134 93.252965581 1 4.37286282285 108.61233026 113.713480488 -1.1543436
0 2.24590162186 151.90541729 99.7450722323 0 2.27117855945 138.047707674 88.9721968434 1 2.85224244144 153.858928226 101.675522767 1 3.39176270569 143.776141306 93.1034035534 1 3.63757073634 150.453993379 98.438250089 0 4.03753251757 131.928445882 84.803850225 1 4.10835189777 157.782619675 107.956588701 1 4.34919801556 157.907003071 108.743157236 0 4.45788220366 149.61941014 97.7201579506 -0.9211836
0 2.26987069431 31.4204636776 86.1898518845 1 2.58450366927 43.4632858306 94.7644552636 0 2.70188875333 52.9671059738 100.889981656 1 3.08476305719 46.1985294765 96.5731598543 0 3.32792651285 30.309207145 85.3183187525 0 4.15822099355 45.2244514365 95.9335074482 1 4.51375330129 40.8378126867 92.9896395462 0 4.98781461468 68.2247833603 109.790419935 0 5.55294243175 32.7079841625 87.1748509057 -1.6358136
