4.68371676597 0.287146621181 -1.5916236
3.15951308006 0.0622770216495 -1.4322636
2.24203907951 0.0795843719607 -1.0479536
1.94314084137 0.255343305961 -1.0332536
2.05070323183 0.525316536697 -1.7083436
1.86888639441 0.0392510799557 -1.1091436
2.09568416795 0.169486346002 -0.8970036
2.68174924027 0.0463925881912 -2.1686336
3.07510366452 0.000412947906291 -1.3184336
2.37231909342 0.0936746825066 -1.0658136
1.82542831895 0.144720449631 -1.4540536
1.87699821291 0.152388179594 -0.8344036
2.2920821519 0.138599335917 -1.2923336
2.28209422021 0.0956904255751 -2.7916536
2.23954988702 0.0686587868675 -1.8814436
1.90066584161 0.0878630432863 -0.8921536
2.79940514185 0.119423484346 -1.1837136
2.13255687101 0.191347207766 -1.1588136
2.95877590189 0.26033168133 -0.8582836
2.82818965082 0.1308638716 -1.3670636
2.43046410871 0.123735876298 -1.0447936
1.87927300452 0.152126550792 -0.8360236
1.68760563441 0.0724911620766 -0.9112736
1.7259166003 0.0670963554028 -1.9932336
2.23341781274 0.181718622445 -0.8851636
2.03496380229 0.0768598528755 -2.2556136
2.14941160382 0.0396237366867 -1.1798036
3.53877270324 0.17275096879 -1.3475336
2.8281896483 0.130863873337 -1.3630936
2.2985197974 0.138826190948 -1.1510636
2.85077255114 0.175207621199 -1.2509636
2.18289209043 0.0879462228549 -1.5941936
1.3246912644 0.0809808158509 -1.8291736
2.00201561834 0.180005217649 -1.4994236
2.4938219813 0.0625374896003 -1.6027336
2.29312279591 0.112019561228 -1.1067036
2.27118960247 0.0871670354716 -0.9512136
2.21483319187 0.103140938374 -1.6932036
2.64245728251 0.113484398098 -1.4269936
1.70902177591 0.205671584184 -1.1157336
1.39351165453 0.1110275316 -1.4115336
2.15624304394 0.0696721204193 -1.2134136
3.57039312757 0.226492871251 -1.4717036
2.40982327348 0.126528375922 -1.0240536
1.41470792141 0.135992370135 -1.0526136
3.00378308638 0.19422511437 -1.2710636
2.46917406851 0.112181870448 -1.0241936
1.45099770562 0.0401084239683 -1.1543436
2.12932513886 0.071078775611 -0.9211836
2.1849364526 0.746516353359 -1.9762436
1.34938053249 0.0257316551036 -1.6358136
2.28627317248 0.134614314514 -1.2985536
2.82070704271 0.174456431685 -1.3860736
2.37910110514 0.138366389456 -1.4347136
3.10931928454 0.145642995728 -1.0774736
4.16593411923 0.496641143791 -0.9902136
2.57059983224 0.0904831321975 -0.8665536
1.66701253133 0.108558563388 -0.9923836
2.07491632284 0.0837896759753 -1.3144936
1.81747851114 0.0684086635188 -1.4976536
4.02049035758 0.14178524567 -1.2033236
3.17069280083 0.0400257206609 -1.4435436
2.59107655908 0.100733365296 -1.3395736
2.09123165162 0.0833273855011 -1.2771236
1.53182766429 0.138630383741 -1.4144336
1.75619473538 0.104023585714 -0.8392436
2.16783671367 0.12577113593 -1.3636636
2.45311881877 0.122459821848 -1.0449936
2.86602469977 0.0974245369861 -1.5707636
2.29859674941 0.13889027054 -1.3019536
2.78200435275 0.107557563932 -1.3138436
1.55050281937 0.103248197995 -1.1411036
2.05823745686 0.0331315870445 -1.3719736
2.65492086086 0.218160583695 -1.5326036
2.20839588366 0.707083082424 -1.5389936
2.65551901286 0.220065041249 -1.5283136
2.64654881394 0.115016363401 -1.4292736
5.26588096613 0.140391657405 -0.9548536
3.71984369874 0.0799098647256 -2.4888536
2.24344236007 0.108769100015 -1.3326636
2.96045064485 0.00750928499585 -2.3974836
2.77940096019 0.353110893844 -1.5690336
2.65553155665 0.219958721094 -1.5184136
2.6302682702 0.11492460988 -1.0279236
2.72660808616 0.260068644964 -1.1703836
2.49704198004 0.676820967421 -1.2303736
2.51592037123 0.136199917762 -0.8927236
