    -13.112  0.0000E+00  0.0000E+00
    -13.042  0.0000E+00  0.0000E+00
    -12.973  0.0000E+00  0.0000E+00
    -12.904  0.0000E+00  0.0000E+00
    -12.834  0.0000E+00  0.0000E+00
    -12.765  0.0000E+00  0.0000E+00
    -12.696  0.0000E+00  0.0000E+00
    -12.626  0.0000E+00  0.0000E+00
    -12.557  0.0000E+00  0.0000E+00
    -12.488  0.0000E+00  0.0000E+00
    -12.418  0.0000E+00  0.0000E+00
    -12.349  0.0000E+00  0.0000E+00
    -12.280  0.0000E+00  0.0000E+00
    -12.210  0.0000E+00  0.0000E+00
    -12.141  0.0000E+00  0.0000E+00
    -12.072  0.2627E+01  0.5691E-01
    -12.002  0.3343E+01  0.2879E+00
    -11.933  0.3111E+01  0.5052E+00
    -11.864  0.3181E+01  0.7196E+00
    -11.794  0.3527E+01  0.9535E+00
    -11.725  0.3318E+01  0.1195E+01
    -11.656  0.3417E+01  0.1428E+01
    -11.586  0.3571E+01  0.1670E+01
    -11.517  0.8371E+01  0.2136E+01
    -11.448  0.4702E+01  0.2599E+01
    -11.378  0.7079E+01  0.3005E+01
    -11.309  0.1003E+02  0.3549E+01
    -11.240  0.1142E+02  0.4389E+01
    -11.170  0.4833E+01  0.4839E+01
    -11.101  0.6683E+01  0.5192E+01
    -11.032  0.7969E+01  0.5706E+01
    -10.962  0.7154E+01  0.6246E+01
    -10.893  0.8920E+01  0.6796E+01
    -10.823  0.9867E+01  0.7702E+01
    -10.754  0.1153E+02  0.8519E+01
    -10.685  0.1954E+02  0.9490E+01
    -10.615  0.1104E+02  0.1041E+02
    -10.546  0.1032E+02  0.1116E+02
    -10.477  0.1322E+02  0.1189E+02
    -10.407  0.1580E+02  0.1268E+02
    -10.338  0.2171E+02  0.1435E+02
    -10.269  0.1141E+02  0.1548E+02
    -10.199  0.1422E+02  0.1617E+02
    -10.130  0.1039E+02  0.1695E+02
    -10.061  0.1905E+02  0.1782E+02
     -9.991  0.1892E+02  0.1913E+02
     -9.922  0.1512E+02  0.2038E+02
     -9.853  0.1284E+02  0.2133E+02
     -9.783  0.1074E+02  0.2217E+02
     -9.714  0.5197E+01  0.2263E+02
     -9.645  0.4296E+01  0.2296E+02
     -9.575  0.3674E+01  0.2324E+02
     -9.506  0.3253E+01  0.2347E+02
     -9.437  0.3961E+01  0.2372E+02
     -9.367  0.2316E+01  0.2394E+02
     -9.298  0.0000E+00  0.2400E+02
     -9.229  0.2270E+01  0.2402E+02
     -9.159  0.5054E+01  0.2432E+02
     -9.090  0.4845E+01  0.2466E+02
     -9.021  0.5720E+01  0.2503E+02
     -8.951  0.7599E+01  0.2548E+02
     -8.882  0.1016E+02  0.2607E+02
     -8.813  0.2107E+02  0.2698E+02
     -8.743  0.9360E+01  0.2815E+02
     -8.674  0.7358E+01  0.2868E+02
     -8.605  0.9959E+01  0.2922E+02
     -8.535  0.7951E+01  0.2984E+02
     -8.466  0.6265E+01  0.3032E+02
     -8.397  0.1207E+02  0.3090E+02
     -8.327  0.1081E+02  0.3171E+02
     -8.258  0.1116E+02  0.3247E+02
     -8.189  0.1335E+02  0.3330E+02
     -8.119  0.1529E+02  0.3427E+02
     -8.050  0.2046E+02  0.3533E+02
     -7.981  0.2025E+02  0.3657E+02
     -7.911  0.2420E+02  0.3794E+02
     -7.842  0.1944E+02  0.3989E+02
     -7.773  0.3229E+02  0.4168E+02
     -7.703  0.1673E+02  0.4340E+02
     -7.634  0.4953E+02  0.4564E+02
     -7.565  0.2626E+02  0.4727E+02
     -7.495  0.2237E+02  0.4875E+02
     -7.426  0.2159E+02  0.5055E+02
     -7.357  0.1041E+02  0.5157E+02
     -7.287  0.2112E+02  0.5285E+02
     -7.218  0.1147E+02  0.5374E+02
     -7.149  0.9626E+01  0.5457E+02
     -7.079  0.8906E+01  0.5522E+02
     -7.010  0.6727E+01  0.5575E+02
     -6.941  0.0000E+00  0.5600E+02
     -6.871  0.0000E+00  0.5600E+02
     -6.802  0.0000E+00  0.5600E+02
     -6.732  0.0000E+00  0.5600E+02
     -6.663  0.0000E+00  0.5600E+02
     -6.594  0.0000E+00  0.5600E+02
     -6.524  0.0000E+00  0.5600E+02
     -6.455  0.0000E+00  0.5600E+02
     -6.386  0.0000E+00  0.5600E+02
     -6.316  0.0000E+00  0.5600E+02
     -6.247  0.0000E+00  0.5600E+02
     -6.178  0.0000E+00  0.5600E+02
     -6.108  0.0000E+00  0.5600E+02
     -6.039  0.0000E+00  0.5600E+02
     -5.970  0.0000E+00  0.5600E+02
     -5.900  0.0000E+00  0.5600E+02
     -5.831  0.0000E+00  0.5600E+02
     -5.762  0.0000E+00  0.5600E+02
     -5.692  0.0000E+00  0.5600E+02
     -5.623  0.0000E+00  0.5600E+02
     -5.554  0.0000E+00  0.5600E+02
     -5.484  0.0000E+00  0.5600E+02
     -5.415  0.0000E+00  0.5600E+02
     -5.346  0.0000E+00  0.5600E+02
     -5.276  0.0000E+00  0.5600E+02
     -5.207  0.0000E+00  0.5600E+02
     -5.138  0.0000E+00  0.5600E+02
     -5.068  0.5551E+01  0.5625E+02
     -4.999  0.4256E+01  0.5659E+02
     -4.930  0.4448E+01  0.5688E+02
     -4.860  0.6490E+01  0.5731E+02
     -4.791  0.7272E+01  0.5777E+02
     -4.722  0.8776E+01  0.5831E+02
     -4.652  0.1090E+02  0.5899E+02
     -4.583  0.2434E+02  0.6019E+02
     -4.514  0.1519E+02  0.6113E+02
     -4.444  0.2571E+02  0.6232E+02
     -4.375  0.1736E+02  0.6412E+02
     -4.306  0.2475E+02  0.6577E+02
     -4.236  0.2560E+02  0.6784E+02
     -4.167  0.1205E+02  0.6908E+02
     -4.098  0.6234E+02  0.7024E+02
     -4.028  0.2986E+01  0.7210E+02
     -3.959  0.1427E+02  0.7252E+02
     -3.890  0.3946E+02  0.7459E+02
     -3.820  0.1111E+02  0.7652E+02
     -3.751  0.4355E+02  0.7798E+02
     -3.682  0.1736E+02  0.7995E+02
     -3.612  0.2651E+02  0.8159E+02
     -3.543  0.2565E+02  0.8385E+02
     -3.474  0.3318E+02  0.8614E+02
     -3.404  0.2076E+02  0.8721E+02
     -3.335  0.6039E+01  0.8792E+02
     -3.266  0.3046E+02  0.8948E+02
     -3.196  0.3463E+02  0.9205E+02
     -3.127  0.3093E+02  0.9469E+02
     -3.058  0.1550E+02  0.9613E+02
     -2.988  0.2853E+02  0.9805E+02
     -2.919  0.2289E+02  0.1003E+03
     -2.850  0.3350E+02  0.1020E+03
     -2.780  0.3169E+02  0.1038E+03
     -2.711  0.3264E+02  0.1053E+03
     -2.642  0.3916E+02  0.1071E+03
     -2.572  0.2890E+02  0.1090E+03
     -2.503  0.3128E+02  0.1119E+03
     -2.433  0.3198E+02  0.1139E+03
     -2.364  0.4739E+02  0.1161E+03
     -2.295  0.2651E+02  0.1188E+03
     -2.225  0.4182E+02  0.1209E+03
     -2.156  0.1394E+02  0.1241E+03
     -2.087  0.6115E+02  0.1280E+03
     -2.017  0.6746E+02  0.1301E+03
     -1.948  0.4954E+02  0.1330E+03
     -1.879  0.5107E+02  0.1376E+03
     -1.809  0.5125E+02  0.1418E+03
     -1.740  0.4875E+02  0.1473E+03
     -1.671  0.5140E+02  0.1513E+03
     -1.601  0.8613E+02  0.1549E+03
     -1.532  0.5280E+02  0.1596E+03
     -1.463  0.6823E+02  0.1621E+03
     -1.393  0.4961E+02  0.1662E+03
     -1.324  0.6162E+02  0.1695E+03
     -1.255  0.2938E+02  0.1730E+03
     -1.185  0.3973E+02  0.1754E+03
     -1.116  0.5065E+02  0.1798E+03
     -1.047  0.2083E+02  0.1841E+03
     -0.977  0.5662E+02  0.1880E+03
     -0.908  0.8204E+02  0.1939E+03
     -0.839  0.7133E+02  0.1995E+03
     -0.769  0.7473E+02  0.2056E+03
     -0.700  0.7293E+02  0.2114E+03
     -0.631  0.1105E+03  0.2179E+03
     -0.561  0.7239E+02  0.2239E+03
     -0.492  0.3048E+02  0.2291E+03
     -0.423  0.9013E+02  0.2336E+03
     -0.353  0.6073E+02  0.2385E+03
     -0.284  0.9783E+02  0.2465E+03
     -0.215  0.9706E+02  0.2514E+03
     -0.145  0.7875E+02  0.2569E+03
     -0.076  0.8317E+02  0.2640E+03
     -0.007  0.9806E+02  0.2703E+03
      0.063  0.7173E+02  0.2777E+03
      0.132  0.1631E+03  0.2843E+03
      0.201  0.1580E+03  0.2915E+03
      0.271  0.6135E+02  0.2978E+03
      0.340  0.1605E+03  0.3039E+03
      0.409  0.5524E+02  0.3108E+03
      0.479  0.1507E+03  0.3166E+03
      0.548  0.9282E+02  0.3243E+03
      0.617  0.7371E+02  0.3310E+03
      0.687  0.9667E+02  0.3377E+03
      0.756  0.1024E+03  0.3437E+03
      0.825  0.6082E+02  0.3515E+03
      0.895  0.8353E+02  0.3567E+03
      0.964  0.7660E+02  0.3626E+03
      1.033  0.9473E+02  0.3684E+03
      1.103  0.3613E+02  0.3735E+03
      1.172  0.7290E+02  0.3774E+03
      1.241  0.4412E+02  0.3806E+03
      1.311  0.3423E+02  0.3832E+03
      1.380  0.5008E+02  0.3862E+03
      1.449  0.4808E+02  0.3895E+03
      1.519  0.2997E+02  0.3923E+03
      1.588  0.3368E+02  0.3940E+03
      1.657  0.6344E+02  0.3980E+03
      1.727  0.4920E+02  0.4019E+03
      1.796  0.5978E+02  0.4046E+03
      1.866  0.3184E+02  0.4072E+03
      1.935  0.1686E+02  0.4096E+03
      2.004  0.1497E+02  0.4106E+03
      2.074  0.3937E+02  0.4125E+03
      2.143  0.3321E+02  0.4156E+03
      2.212  0.2010E+02  0.4179E+03
      2.282  0.1712E+02  0.4190E+03
      2.351  0.3088E+02  0.4203E+03
      2.420  0.1891E+02  0.4219E+03
      2.490  0.1488E+02  0.4233E+03
      2.559  0.1486E+02  0.4242E+03
      2.628  0.2201E+02  0.4258E+03
      2.698  0.2925E+02  0.4276E+03
      2.767  0.2250E+02  0.4293E+03
      2.836  0.1894E+02  0.4307E+03
      2.906  0.2278E+02  0.4324E+03
      2.975  0.2247E+02  0.4339E+03
      3.044  0.3175E+02  0.4355E+03
      3.114  0.3541E+02  0.4376E+03
      3.183  0.3133E+02  0.4396E+03
      3.252  0.2505E+02  0.4415E+03
      3.322  0.2163E+02  0.4433E+03
      3.391  0.2174E+02  0.4448E+03
      3.460  0.2173E+02  0.4466E+03
      3.530  0.1788E+02  0.4480E+03
      3.599  0.2361E+02  0.4495E+03
      3.668  0.3415E+02  0.4516E+03
      3.738  0.2183E+02  0.4532E+03
      3.807  0.2176E+02  0.4545E+03
      3.876  0.1985E+02  0.4561E+03
      3.946  0.2154E+02  0.4575E+03
      4.015  0.3240E+02  0.4592E+03
      4.084  0.2343E+02  0.4617E+03
      4.154  0.2405E+02  0.4633E+03
      4.223  0.2058E+02  0.4654E+03
      4.292  0.1682E+02  0.4671E+03
      4.362  0.2403E+02  0.4683E+03
      4.431  0.2616E+02  0.4697E+03
      4.500  0.2471E+02  0.4716E+03
      4.570  0.2748E+02  0.4730E+03
      4.639  0.1382E+02  0.4749E+03
      4.708  0.1867E+02  0.4763E+03
      4.778  0.2192E+02  0.4779E+03
      4.847  0.1218E+02  0.4791E+03
      4.916  0.1376E+02  0.4802E+03
      4.986  0.2162E+02  0.4811E+03
      5.055  0.1991E+02  0.4825E+03
      5.124  0.3855E+02  0.4845E+03
      5.194  0.1674E+02  0.4861E+03
      5.263  0.1418E+02  0.4869E+03
      5.332  0.1973E+02  0.4888E+03
      5.402  0.1962E+02  0.4899E+03
      5.471  0.1894E+02  0.4915E+03
      5.540  0.1884E+02  0.4923E+03
      5.610  0.2252E+02  0.4940E+03
      5.679  0.2547E+02  0.4955E+03
      5.748  0.2034E+02  0.4973E+03
      5.818  0.1698E+02  0.4987E+03
      5.887  0.1403E+02  0.4997E+03
      5.956  0.1788E+02  0.5007E+03
      6.026  0.8240E+01  0.5017E+03
      6.095  0.5502E+01  0.5022E+03
      6.165  0.2707E+01  0.5024E+03
      6.234  0.3535E+01  0.5026E+03
      6.303  0.4081E+01  0.5029E+03
      6.373  0.3980E+01  0.5032E+03
      6.442  0.4513E+01  0.5035E+03
      6.511  0.2909E+01  0.5038E+03
      6.581  0.1455E+01  0.5039E+03
      6.650  0.6750E+00  0.5040E+03
      6.719  0.0000E+00  0.5040E+03
      6.789  0.0000E+00  0.5040E+03
      6.858  0.0000E+00  0.5040E+03
      6.927  0.0000E+00  0.5040E+03
      6.997  0.0000E+00  0.5040E+03
      7.066  0.0000E+00  0.5040E+03
      7.135  0.0000E+00  0.5040E+03
      7.205  0.0000E+00  0.5040E+03
      7.274  0.0000E+00  0.5040E+03
      7.343  0.0000E+00  0.5040E+03
      7.413  0.0000E+00  0.5040E+03
      7.482  0.0000E+00  0.5040E+03
      7.551  0.0000E+00  0.5040E+03
      7.621  0.0000E+00  0.5040E+03
      7.690  0.0000E+00  0.5040E+03
