    -13.112  0.0000E+00  0.0000E+00  0.0000E+00
    -13.042  0.0000E+00  0.0000E+00  0.0000E+00
    -12.973  0.0000E+00  0.0000E+00  0.0000E+00
    -12.904  0.0000E+00  0.0000E+00  0.0000E+00
    -12.834  0.0000E+00  0.0000E+00  0.0000E+00
    -12.765  0.0000E+00  0.0000E+00  0.0000E+00
    -12.696  0.0000E+00  0.0000E+00  0.0000E+00
    -12.626  0.0000E+00  0.0000E+00  0.0000E+00
    -12.557  0.0000E+00  0.0000E+00  0.0000E+00
    -12.488  0.0000E+00  0.0000E+00  0.0000E+00
    -12.418  0.0000E+00  0.0000E+00  0.0000E+00
    -12.349  0.0000E+00  0.0000E+00  0.0000E+00
    -12.280  0.0000E+00  0.0000E+00  0.0000E+00
    -12.210  0.0000E+00  0.0000E+00  0.0000E+00
    -12.141  0.0000E+00  0.0000E+00  0.0000E+00
    -12.072  0.3722E-01  0.2289E-03  0.0000E+00
    -12.002  0.4683E-01  0.3823E-03  0.0000E+00
    -11.933  0.4343E-01  0.4842E-03  0.0000E+00
    -11.864  0.4486E-01  0.6085E-03  0.0000E+00
    -11.794  0.4883E-01  0.7450E-03  0.0000E+00
    -11.725  0.4155E-01  0.6777E-03  0.0000E+00
    -11.656  0.4209E-01  0.7491E-03  0.0000E+00
    -11.586  0.4369E-01  0.8153E-03  0.0000E+00
    -11.517  0.1080E+00  0.4419E-02  0.0000E+00
    -11.448  0.5876E-01  0.1990E-02  0.0000E+00
    -11.378  0.9451E-01  0.4066E-02  0.0000E+00
    -11.309  0.1357E+00  0.6780E-02  0.0000E+00
    -11.240  0.1459E+00  0.7609E-02  0.0000E+00
    -11.170  0.5966E-01  0.2980E-02  0.0000E+00
    -11.101  0.9017E-01  0.4695E-02  0.0000E+00
    -11.032  0.1046E+00  0.5216E-02  0.0000E+00
    -10.962  0.9421E-01  0.4990E-02  0.0000E+00
    -10.893  0.1121E+00  0.6416E-02  0.0000E+00
    -10.823  0.1086E+00  0.6672E-02  0.0000E+00
    -10.754  0.1247E+00  0.6601E-02  0.0000E+00
    -10.685  0.2570E+00  0.7910E-02  0.0000E+00
    -10.615  0.1581E+00  0.4827E-02  0.0000E+00
    -10.546  0.1703E+00  0.5277E-02  0.0000E+00
    -10.477  0.2017E+00  0.7729E-02  0.0000E+00
    -10.407  0.3736E+00  0.1404E-01  0.0000E+00
    -10.338  0.5223E+00  0.1974E-01  0.0000E+00
    -10.269  0.2780E+00  0.1035E-01  0.0000E+00
    -10.199  0.4735E+00  0.1853E-01  0.0000E+00
    -10.130  0.3954E+00  0.1205E-01  0.0000E+00
    -10.061  0.5314E+00  0.1778E-01  0.0000E+00
     -9.991  0.4245E+00  0.1578E-01  0.0000E+00
     -9.922  0.4239E+00  0.1665E-01  0.0000E+00
     -9.853  0.3218E+00  0.1277E-01  0.0000E+00
     -9.783  0.2116E+00  0.8715E-02  0.0000E+00
     -9.714  0.9881E-01  0.3479E-02  0.0000E+00
     -9.645  0.8851E-01  0.3154E-02  0.0000E+00
     -9.575  0.8072E-01  0.2545E-02  0.0000E+00
     -9.506  0.8080E-01  0.2641E-02  0.0000E+00
     -9.437  0.1137E+00  0.3715E-02  0.0000E+00
     -9.367  0.6904E-01  0.2197E-02  0.0000E+00
     -9.298  0.0000E+00  0.0000E+00  0.0000E+00
     -9.229  0.2245E-03  0.4064E-02  0.0000E+00
     -9.159  0.7019E-03  0.8727E-02  0.0000E+00
     -9.090  0.1129E-02  0.8370E-02  0.0000E+00
     -9.021  0.1702E-02  0.8510E-02  0.0000E+00
     -8.951  0.6455E-02  0.1070E-01  0.0000E+00
     -8.882  0.1486E-01  0.1343E-01  0.0000E+00
     -8.813  0.4692E-01  0.2294E-01  0.0000E+00
     -8.743  0.2621E-01  0.9332E-02  0.0000E+00
     -8.674  0.2113E-01  0.7834E-02  0.0000E+00
     -8.605  0.2173E-01  0.1171E-01  0.0000E+00
     -8.535  0.1710E-01  0.8932E-02  0.0000E+00
     -8.466  0.1261E-01  0.6878E-02  0.0000E+00
     -8.397  0.2496E+00  0.1862E-01  0.0000E+00
     -8.327  0.2082E+00  0.1510E-01  0.0000E+00
     -8.258  0.2453E+00  0.1582E-01  0.0000E+00
     -8.189  0.3440E+00  0.1733E-01  0.0000E+00
     -8.119  0.3931E+00  0.1838E-01  0.0000E+00
     -8.050  0.5588E+00  0.1922E-01  0.0000E+00
     -7.981  0.5777E+00  0.1616E-01  0.0000E+00
     -7.911  0.7001E+00  0.1416E-01  0.0000E+00
     -7.842  0.4495E+00  0.6948E-02  0.0000E+00
     -7.773  0.4837E+00  0.1435E-01  0.0000E+00
     -7.703  0.2822E+00  0.7672E-02  0.0000E+00
     -7.634  0.5663E+00  0.2136E-01  0.0000E+00
     -7.565  0.2387E+00  0.9240E-02  0.0000E+00
     -7.495  0.2176E+00  0.7496E-02  0.0000E+00
     -7.426  0.4263E+00  0.1056E-01  0.0000E+00
     -7.357  0.6247E-01  0.3337E-02  0.0000E+00
     -7.287  0.6215E-01  0.5362E-02  0.0000E+00
     -7.218  0.3310E-01  0.6209E-02  0.0000E+00
     -7.149  0.3244E-01  0.5038E-02  0.0000E+00
     -7.079  0.2987E-01  0.4223E-02  0.0000E+00
     -7.010  0.7519E-02  0.2115E-02  0.0000E+00
     -6.941  0.0000E+00  0.0000E+00  0.0000E+00
     -6.871  0.0000E+00  0.0000E+00  0.0000E+00
     -6.802  0.0000E+00  0.0000E+00  0.0000E+00
     -6.732  0.0000E+00  0.0000E+00  0.0000E+00
     -6.663  0.0000E+00  0.0000E+00  0.0000E+00
     -6.594  0.0000E+00  0.0000E+00  0.0000E+00
     -6.524  0.0000E+00  0.0000E+00  0.0000E+00
     -6.455  0.0000E+00  0.0000E+00  0.0000E+00
     -6.386  0.0000E+00  0.0000E+00  0.0000E+00
     -6.316  0.0000E+00  0.0000E+00  0.0000E+00
     -6.247  0.0000E+00  0.0000E+00  0.0000E+00
     -6.178  0.0000E+00  0.0000E+00  0.0000E+00
     -6.108  0.0000E+00  0.0000E+00  0.0000E+00
     -6.039  0.0000E+00  0.0000E+00  0.0000E+00
     -5.970  0.0000E+00  0.0000E+00  0.0000E+00
     -5.900  0.0000E+00  0.0000E+00  0.0000E+00
     -5.831  0.0000E+00  0.0000E+00  0.0000E+00
     -5.762  0.0000E+00  0.0000E+00  0.0000E+00
     -5.692  0.0000E+00  0.0000E+00  0.0000E+00
     -5.623  0.0000E+00  0.0000E+00  0.0000E+00
     -5.554  0.0000E+00  0.0000E+00  0.0000E+00
     -5.484  0.0000E+00  0.0000E+00  0.0000E+00
     -5.415  0.0000E+00  0.0000E+00  0.0000E+00
     -5.346  0.0000E+00  0.0000E+00  0.0000E+00
     -5.276  0.0000E+00  0.0000E+00  0.0000E+00
     -5.207  0.0000E+00  0.0000E+00  0.0000E+00
     -5.138  0.0000E+00  0.0000E+00  0.0000E+00
     -5.068  0.8026E-02  0.2642E-01  0.0000E+00
     -4.999  0.4356E-02  0.2450E-01  0.0000E+00
     -4.930  0.3345E-02  0.2938E-01  0.0000E+00
     -4.860  0.4037E-02  0.6207E-01  0.0000E+00
     -4.791  0.4116E-02  0.7474E-01  0.0000E+00
     -4.722  0.4256E-02  0.8836E-01  0.0000E+00
     -4.652  0.4955E-02  0.1132E+00  0.0000E+00
     -4.583  0.7985E-02  0.3234E+00  0.0000E+00
     -4.514  0.6771E-02  0.1971E+00  0.0000E+00
     -4.444  0.1934E-01  0.3429E+00  0.0000E+00
     -4.375  0.1139E-01  0.1604E+00  0.0000E+00
     -4.306  0.2852E-01  0.2090E+00  0.0000E+00
     -4.236  0.3234E-01  0.2550E+00  0.0000E+00
     -4.167  0.8399E-02  0.1278E+00  0.0000E+00
     -4.098  0.4809E-01  0.6595E+00  0.0000E+00
     -4.028  0.1829E-02  0.3395E-01  0.0000E+00
     -3.959  0.1153E-01  0.1497E+00  0.0000E+00
     -3.890  0.3923E-01  0.4218E+00  0.0000E+00
     -3.820  0.1506E-01  0.1193E+00  0.0000E+00
     -3.751  0.7398E-01  0.4246E+00  0.0000E+00
     -3.682  0.4108E-01  0.1400E+00  0.0000E+00
     -3.612  0.3426E-01  0.2330E+00  0.0000E+00
     -3.543  0.4075E-01  0.1905E+00  0.0000E+00
     -3.474  0.5306E-01  0.2800E+00  0.0000E+00
     -3.404  0.2001E-01  0.1331E+00  0.0000E+00
     -3.335  0.3982E-02  0.5570E-01  0.0000E+00
     -3.266  0.3399E-01  0.2144E+00  0.0000E+00
     -3.196  0.4416E-01  0.2563E+00  0.0000E+00
     -3.127  0.3023E-01  0.2162E+00  0.0000E+00
     -3.058  0.1082E-01  0.8234E-01  0.0000E+00
     -2.988  0.1789E-01  0.2010E+00  0.0000E+00
     -2.919  0.1288E-01  0.1269E+00  0.0000E+00
     -2.850  0.1964E-01  0.1831E+00  0.0000E+00
     -2.780  0.2481E-01  0.2199E+00  0.0000E+00
     -2.711  0.1699E-01  0.2081E+00  0.0000E+00
     -2.642  0.1906E-01  0.2702E+00  0.0000E+00
     -2.572  0.1244E-01  0.1915E+00  0.0000E+00
     -2.503  0.1235E-01  0.2286E+00  0.0000E+00
     -2.433  0.1249E-01  0.2267E+00  0.0000E+00
     -2.364  0.2401E-01  0.4844E+00  0.0000E+00
     -2.295  0.9078E-02  0.2472E+00  0.0000E+00
     -2.225  0.1368E-01  0.4114E+00  0.0000E+00
     -2.156  0.4648E-02  0.1382E+00  0.0000E+00
     -2.087  0.1596E-01  0.5871E+00  0.0000E+00
     -2.017  0.1382E-01  0.5764E+00  0.0000E+00
     -1.948  0.1336E-01  0.3798E+00  0.0000E+00
     -1.879  0.1190E-01  0.3227E+00  0.0000E+00
     -1.809  0.1224E-01  0.4505E+00  0.0000E+00
     -1.740  0.7568E-02  0.3979E+00  0.0000E+00
     -1.671  0.6018E-02  0.3882E+00  0.0000E+00
     -1.601  0.2162E-01  0.6343E+00  0.0000E+00
     -1.532  0.8119E-02  0.3398E+00  0.0000E+00
     -1.463  0.1525E-01  0.4282E+00  0.0000E+00
     -1.393  0.1456E-01  0.2915E+00  0.0000E+00
     -1.324  0.1855E-01  0.4821E+00  0.0000E+00
     -1.255  0.5798E-02  0.2395E+00  0.0000E+00
     -1.185  0.7802E-02  0.2085E+00  0.0000E+00
     -1.116  0.8483E-02  0.1675E+00  0.0000E+00
     -1.047  0.2070E-02  0.9472E-01  0.0000E+00
     -0.977  0.6473E-02  0.1193E+00  0.0000E+00
     -0.908  0.1149E-01  0.1979E+00  0.0000E+00
     -0.839  0.7932E-02  0.1280E+00  0.0000E+00
     -0.769  0.6927E-02  0.1138E+00  0.0000E+00
     -0.700  0.5808E-02  0.1323E+00  0.0000E+00
     -0.631  0.6895E-02  0.1347E+00  0.0000E+00
     -0.561  0.6334E-02  0.7539E-01  0.0000E+00
     -0.492  0.2461E-02  0.3288E-01  0.0000E+00
     -0.423  0.8757E-02  0.9596E-01  0.0000E+00
     -0.353  0.7484E-02  0.5666E-01  0.0000E+00
     -0.284  0.7047E-02  0.7777E-01  0.0000E+00
     -0.215  0.3991E-02  0.1171E+00  0.0000E+00
     -0.145  0.5181E-02  0.6930E-01  0.0000E+00
     -0.076  0.6172E-02  0.7337E-01  0.0000E+00
     -0.007  0.9889E-02  0.8583E-01  0.0000E+00
      0.063  0.6646E-02  0.5438E-01  0.0000E+00
      0.132  0.1366E-01  0.1132E+00  0.0000E+00
      0.201  0.1168E-01  0.1005E+00  0.0000E+00
      0.271  0.5072E-02  0.5789E-01  0.0000E+00
      0.340  0.1878E-01  0.1167E+00  0.0000E+00
      0.409  0.5183E-02  0.3343E-01  0.0000E+00
      0.479  0.1623E-01  0.8902E-01  0.0000E+00
      0.548  0.7247E-02  0.7102E-01  0.0000E+00
      0.617  0.1477E-01  0.4784E-01  0.0000E+00
      0.687  0.1997E-01  0.7952E-01  0.0000E+00
      0.756  0.1401E-01  0.9164E-01  0.0000E+00
      0.825  0.1351E-01  0.7528E-01  0.0000E+00
      0.895  0.1962E-01  0.8016E-01  0.0000E+00
      0.964  0.1343E-01  0.6524E-01  0.0000E+00
      1.033  0.1213E-01  0.1074E+00  0.0000E+00
      1.103  0.9778E-02  0.4734E-01  0.0000E+00
      1.172  0.2434E-01  0.9764E-01  0.0000E+00
      1.241  0.2847E-01  0.6257E-01  0.0000E+00
      1.311  0.9965E-02  0.4934E-01  0.0000E+00
      1.380  0.4458E-01  0.1093E+00  0.0000E+00
      1.449  0.2348E-01  0.1170E+00  0.0000E+00
      1.519  0.1103E-01  0.5956E-01  0.0000E+00
      1.588  0.3856E-01  0.7428E-01  0.0000E+00
      1.657  0.4556E-01  0.1847E+00  0.0000E+00
      1.727  0.2358E-01  0.1596E+00  0.0000E+00
      1.796  0.3511E-01  0.2887E+00  0.0000E+00
      1.866  0.1566E-01  0.1554E+00  0.0000E+00
      1.935  0.9607E-02  0.8282E-01  0.0000E+00
      2.004  0.9034E-02  0.7219E-01  0.0000E+00
      2.074  0.2082E-01  0.1644E+00  0.0000E+00
      2.143  0.2529E-01  0.1740E+00  0.0000E+00
      2.212  0.1806E-01  0.1096E+00  0.0000E+00
      2.282  0.1491E-01  0.7930E-01  0.0000E+00
      2.351  0.1677E-01  0.1223E+00  0.0000E+00
      2.420  0.1669E-01  0.7601E-01  0.0000E+00
      2.490  0.1421E-01  0.7022E-01  0.0000E+00
      2.559  0.2574E-01  0.7791E-01  0.0000E+00
      2.628  0.4346E-01  0.1189E+00  0.0000E+00
      2.698  0.6063E-01  0.1685E+00  0.0000E+00
      2.767  0.3881E-01  0.1373E+00  0.0000E+00
      2.836  0.1976E-01  0.1044E+00  0.0000E+00
      2.906  0.2996E-01  0.1236E+00  0.0000E+00
      2.975  0.3414E-01  0.1351E+00  0.0000E+00
      3.044  0.3910E-01  0.1937E+00  0.0000E+00
      3.114  0.4080E-01  0.2219E+00  0.0000E+00
      3.183  0.4957E-01  0.1835E+00  0.0000E+00
      3.252  0.3291E-01  0.1528E+00  0.0000E+00
      3.322  0.2908E-01  0.1218E+00  0.0000E+00
      3.391  0.6167E-01  0.9812E-01  0.0000E+00
      3.460  0.6628E-01  0.1140E+00  0.0000E+00
      3.530  0.4670E-01  0.9569E-01  0.0000E+00
      3.599  0.5380E-01  0.1276E+00  0.0000E+00
      3.668  0.3879E-01  0.2198E+00  0.0000E+00
      3.738  0.2879E-01  0.1327E+00  0.0000E+00
      3.807  0.3314E-01  0.1437E+00  0.0000E+00
      3.876  0.2907E-01  0.1455E+00  0.0000E+00
      3.946  0.3135E-01  0.1846E+00  0.0000E+00
      4.015  0.4193E-01  0.2846E+00  0.0000E+00
      4.084  0.4216E-01  0.2148E+00  0.0000E+00
      4.154  0.2670E-01  0.1732E+00  0.0000E+00
      4.223  0.3241E-01  0.1501E+00  0.0000E+00
      4.292  0.1972E-01  0.1580E+00  0.0000E+00
      4.362  0.5161E-01  0.1784E+00  0.0000E+00
      4.431  0.3735E-01  0.2381E+00  0.0000E+00
      4.500  0.3134E-01  0.2325E+00  0.0000E+00
      4.570  0.3577E-01  0.3315E+00  0.0000E+00
      4.639  0.1641E-01  0.1400E+00  0.0000E+00
      4.708  0.2990E-01  0.1928E+00  0.0000E+00
      4.778  0.2994E-01  0.1674E+00  0.0000E+00
      4.847  0.1427E-01  0.8556E-01  0.0000E+00
      4.916  0.1383E-01  0.9928E-01  0.0000E+00
      4.986  0.2192E-01  0.1537E+00  0.0000E+00
      5.055  0.2863E-01  0.1240E+00  0.0000E+00
      5.124  0.4193E-01  0.3577E+00  0.0000E+00
      5.194  0.1892E-01  0.1572E+00  0.0000E+00
      5.263  0.1741E-01  0.1408E+00  0.0000E+00
      5.332  0.1740E-01  0.2234E+00  0.0000E+00
      5.402  0.2085E-01  0.1996E+00  0.0000E+00
      5.471  0.3384E-01  0.3306E+00  0.0000E+00
      5.540  0.3182E-01  0.2813E+00  0.0000E+00
      5.610  0.4074E-01  0.4702E+00  0.0000E+00
      5.679  0.5397E-01  0.5968E+00  0.0000E+00
      5.748  0.2523E-01  0.3529E+00  0.0000E+00
      5.818  0.2632E-01  0.3127E+00  0.0000E+00
      5.887  0.2142E-01  0.2275E+00  0.0000E+00
      5.956  0.2993E-01  0.2821E+00  0.0000E+00
      6.026  0.6590E-02  0.7697E-01  0.0000E+00
      6.095  0.5524E-02  0.5097E-01  0.0000E+00
      6.165  0.2279E-02  0.1639E-01  0.0000E+00
      6.234  0.2761E-02  0.2096E-01  0.0000E+00
      6.303  0.2838E-02  0.2373E-01  0.0000E+00
      6.373  0.2525E-02  0.2130E-01  0.0000E+00
      6.442  0.2466E-02  0.1930E-01  0.0000E+00
      6.511  0.1443E-02  0.1126E-01  0.0000E+00
      6.581  0.6185E-03  0.5707E-02  0.0000E+00
      6.650  0.2671E-03  0.2468E-02  0.0000E+00
      6.719  0.0000E+00  0.0000E+00  0.0000E+00
      6.789  0.0000E+00  0.0000E+00  0.0000E+00
      6.858  0.0000E+00  0.0000E+00  0.0000E+00
      6.927  0.0000E+00  0.0000E+00  0.0000E+00
      6.997  0.0000E+00  0.0000E+00  0.0000E+00
      7.066  0.0000E+00  0.0000E+00  0.0000E+00
      7.135  0.0000E+00  0.0000E+00  0.0000E+00
      7.205  0.0000E+00  0.0000E+00  0.0000E+00
      7.274  0.0000E+00  0.0000E+00  0.0000E+00
      7.343  0.0000E+00  0.0000E+00  0.0000E+00
      7.413  0.0000E+00  0.0000E+00  0.0000E+00
      7.482  0.0000E+00  0.0000E+00  0.0000E+00
      7.551  0.0000E+00  0.0000E+00  0.0000E+00
      7.621  0.0000E+00  0.0000E+00  0.0000E+00
      7.690  0.0000E+00  0.0000E+00  0.0000E+00
