    -13.112  0.0000E+00  0.0000E+00  0.0000E+00
    -13.042  0.0000E+00  0.0000E+00  0.0000E+00
    -12.973  0.0000E+00  0.0000E+00  0.0000E+00
    -12.904  0.0000E+00  0.0000E+00  0.0000E+00
    -12.834  0.0000E+00  0.0000E+00  0.0000E+00
    -12.765  0.0000E+00  0.0000E+00  0.0000E+00
    -12.696  0.0000E+00  0.0000E+00  0.0000E+00
    -12.626  0.0000E+00  0.0000E+00  0.0000E+00
    -12.557  0.0000E+00  0.0000E+00  0.0000E+00
    -12.488  0.0000E+00  0.0000E+00  0.0000E+00
    -12.418  0.0000E+00  0.0000E+00  0.0000E+00
    -12.349  0.0000E+00  0.0000E+00  0.0000E+00
    -12.280  0.0000E+00  0.0000E+00  0.0000E+00
    -12.210  0.0000E+00  0.0000E+00  0.0000E+00
    -12.141  0.0000E+00  0.0000E+00  0.0000E+00
    -12.072  0.6694E-01  0.9028E-03  0.0000E+00
    -12.002  0.8518E-01  0.1339E-02  0.0000E+00
    -11.933  0.7843E-01  0.1445E-02  0.0000E+00
    -11.864  0.7869E-01  0.1587E-02  0.0000E+00
    -11.794  0.8732E-01  0.1959E-02  0.0000E+00
    -11.725  0.8492E-01  0.2411E-02  0.0000E+00
    -11.656  0.8571E-01  0.2743E-02  0.0000E+00
    -11.586  0.8753E-01  0.3039E-02  0.0000E+00
    -11.517  0.1105E+00  0.6730E-02  0.0000E+00
    -11.448  0.7869E-01  0.4182E-02  0.0000E+00
    -11.378  0.9092E-01  0.5991E-02  0.0000E+00
    -11.309  0.1468E+00  0.7495E-02  0.0000E+00
    -11.240  0.1722E+00  0.9184E-02  0.0000E+00
    -11.170  0.6533E-01  0.4700E-02  0.0000E+00
    -11.101  0.8289E-01  0.5859E-02  0.0000E+00
    -11.032  0.1192E+00  0.7488E-02  0.0000E+00
    -10.962  0.9543E-01  0.6712E-02  0.0000E+00
    -10.893  0.1064E+00  0.8519E-02  0.0000E+00
    -10.823  0.1277E+00  0.1037E-01  0.0000E+00
    -10.754  0.1689E+00  0.1264E-01  0.0000E+00
    -10.685  0.2442E+00  0.1978E-01  0.0000E+00
    -10.615  0.1226E+00  0.1054E-01  0.0000E+00
    -10.546  0.8313E-01  0.8543E-02  0.0000E+00
    -10.477  0.1151E+00  0.1252E-01  0.0000E+00
    -10.407  0.9966E-01  0.1245E-01  0.0000E+00
    -10.338  0.1603E+00  0.1748E-01  0.0000E+00
    -10.269  0.1091E+00  0.1009E-01  0.0000E+00
    -10.199  0.8334E-01  0.8880E-02  0.0000E+00
    -10.130  0.1721E-01  0.4531E-02  0.0000E+00
    -10.061  0.3249E-01  0.8837E-02  0.0000E+00
     -9.991  0.2359E-01  0.5178E-02  0.0000E+00
     -9.922  0.1884E-01  0.4542E-02  0.0000E+00
     -9.853  0.1381E-01  0.3692E-02  0.0000E+00
     -9.783  0.8925E-02  0.2744E-02  0.0000E+00
     -9.714  0.6379E-02  0.1238E-02  0.0000E+00
     -9.645  0.5380E-02  0.1080E-02  0.0000E+00
     -9.575  0.4392E-02  0.1065E-02  0.0000E+00
     -9.506  0.4203E-02  0.9427E-03  0.0000E+00
     -9.437  0.5325E-02  0.1157E-02  0.0000E+00
     -9.367  0.2880E-02  0.6758E-03  0.0000E+00
     -9.298  0.0000E+00  0.0000E+00  0.0000E+00
     -9.229  0.1185E+00  0.8878E-04  0.0000E+00
     -9.159  0.2664E+00  0.4007E-03  0.0000E+00
     -9.090  0.2495E+00  0.7001E-03  0.0000E+00
     -9.021  0.3217E+00  0.9087E-03  0.0000E+00
     -8.951  0.4351E+00  0.1674E-02  0.0000E+00
     -8.882  0.6107E+00  0.2639E-02  0.0000E+00
     -8.813  0.1521E+01  0.6574E-02  0.0000E+00
     -8.743  0.6845E+00  0.3126E-02  0.0000E+00
     -8.674  0.6853E+00  0.2555E-02  0.0000E+00
     -8.605  0.7772E+00  0.5492E-02  0.0000E+00
     -8.535  0.6169E+00  0.4681E-02  0.0000E+00
     -8.466  0.4687E+00  0.3679E-02  0.0000E+00
     -8.397  0.3823E+00  0.1335E-01  0.0000E+00
     -8.327  0.3924E+00  0.1215E-01  0.0000E+00
     -8.258  0.3567E+00  0.1284E-01  0.0000E+00
     -8.189  0.3235E+00  0.1483E-01  0.0000E+00
     -8.119  0.3898E+00  0.1514E-01  0.0000E+00
     -8.050  0.2400E+00  0.1498E-01  0.0000E+00
     -7.981  0.1140E+00  0.1276E-01  0.0000E+00
     -7.911  0.1259E+00  0.9075E-02  0.0000E+00
     -7.842  0.5006E-01  0.7141E-02  0.0000E+00
     -7.773  0.1513E+00  0.1219E-01  0.0000E+00
     -7.703  0.7333E-01  0.8067E-02  0.0000E+00
     -7.634  0.3852E+00  0.2492E-01  0.0000E+00
     -7.565  0.2415E+00  0.1136E-01  0.0000E+00
     -7.495  0.1388E+00  0.5939E-02  0.0000E+00
     -7.426  0.1421E+00  0.5012E-02  0.0000E+00
     -7.357  0.5652E-01  0.2407E-02  0.0000E+00
     -7.287  0.1711E+00  0.6029E-02  0.0000E+00
     -7.218  0.3160E-02  0.3669E-03  0.0000E+00
     -7.149  0.2824E-02  0.2505E-03  0.0000E+00
     -7.079  0.2370E-02  0.1439E-03  0.0000E+00
     -7.010  0.9593E-03  0.5607E-04  0.0000E+00
     -6.941  0.0000E+00  0.0000E+00  0.0000E+00
     -6.871  0.0000E+00  0.0000E+00  0.0000E+00
     -6.802  0.0000E+00  0.0000E+00  0.0000E+00
     -6.732  0.0000E+00  0.0000E+00  0.0000E+00
     -6.663  0.0000E+00  0.0000E+00  0.0000E+00
     -6.594  0.0000E+00  0.0000E+00  0.0000E+00
     -6.524  0.0000E+00  0.0000E+00  0.0000E+00
     -6.455  0.0000E+00  0.0000E+00  0.0000E+00
     -6.386  0.0000E+00  0.0000E+00  0.0000E+00
     -6.316  0.0000E+00  0.0000E+00  0.0000E+00
     -6.247  0.0000E+00  0.0000E+00  0.0000E+00
     -6.178  0.0000E+00  0.0000E+00  0.0000E+00
     -6.108  0.0000E+00  0.0000E+00  0.0000E+00
     -6.039  0.0000E+00  0.0000E+00  0.0000E+00
     -5.970  0.0000E+00  0.0000E+00  0.0000E+00
     -5.900  0.0000E+00  0.0000E+00  0.0000E+00
     -5.831  0.0000E+00  0.0000E+00  0.0000E+00
     -5.762  0.0000E+00  0.0000E+00  0.0000E+00
     -5.692  0.0000E+00  0.0000E+00  0.0000E+00
     -5.623  0.0000E+00  0.0000E+00  0.0000E+00
     -5.554  0.0000E+00  0.0000E+00  0.0000E+00
     -5.484  0.0000E+00  0.0000E+00  0.0000E+00
     -5.415  0.0000E+00  0.0000E+00  0.0000E+00
     -5.346  0.0000E+00  0.0000E+00  0.0000E+00
     -5.276  0.0000E+00  0.0000E+00  0.0000E+00
     -5.207  0.0000E+00  0.0000E+00  0.0000E+00
     -5.138  0.0000E+00  0.0000E+00  0.0000E+00
     -5.068  0.1001E-01  0.7116E-01  0.0000E+00
     -4.999  0.6433E-02  0.5624E-01  0.0000E+00
     -4.930  0.5594E-02  0.5818E-01  0.0000E+00
     -4.860  0.6246E-02  0.6583E-01  0.0000E+00
     -4.791  0.6581E-02  0.7262E-01  0.0000E+00
     -4.722  0.6807E-02  0.9916E-01  0.0000E+00
     -4.652  0.7621E-02  0.1287E+00  0.0000E+00
     -4.583  0.6927E-02  0.3229E+00  0.0000E+00
     -4.514  0.6681E-02  0.1637E+00  0.0000E+00
     -4.444  0.1615E-01  0.2807E+00  0.0000E+00
     -4.375  0.5751E-02  0.2215E+00  0.0000E+00
     -4.306  0.2198E-01  0.3005E+00  0.0000E+00
     -4.236  0.1832E-01  0.3146E+00  0.0000E+00
     -4.167  0.1332E-01  0.1668E+00  0.0000E+00
     -4.098  0.9627E-01  0.8698E+00  0.0000E+00
     -4.028  0.2486E-02  0.2349E-01  0.0000E+00
     -3.959  0.2584E-01  0.1105E+00  0.0000E+00
     -3.890  0.5451E-01  0.3160E+00  0.0000E+00
     -3.820  0.2309E-01  0.7009E-01  0.0000E+00
     -3.751  0.9600E-01  0.2078E+00  0.0000E+00
     -3.682  0.3442E-01  0.1164E+00  0.0000E+00
     -3.612  0.6017E-01  0.1837E+00  0.0000E+00
     -3.543  0.5188E-01  0.1386E+00  0.0000E+00
     -3.474  0.4501E-01  0.2296E+00  0.0000E+00
     -3.404  0.4410E-01  0.1110E+00  0.0000E+00
     -3.335  0.9549E-02  0.2901E-01  0.0000E+00
     -3.266  0.2884E-01  0.1257E+00  0.0000E+00
     -3.196  0.3757E-01  0.1399E+00  0.0000E+00
     -3.127  0.3278E-01  0.1597E+00  0.0000E+00
     -3.058  0.1526E-01  0.7358E-01  0.0000E+00
     -2.988  0.4039E-01  0.1729E+00  0.0000E+00
     -2.919  0.2304E-01  0.1791E+00  0.0000E+00
     -2.850  0.2539E-01  0.3229E+00  0.0000E+00
     -2.780  0.2169E-01  0.1987E+00  0.0000E+00
     -2.711  0.1926E-01  0.3112E+00  0.0000E+00
     -2.642  0.1334E-01  0.2165E+00  0.0000E+00
     -2.572  0.1471E-01  0.2141E+00  0.0000E+00
     -2.503  0.2150E-01  0.2549E+00  0.0000E+00
     -2.433  0.1868E-01  0.3111E+00  0.0000E+00
     -2.364  0.3835E-01  0.3607E+00  0.0000E+00
     -2.295  0.1520E-01  0.2273E+00  0.0000E+00
     -2.225  0.1920E-01  0.2614E+00  0.0000E+00
     -2.156  0.6842E-02  0.1069E+00  0.0000E+00
     -2.087  0.2980E-01  0.5679E+00  0.0000E+00
     -2.017  0.2484E-01  0.4123E+00  0.0000E+00
     -1.948  0.1406E-01  0.3199E+00  0.0000E+00
     -1.879  0.7080E-02  0.3012E+00  0.0000E+00
     -1.809  0.1141E-01  0.3497E+00  0.0000E+00
     -1.740  0.1243E-01  0.3352E+00  0.0000E+00
     -1.671  0.2539E-01  0.2266E+00  0.0000E+00
     -1.601  0.1834E-01  0.4426E+00  0.0000E+00
     -1.532  0.2238E-01  0.3438E+00  0.0000E+00
     -1.463  0.2264E-01  0.5707E+00  0.0000E+00
     -1.393  0.1464E-01  0.4011E+00  0.0000E+00
     -1.324  0.2063E-01  0.3475E+00  0.0000E+00
     -1.255  0.4235E-02  0.1320E+00  0.0000E+00
     -1.185  0.4278E-02  0.1930E+00  0.0000E+00
     -1.116  0.8137E-02  0.2218E+00  0.0000E+00
     -1.047  0.3004E-02  0.7154E-01  0.0000E+00
     -0.977  0.1027E-01  0.1313E+00  0.0000E+00
     -0.908  0.9879E-02  0.1850E+00  0.0000E+00
     -0.839  0.7789E-02  0.1776E+00  0.0000E+00
     -0.769  0.5704E-02  0.1760E+00  0.0000E+00
     -0.700  0.5083E-02  0.1139E+00  0.0000E+00
     -0.631  0.8656E-02  0.2274E+00  0.0000E+00
     -0.561  0.9573E-02  0.1635E+00  0.0000E+00
     -0.492  0.5474E-02  0.5317E-01  0.0000E+00
     -0.423  0.1259E-01  0.2384E+00  0.0000E+00
     -0.353  0.7793E-02  0.1156E+00  0.0000E+00
     -0.284  0.1299E-01  0.1363E+00  0.0000E+00
     -0.215  0.5768E-02  0.1453E+00  0.0000E+00
     -0.145  0.7538E-02  0.1038E+00  0.0000E+00
     -0.076  0.4202E-02  0.1099E+00  0.0000E+00
     -0.007  0.1037E-01  0.9857E-01  0.0000E+00
      0.063  0.6271E-02  0.6045E-01  0.0000E+00
      0.132  0.1368E-01  0.1469E+00  0.0000E+00
      0.201  0.1225E-01  0.1142E+00  0.0000E+00
      0.271  0.5192E-02  0.5671E-01  0.0000E+00
      0.340  0.2222E-01  0.1115E+00  0.0000E+00
      0.409  0.4922E-02  0.4030E-01  0.0000E+00
      0.479  0.2138E-01  0.8914E-01  0.0000E+00
      0.548  0.8748E-02  0.5499E-01  0.0000E+00
      0.617  0.1423E-01  0.3392E-01  0.0000E+00
      0.687  0.2147E-01  0.6279E-01  0.0000E+00
      0.756  0.2244E-01  0.6779E-01  0.0000E+00
      0.825  0.1713E-01  0.5051E-01  0.0000E+00
      0.895  0.5349E-01  0.9173E-01  0.0000E+00
      0.964  0.3719E-01  0.1012E+00  0.0000E+00
      1.033  0.3494E-01  0.1581E+00  0.0000E+00
      1.103  0.1172E-01  0.7813E-01  0.0000E+00
      1.172  0.4620E-01  0.1791E+00  0.0000E+00
      1.241  0.1293E-01  0.6972E-01  0.0000E+00
      1.311  0.3123E-01  0.7292E-01  0.0000E+00
      1.380  0.4579E-01  0.1441E+00  0.0000E+00
      1.449  0.2705E-01  0.1235E+00  0.0000E+00
      1.519  0.2604E-01  0.1000E+00  0.0000E+00
      1.588  0.1630E-01  0.1042E+00  0.0000E+00
      1.657  0.3816E-01  0.2167E+00  0.0000E+00
      1.727  0.2864E-01  0.1844E+00  0.0000E+00
      1.796  0.6176E-01  0.1849E+00  0.0000E+00
      1.866  0.4845E-01  0.9775E-01  0.0000E+00
      1.935  0.1535E-01  0.4815E-01  0.0000E+00
      2.004  0.1600E-01  0.5995E-01  0.0000E+00
      2.074  0.4019E-01  0.1303E+00  0.0000E+00
      2.143  0.3487E-01  0.1458E+00  0.0000E+00
      2.212  0.2944E-01  0.8669E-01  0.0000E+00
      2.282  0.3341E-01  0.6401E-01  0.0000E+00
      2.351  0.4098E-01  0.1478E+00  0.0000E+00
      2.420  0.3372E-01  0.1051E+00  0.0000E+00
      2.490  0.3048E-01  0.8677E-01  0.0000E+00
      2.559  0.2620E-01  0.1054E+00  0.0000E+00
      2.628  0.4057E-01  0.1513E+00  0.0000E+00
      2.698  0.5339E-01  0.2015E+00  0.0000E+00
      2.767  0.6078E-01  0.1645E+00  0.0000E+00
      2.836  0.4019E-01  0.1488E+00  0.0000E+00
      2.906  0.3441E-01  0.1639E+00  0.0000E+00
      2.975  0.3376E-01  0.1930E+00  0.0000E+00
      3.044  0.4082E-01  0.3139E+00  0.0000E+00
      3.114  0.5375E-01  0.2222E+00  0.0000E+00
      3.183  0.3539E-01  0.2715E+00  0.0000E+00
      3.252  0.2815E-01  0.2141E+00  0.0000E+00
      3.322  0.2103E-01  0.2580E+00  0.0000E+00
      3.391  0.2157E-01  0.2591E+00  0.0000E+00
      3.460  0.2778E-01  0.2273E+00  0.0000E+00
      3.530  0.2646E-01  0.1641E+00  0.0000E+00
      3.599  0.2663E-01  0.2193E+00  0.0000E+00
      3.668  0.4374E-01  0.2890E+00  0.0000E+00
      3.738  0.4128E-01  0.1798E+00  0.0000E+00
      3.807  0.2638E-01  0.1840E+00  0.0000E+00
      3.876  0.3340E-01  0.2034E+00  0.0000E+00
      3.946  0.4415E-01  0.2369E+00  0.0000E+00
      4.015  0.3986E-01  0.3648E+00  0.0000E+00
      4.084  0.2756E-01  0.2452E+00  0.0000E+00
      4.154  0.3020E-01  0.2227E+00  0.0000E+00
      4.223  0.2316E-01  0.2033E+00  0.0000E+00
      4.292  0.1858E-01  0.1433E+00  0.0000E+00
      4.362  0.1940E-01  0.2781E+00  0.0000E+00
      4.431  0.2343E-01  0.2307E+00  0.0000E+00
      4.500  0.1957E-01  0.2236E+00  0.0000E+00
      4.570  0.4035E-01  0.2360E+00  0.0000E+00
      4.639  0.1752E-01  0.1199E+00  0.0000E+00
      4.708  0.2034E-01  0.2645E+00  0.0000E+00
      4.778  0.2170E-01  0.3368E+00  0.0000E+00
      4.847  0.1592E-01  0.1770E+00  0.0000E+00
      4.916  0.1146E-01  0.2391E+00  0.0000E+00
      4.986  0.1628E-01  0.4006E+00  0.0000E+00
      5.055  0.1903E-01  0.3960E+00  0.0000E+00
      5.124  0.3543E-01  0.5534E+00  0.0000E+00
      5.194  0.1602E-01  0.2184E+00  0.0000E+00
      5.263  0.1322E-01  0.1824E+00  0.0000E+00
      5.332  0.1373E-01  0.2384E+00  0.0000E+00
      5.402  0.2255E-01  0.2699E+00  0.0000E+00
      5.471  0.1716E-01  0.1924E+00  0.0000E+00
      5.540  0.1320E-01  0.1466E+00  0.0000E+00
      5.610  0.1292E-01  0.1206E+00  0.0000E+00
      5.679  0.1479E-01  0.1554E+00  0.0000E+00
      5.748  0.1153E-01  0.1606E+00  0.0000E+00
      5.818  0.1096E-01  0.1269E+00  0.0000E+00
      5.887  0.9928E-02  0.7607E-01  0.0000E+00
      5.956  0.1495E-01  0.8427E-01  0.0000E+00
      6.026  0.4863E-02  0.4407E-01  0.0000E+00
      6.095  0.3637E-02  0.2856E-01  0.0000E+00
      6.165  0.1513E-02  0.1209E-01  0.0000E+00
      6.234  0.1919E-02  0.1606E-01  0.0000E+00
      6.303  0.2140E-02  0.1819E-01  0.0000E+00
      6.373  0.2027E-02  0.1631E-01  0.0000E+00
      6.442  0.2497E-02  0.1634E-01  0.0000E+00
      6.511  0.1759E-02  0.8903E-02  0.0000E+00
      6.581  0.5213E-03  0.5160E-02  0.0000E+00
      6.650  0.2140E-03  0.2360E-02  0.0000E+00
      6.719  0.0000E+00  0.0000E+00  0.0000E+00
      6.789  0.0000E+00  0.0000E+00  0.0000E+00
      6.858  0.0000E+00  0.0000E+00  0.0000E+00
      6.927  0.0000E+00  0.0000E+00  0.0000E+00
      6.997  0.0000E+00  0.0000E+00  0.0000E+00
      7.066  0.0000E+00  0.0000E+00  0.0000E+00
      7.135  0.0000E+00  0.0000E+00  0.0000E+00
      7.205  0.0000E+00  0.0000E+00  0.0000E+00
      7.274  0.0000E+00  0.0000E+00  0.0000E+00
      7.343  0.0000E+00  0.0000E+00  0.0000E+00
      7.413  0.0000E+00  0.0000E+00  0.0000E+00
      7.482  0.0000E+00  0.0000E+00  0.0000E+00
      7.551  0.0000E+00  0.0000E+00  0.0000E+00
      7.621  0.0000E+00  0.0000E+00  0.0000E+00
      7.690  0.0000E+00  0.0000E+00  0.0000E+00
