    -13.112  0.0000E+00  0.0000E+00  0.0000E+00
    -13.042  0.0000E+00  0.0000E+00  0.0000E+00
    -12.973  0.0000E+00  0.0000E+00  0.0000E+00
    -12.904  0.0000E+00  0.0000E+00  0.0000E+00
    -12.834  0.0000E+00  0.0000E+00  0.0000E+00
    -12.765  0.0000E+00  0.0000E+00  0.0000E+00
    -12.696  0.0000E+00  0.0000E+00  0.0000E+00
    -12.626  0.0000E+00  0.0000E+00  0.0000E+00
    -12.557  0.0000E+00  0.0000E+00  0.0000E+00
    -12.488  0.0000E+00  0.0000E+00  0.0000E+00
    -12.418  0.0000E+00  0.0000E+00  0.0000E+00
    -12.349  0.0000E+00  0.0000E+00  0.0000E+00
    -12.280  0.0000E+00  0.0000E+00  0.0000E+00
    -12.210  0.0000E+00  0.0000E+00  0.0000E+00
    -12.141  0.0000E+00  0.0000E+00  0.0000E+00
    -12.072  0.6545E-02  0.3305E-04  0.0000E+00
    -12.002  0.8155E-02  0.5579E-04  0.0000E+00
    -11.933  0.7113E-02  0.7038E-04  0.0000E+00
    -11.864  0.6648E-02  0.8777E-04  0.0000E+00
    -11.794  0.7279E-02  0.1059E-03  0.0000E+00
    -11.725  0.7751E-02  0.9533E-04  0.0000E+00
    -11.656  0.7489E-02  0.1049E-03  0.0000E+00
    -11.586  0.7314E-02  0.1139E-03  0.0000E+00
    -11.517  0.1156E+00  0.7964E-03  0.0000E+00
    -11.448  0.4278E-01  0.4201E-03  0.0000E+00
    -11.378  0.8950E-01  0.9977E-03  0.0000E+00
    -11.309  0.1264E+00  0.1694E-02  0.0000E+00
    -11.240  0.1613E+00  0.2217E-02  0.0000E+00
    -11.170  0.8216E-01  0.1230E-02  0.0000E+00
    -11.101  0.1093E+00  0.1807E-02  0.0000E+00
    -11.032  0.1162E+00  0.2094E-02  0.0000E+00
    -10.962  0.1115E+00  0.2128E-02  0.0000E+00
    -10.893  0.1294E+00  0.2612E-02  0.0000E+00
    -10.823  0.1192E+00  0.3054E-02  0.0000E+00
    -10.754  0.1202E+00  0.3159E-02  0.0000E+00
    -10.685  0.3302E+00  0.1307E-01  0.0000E+00
    -10.615  0.1862E+00  0.8765E-02  0.0000E+00
    -10.546  0.1859E+00  0.8746E-02  0.0000E+00
    -10.477  0.2992E+00  0.1331E-01  0.0000E+00
    -10.407  0.3882E+00  0.1425E-01  0.0000E+00
    -10.338  0.3684E+00  0.1476E-01  0.0000E+00
    -10.269  0.2407E+00  0.1003E-01  0.0000E+00
    -10.199  0.2688E+00  0.1209E-01  0.0000E+00
    -10.130  0.2876E+00  0.1320E-01  0.0000E+00
    -10.061  0.6216E+00  0.2894E-01  0.0000E+00
     -9.991  0.8535E+00  0.2958E-01  0.0000E+00
     -9.922  0.6968E+00  0.2464E-01  0.0000E+00
     -9.853  0.6035E+00  0.2104E-01  0.0000E+00
     -9.783  0.5380E+00  0.1866E-01  0.0000E+00
     -9.714  0.2558E+00  0.1142E-01  0.0000E+00
     -9.645  0.1991E+00  0.9399E-02  0.0000E+00
     -9.575  0.2243E+00  0.9175E-02  0.0000E+00
     -9.506  0.1733E+00  0.7657E-02  0.0000E+00
     -9.437  0.1781E+00  0.8771E-02  0.0000E+00
     -9.367  0.1023E+00  0.5115E-02  0.0000E+00
     -9.298  0.0000E+00  0.0000E+00  0.0000E+00
     -9.229  0.1025E-02  0.1658E-02  0.0000E+00
     -9.159  0.2916E-02  0.3576E-02  0.0000E+00
     -9.090  0.2959E-02  0.2837E-02  0.0000E+00
     -9.021  0.3942E-02  0.3606E-02  0.0000E+00
     -8.951  0.5343E-02  0.4019E-02  0.0000E+00
     -8.882  0.7832E-02  0.3980E-02  0.0000E+00
     -8.813  0.1481E-01  0.6151E-02  0.0000E+00
     -8.743  0.4796E-02  0.2445E-02  0.0000E+00
     -8.674  0.3096E-02  0.1058E-02  0.0000E+00
     -8.605  0.2740E-02  0.2342E-02  0.0000E+00
     -8.535  0.1866E-02  0.1892E-02  0.0000E+00
     -8.466  0.1432E-02  0.1463E-02  0.0000E+00
     -8.397  0.2036E-01  0.6107E-02  0.0000E+00
     -8.327  0.1672E-01  0.5086E-02  0.0000E+00
     -8.258  0.1634E-01  0.5237E-02  0.0000E+00
     -8.189  0.1902E-01  0.6312E-02  0.0000E+00
     -8.119  0.1717E-01  0.6876E-02  0.0000E+00
     -8.050  0.2247E-01  0.9576E-02  0.0000E+00
     -7.981  0.1952E-01  0.1086E-01  0.0000E+00
     -7.911  0.2551E-01  0.1399E-01  0.0000E+00
     -7.842  0.1980E-01  0.1043E-01  0.0000E+00
     -7.773  0.5005E+00  0.6702E-01  0.0000E+00
     -7.703  0.1935E+00  0.2444E-01  0.0000E+00
     -7.634  0.7772E+00  0.7774E-01  0.0000E+00
     -7.565  0.4808E+00  0.4410E-01  0.0000E+00
     -7.495  0.5330E+00  0.4746E-01  0.0000E+00
     -7.426  0.3401E+00  0.2780E-01  0.0000E+00
     -7.357  0.2845E+00  0.2042E-01  0.0000E+00
     -7.287  0.4645E+00  0.3189E-01  0.0000E+00
     -7.218  0.5416E+00  0.3118E-01  0.0000E+00
     -7.149  0.4570E+00  0.2520E-01  0.0000E+00
     -7.079  0.4186E+00  0.2270E-01  0.0000E+00
     -7.010  0.3151E+00  0.2024E-01  0.0000E+00
     -6.941  0.0000E+00  0.0000E+00  0.0000E+00
     -6.871  0.0000E+00  0.0000E+00  0.0000E+00
     -6.802  0.0000E+00  0.0000E+00  0.0000E+00
     -6.732  0.0000E+00  0.0000E+00  0.0000E+00
     -6.663  0.0000E+00  0.0000E+00  0.0000E+00
     -6.594  0.0000E+00  0.0000E+00  0.0000E+00
     -6.524  0.0000E+00  0.0000E+00  0.0000E+00
     -6.455  0.0000E+00  0.0000E+00  0.0000E+00
     -6.386  0.0000E+00  0.0000E+00  0.0000E+00
     -6.316  0.0000E+00  0.0000E+00  0.0000E+00
     -6.247  0.0000E+00  0.0000E+00  0.0000E+00
     -6.178  0.0000E+00  0.0000E+00  0.0000E+00
     -6.108  0.0000E+00  0.0000E+00  0.0000E+00
     -6.039  0.0000E+00  0.0000E+00  0.0000E+00
     -5.970  0.0000E+00  0.0000E+00  0.0000E+00
     -5.900  0.0000E+00  0.0000E+00  0.0000E+00
     -5.831  0.0000E+00  0.0000E+00  0.0000E+00
     -5.762  0.0000E+00  0.0000E+00  0.0000E+00
     -5.692  0.0000E+00  0.0000E+00  0.0000E+00
     -5.623  0.0000E+00  0.0000E+00  0.0000E+00
     -5.554  0.0000E+00  0.0000E+00  0.0000E+00
     -5.484  0.0000E+00  0.0000E+00  0.0000E+00
     -5.415  0.0000E+00  0.0000E+00  0.0000E+00
     -5.346  0.0000E+00  0.0000E+00  0.0000E+00
     -5.276  0.0000E+00  0.0000E+00  0.0000E+00
     -5.207  0.0000E+00  0.0000E+00  0.0000E+00
     -5.138  0.0000E+00  0.0000E+00  0.0000E+00
     -5.068  0.6010E-03  0.2121E-02  0.0000E+00
     -4.999  0.5466E-03  0.3286E-02  0.0000E+00
     -4.930  0.9086E-03  0.6454E-02  0.0000E+00
     -4.860  0.4627E-02  0.2797E-01  0.0000E+00
     -4.791  0.5645E-02  0.3395E-01  0.0000E+00
     -4.722  0.6191E-02  0.3833E-01  0.0000E+00
     -4.652  0.7924E-02  0.4891E-01  0.0000E+00
     -4.583  0.1880E-01  0.1125E+00  0.0000E+00
     -4.514  0.9027E-02  0.8468E-01  0.0000E+00
     -4.444  0.2325E-01  0.1388E+00  0.0000E+00
     -4.375  0.7000E-02  0.1551E+00  0.0000E+00
     -4.306  0.1611E-01  0.2179E+00  0.0000E+00
     -4.236  0.2160E-01  0.2105E+00  0.0000E+00
     -4.167  0.6147E-02  0.8001E-01  0.0000E+00
     -4.098  0.2842E-01  0.3729E+00  0.0000E+00
     -4.028  0.7108E-03  0.3238E-01  0.0000E+00
     -3.959  0.4808E-02  0.1375E+00  0.0000E+00
     -3.890  0.1821E-01  0.3516E+00  0.0000E+00
     -3.820  0.4153E-02  0.9613E-01  0.0000E+00
     -3.751  0.2651E-01  0.4937E+00  0.0000E+00
     -3.682  0.9474E-02  0.1949E+00  0.0000E+00
     -3.612  0.1574E-01  0.2805E+00  0.0000E+00
     -3.543  0.1595E-01  0.3413E+00  0.0000E+00
     -3.474  0.1854E-01  0.3446E+00  0.0000E+00
     -3.404  0.3725E-02  0.2208E+00  0.0000E+00
     -3.335  0.1440E-02  0.5200E-01  0.0000E+00
     -3.266  0.1895E-01  0.3855E+00  0.0000E+00
     -3.196  0.1673E-01  0.3909E+00  0.0000E+00
     -3.127  0.1310E-01  0.3328E+00  0.0000E+00
     -3.058  0.7086E-02  0.2063E+00  0.0000E+00
     -2.988  0.1895E-01  0.2882E+00  0.0000E+00
     -2.919  0.1072E-01  0.2372E+00  0.0000E+00
     -2.850  0.1658E-01  0.3448E+00  0.0000E+00
     -2.780  0.1531E-01  0.2554E+00  0.0000E+00
     -2.711  0.1370E-01  0.2919E+00  0.0000E+00
     -2.642  0.5691E-01  0.4451E+00  0.0000E+00
     -2.572  0.2875E-01  0.2929E+00  0.0000E+00
     -2.503  0.2847E-01  0.3759E+00  0.0000E+00
     -2.433  0.2347E-01  0.3060E+00  0.0000E+00
     -2.364  0.3077E-01  0.4173E+00  0.0000E+00
     -2.295  0.1055E-01  0.2545E+00  0.0000E+00
     -2.225  0.1836E-01  0.4021E+00  0.0000E+00
     -2.156  0.4931E-02  0.1040E+00  0.0000E+00
     -2.087  0.2271E-01  0.4063E+00  0.0000E+00
     -2.017  0.1490E-01  0.6773E+00  0.0000E+00
     -1.948  0.1022E-01  0.2597E+00  0.0000E+00
     -1.879  0.1433E-01  0.3056E+00  0.0000E+00
     -1.809  0.1007E-01  0.3065E+00  0.0000E+00
     -1.740  0.9673E-02  0.2919E+00  0.0000E+00
     -1.671  0.1212E-01  0.3481E+00  0.0000E+00
     -1.601  0.1212E-01  0.9048E+00  0.0000E+00
     -1.532  0.6861E-02  0.3935E+00  0.0000E+00
     -1.463  0.1868E-01  0.4614E+00  0.0000E+00
     -1.393  0.8946E-02  0.2297E+00  0.0000E+00
     -1.324  0.9722E-02  0.3019E+00  0.0000E+00
     -1.255  0.4240E-02  0.1699E+00  0.0000E+00
     -1.185  0.3978E-02  0.8833E-01  0.0000E+00
     -1.116  0.5767E-02  0.9207E-01  0.0000E+00
     -1.047  0.4640E-02  0.5572E-01  0.0000E+00
     -0.977  0.4898E-02  0.6872E-01  0.0000E+00
     -0.908  0.1048E-01  0.1604E+00  0.0000E+00
     -0.839  0.5311E-02  0.1233E+00  0.0000E+00
     -0.769  0.9425E-02  0.2064E+00  0.0000E+00
     -0.700  0.1239E-01  0.2994E+00  0.0000E+00
     -0.631  0.1625E-01  0.2976E+00  0.0000E+00
     -0.561  0.1122E-01  0.1293E+00  0.0000E+00
     -0.492  0.2332E-02  0.3006E-01  0.0000E+00
     -0.423  0.5416E-02  0.8121E-01  0.0000E+00
     -0.353  0.2741E-02  0.5069E-01  0.0000E+00
     -0.284  0.6089E-02  0.1052E+00  0.0000E+00
     -0.215  0.7627E-02  0.9946E-01  0.0000E+00
     -0.145  0.4130E-02  0.6139E-01  0.0000E+00
     -0.076  0.4236E-02  0.5433E-01  0.0000E+00
     -0.007  0.5974E-02  0.5817E-01  0.0000E+00
      0.063  0.5090E-02  0.3980E-01  0.0000E+00
      0.132  0.9321E-02  0.7401E-01  0.0000E+00
      0.201  0.1551E-01  0.8555E-01  0.0000E+00
      0.271  0.5009E-02  0.2988E-01  0.0000E+00
      0.340  0.1845E-01  0.8361E-01  0.0000E+00
      0.409  0.8581E-02  0.3072E-01  0.0000E+00
      0.479  0.2861E-01  0.1018E+00  0.0000E+00
      0.548  0.4410E-02  0.5383E-01  0.0000E+00
      0.617  0.6525E-02  0.4337E-01  0.0000E+00
      0.687  0.1473E-01  0.6253E-01  0.0000E+00
      0.756  0.1854E-01  0.6225E-01  0.0000E+00
      0.825  0.9689E-02  0.4181E-01  0.0000E+00
      0.895  0.2094E-01  0.8244E-01  0.0000E+00
      0.964  0.1389E-01  0.9435E-01  0.0000E+00
      1.033  0.1320E-01  0.8410E-01  0.0000E+00
      1.103  0.1115E-01  0.4650E-01  0.0000E+00
      1.172  0.3137E-01  0.1055E+00  0.0000E+00
      1.241  0.9942E-02  0.9722E-01  0.0000E+00
      1.311  0.1306E-01  0.4342E-01  0.0000E+00
      1.380  0.2543E-01  0.9168E-01  0.0000E+00
      1.449  0.2021E-01  0.1191E+00  0.0000E+00
      1.519  0.1155E-01  0.6782E-01  0.0000E+00
      1.588  0.1719E-01  0.1030E+00  0.0000E+00
      1.657  0.4219E-01  0.1868E+00  0.0000E+00
      1.727  0.3168E-01  0.1453E+00  0.0000E+00
      1.796  0.6517E-01  0.2224E+00  0.0000E+00
      1.866  0.3809E-01  0.1594E+00  0.0000E+00
      1.935  0.1695E-01  0.6942E-01  0.0000E+00
      2.004  0.1422E-01  0.6219E-01  0.0000E+00
      2.074  0.3831E-01  0.1962E+00  0.0000E+00
      2.143  0.2946E-01  0.1558E+00  0.0000E+00
      2.212  0.1570E-01  0.8177E-01  0.0000E+00
      2.282  0.1171E-01  0.9058E-01  0.0000E+00
      2.351  0.2278E-01  0.1544E+00  0.0000E+00
      2.420  0.1974E-01  0.7826E-01  0.0000E+00
      2.490  0.1220E-01  0.6353E-01  0.0000E+00
      2.559  0.1488E-01  0.5141E-01  0.0000E+00
      2.628  0.3221E-01  0.7536E-01  0.0000E+00
      2.698  0.4439E-01  0.9717E-01  0.0000E+00
      2.767  0.2672E-01  0.8191E-01  0.0000E+00
      2.836  0.2413E-01  0.7325E-01  0.0000E+00
      2.906  0.3337E-01  0.8903E-01  0.0000E+00
      2.975  0.2960E-01  0.8523E-01  0.0000E+00
      3.044  0.4692E-01  0.1379E+00  0.0000E+00
      3.114  0.4570E-01  0.1588E+00  0.0000E+00
      3.183  0.4770E-01  0.1503E+00  0.0000E+00
      3.252  0.4889E-01  0.1249E+00  0.0000E+00
      3.322  0.3571E-01  0.1052E+00  0.0000E+00
      3.391  0.3488E-01  0.1052E+00  0.0000E+00
      3.460  0.2794E-01  0.1120E+00  0.0000E+00
      3.530  0.2897E-01  0.1167E+00  0.0000E+00
      3.599  0.2748E-01  0.1742E+00  0.0000E+00
      3.668  0.4218E-01  0.2662E+00  0.0000E+00
      3.738  0.2185E-01  0.1532E+00  0.0000E+00
      3.807  0.2228E-01  0.1817E+00  0.0000E+00
      3.876  0.1561E-01  0.1440E+00  0.0000E+00
      3.946  0.1677E-01  0.1230E+00  0.0000E+00
      4.015  0.2460E-01  0.2761E+00  0.0000E+00
      4.084  0.1835E-01  0.2407E+00  0.0000E+00
      4.154  0.2651E-01  0.2222E+00  0.0000E+00
      4.223  0.2172E-01  0.1990E+00  0.0000E+00
      4.292  0.1841E-01  0.1642E+00  0.0000E+00
      4.362  0.1670E-01  0.2315E+00  0.0000E+00
      4.431  0.2355E-01  0.3038E+00  0.0000E+00
      4.500  0.3256E-01  0.2416E+00  0.0000E+00
      4.570  0.2878E-01  0.2109E+00  0.0000E+00
      4.639  0.1226E-01  0.1360E+00  0.0000E+00
      4.708  0.2543E-01  0.1430E+00  0.0000E+00
      4.778  0.3132E-01  0.1478E+00  0.0000E+00
      4.847  0.1371E-01  0.7937E-01  0.0000E+00
      4.916  0.1386E-01  0.8789E-01  0.0000E+00
      4.986  0.2219E-01  0.1317E+00  0.0000E+00
      5.055  0.1970E-01  0.1259E+00  0.0000E+00
      5.124  0.3113E-01  0.3074E+00  0.0000E+00
      5.194  0.1720E-01  0.1787E+00  0.0000E+00
      5.263  0.8569E-02  0.1676E+00  0.0000E+00
      5.332  0.1498E-01  0.3129E+00  0.0000E+00
      5.402  0.2022E-01  0.2162E+00  0.0000E+00
      5.471  0.3462E-01  0.2353E+00  0.0000E+00
      5.540  0.4343E-01  0.2269E+00  0.0000E+00
      5.610  0.5014E-01  0.2096E+00  0.0000E+00
      5.679  0.5171E-01  0.3193E+00  0.0000E+00
      5.748  0.4630E-01  0.2935E+00  0.0000E+00
      5.818  0.2889E-01  0.2342E+00  0.0000E+00
      5.887  0.3206E-01  0.3098E+00  0.0000E+00
      5.956  0.4038E-01  0.3985E+00  0.0000E+00
      6.026  0.2077E-01  0.1876E+00  0.0000E+00
      6.095  0.1190E-01  0.9550E-01  0.0000E+00
      6.165  0.5720E-02  0.3434E-01  0.0000E+00
      6.234  0.6549E-02  0.4156E-01  0.0000E+00
      6.303  0.6439E-02  0.4263E-01  0.0000E+00
      6.373  0.5808E-02  0.3549E-01  0.0000E+00
      6.442  0.6441E-02  0.3150E-01  0.0000E+00
      6.511  0.4372E-02  0.2035E-01  0.0000E+00
      6.581  0.1885E-02  0.8642E-02  0.0000E+00
      6.650  0.7907E-03  0.3546E-02  0.0000E+00
      6.719  0.0000E+00  0.0000E+00  0.0000E+00
      6.789  0.0000E+00  0.0000E+00  0.0000E+00
      6.858  0.0000E+00  0.0000E+00  0.0000E+00
      6.927  0.0000E+00  0.0000E+00  0.0000E+00
      6.997  0.0000E+00  0.0000E+00  0.0000E+00
      7.066  0.0000E+00  0.0000E+00  0.0000E+00
      7.135  0.0000E+00  0.0000E+00  0.0000E+00
      7.205  0.0000E+00  0.0000E+00  0.0000E+00
      7.274  0.0000E+00  0.0000E+00  0.0000E+00
      7.343  0.0000E+00  0.0000E+00  0.0000E+00
      7.413  0.0000E+00  0.0000E+00  0.0000E+00
      7.482  0.0000E+00  0.0000E+00  0.0000E+00
      7.551  0.0000E+00  0.0000E+00  0.0000E+00
      7.621  0.0000E+00  0.0000E+00  0.0000E+00
      7.690  0.0000E+00  0.0000E+00  0.0000E+00
