    -13.112  0.0000E+00  0.0000E+00  0.0000E+00
    -13.042  0.0000E+00  0.0000E+00  0.0000E+00
    -12.973  0.0000E+00  0.0000E+00  0.0000E+00
    -12.904  0.0000E+00  0.0000E+00  0.0000E+00
    -12.834  0.0000E+00  0.0000E+00  0.0000E+00
    -12.765  0.0000E+00  0.0000E+00  0.0000E+00
    -12.696  0.0000E+00  0.0000E+00  0.0000E+00
    -12.626  0.0000E+00  0.0000E+00  0.0000E+00
    -12.557  0.0000E+00  0.0000E+00  0.0000E+00
    -12.488  0.0000E+00  0.0000E+00  0.0000E+00
    -12.418  0.0000E+00  0.0000E+00  0.0000E+00
    -12.349  0.0000E+00  0.0000E+00  0.0000E+00
    -12.280  0.0000E+00  0.0000E+00  0.0000E+00
    -12.210  0.0000E+00  0.0000E+00  0.0000E+00
    -12.141  0.0000E+00  0.0000E+00  0.0000E+00
    -12.072  0.2057E-01  0.3584E-02  0.7124E-03
    -12.002  0.2588E-01  0.4906E-02  0.1063E-02
    -11.933  0.2428E-01  0.5048E-02  0.1175E-02
    -11.864  0.2552E-01  0.5579E-02  0.1341E-02
    -11.794  0.2794E-01  0.6496E-02  0.1587E-02
    -11.725  0.2417E-01  0.6468E-02  0.1756E-02
    -11.656  0.2593E-01  0.7184E-02  0.2026E-02
    -11.586  0.2845E-01  0.7963E-02  0.2305E-02
    -11.517  0.5323E-01  0.1286E-01  0.3813E-02
    -11.448  0.3553E-01  0.9391E-02  0.2775E-02
    -11.378  0.4727E-01  0.1254E-01  0.3972E-02
    -11.309  0.4802E-01  0.1864E-01  0.7407E-02
    -11.240  0.4810E-01  0.2169E-01  0.8863E-02
    -11.170  0.2347E-01  0.9449E-02  0.3476E-02
    -11.101  0.3078E-01  0.1460E-01  0.5707E-02
    -11.032  0.3872E-01  0.1858E-01  0.7447E-02
    -10.962  0.2756E-01  0.1595E-01  0.7441E-02
    -10.893  0.2946E-01  0.2205E-01  0.1113E-01
    -10.823  0.3196E-01  0.2942E-01  0.1536E-01
    -10.754  0.3621E-01  0.3917E-01  0.2098E-01
    -10.685  0.5184E-01  0.5411E-01  0.3196E-01
    -10.615  0.2707E-01  0.2799E-01  0.1660E-01
    -10.546  0.2185E-01  0.2143E-01  0.1267E-01
    -10.477  0.2464E-01  0.3047E-01  0.1835E-01
    -10.407  0.1659E-01  0.2860E-01  0.1854E-01
    -10.338  0.1904E-01  0.4714E-01  0.3131E-01
    -10.269  0.8771E-02  0.2520E-01  0.1775E-01
    -10.199  0.7463E-02  0.2147E-01  0.1507E-01
    -10.130  0.7997E-02  0.3468E-02  0.2036E-02
    -10.061  0.5721E-02  0.9964E-02  0.5748E-02
     -9.991  0.3762E-02  0.5206E-02  0.3311E-02
     -9.922  0.1898E-02  0.4339E-02  0.2860E-02
     -9.853  0.1212E-02  0.3668E-02  0.2459E-02
     -9.783  0.7474E-03  0.3234E-02  0.2206E-02
     -9.714  0.4590E-03  0.1297E-02  0.8190E-03
     -9.645  0.3454E-03  0.1121E-02  0.7141E-03
     -9.575  0.2425E-03  0.1060E-02  0.6929E-03
     -9.506  0.1635E-03  0.9969E-03  0.6659E-03
     -9.437  0.4696E-04  0.1361E-02  0.9539E-03
     -9.367  0.1789E-04  0.8232E-03  0.5860E-03
     -9.298  0.0000E+00  0.0000E+00  0.0000E+00
     -9.229  0.2113E-01  0.9731E-03  0.3865E-02
     -9.159  0.4377E-01  0.3475E-02  0.8768E-02
     -9.090  0.4081E-01  0.5304E-02  0.8967E-02
     -9.021  0.3804E-01  0.8247E-02  0.9405E-02
     -8.951  0.4324E-01  0.1460E-01  0.1321E-01
     -8.882  0.4936E-01  0.2495E-01  0.1874E-01
     -8.813  0.8739E-01  0.5796E-01  0.3517E-01
     -8.743  0.2811E-01  0.2724E-01  0.1569E-01
     -8.674  0.2539E-01  0.1934E-01  0.1392E-01
     -8.605  0.4400E-01  0.2131E-01  0.2084E-01
     -8.535  0.2937E-01  0.1871E-01  0.1766E-01
     -8.466  0.2044E-01  0.1573E-01  0.1456E-01
     -8.397  0.3141E-01  0.2655E-01  0.2356E-01
     -8.327  0.2622E-01  0.2544E-01  0.2273E-01
     -8.258  0.2771E-01  0.2634E-01  0.2334E-01
     -8.189  0.3373E-01  0.3139E-01  0.2685E-01
     -8.119  0.3719E-01  0.3664E-01  0.3138E-01
     -8.050  0.8994E-01  0.6567E-01  0.5495E-01
     -7.981  0.8763E-01  0.6105E-01  0.6670E-01
     -7.911  0.1071E+00  0.7713E-01  0.1010E+00
     -7.842  0.5343E-01  0.6016E-01  0.1102E+00
     -7.773  0.5314E-01  0.8354E-01  0.8210E-01
     -7.703  0.2316E-01  0.4266E-01  0.6926E-01
     -7.634  0.6161E-01  0.1615E+00  0.2184E+00
     -7.565  0.1439E-01  0.6904E-01  0.9061E-01
     -7.495  0.1635E-01  0.5763E-01  0.8538E-01
     -7.426  0.1238E-01  0.6088E-01  0.6940E-01
     -7.357  0.5624E-02  0.2898E-01  0.3712E-01
     -7.287  0.5004E-02  0.9030E-01  0.9604E-01
     -7.218  0.2413E-03  0.6225E-03  0.1554E-02
     -7.149  0.1645E-03  0.3960E-03  0.9692E-03
     -7.079  0.1111E-03  0.1851E-03  0.4705E-03
     -7.010  0.2134E-04  0.1157E-03  0.1735E-03
     -6.941  0.0000E+00  0.0000E+00  0.0000E+00
     -6.871  0.0000E+00  0.0000E+00  0.0000E+00
     -6.802  0.0000E+00  0.0000E+00  0.0000E+00
     -6.732  0.0000E+00  0.0000E+00  0.0000E+00
     -6.663  0.0000E+00  0.0000E+00  0.0000E+00
     -6.594  0.0000E+00  0.0000E+00  0.0000E+00
     -6.524  0.0000E+00  0.0000E+00  0.0000E+00
     -6.455  0.0000E+00  0.0000E+00  0.0000E+00
     -6.386  0.0000E+00  0.0000E+00  0.0000E+00
     -6.316  0.0000E+00  0.0000E+00  0.0000E+00
     -6.247  0.0000E+00  0.0000E+00  0.0000E+00
     -6.178  0.0000E+00  0.0000E+00  0.0000E+00
     -6.108  0.0000E+00  0.0000E+00  0.0000E+00
     -6.039  0.0000E+00  0.0000E+00  0.0000E+00
     -5.970  0.0000E+00  0.0000E+00  0.0000E+00
     -5.900  0.0000E+00  0.0000E+00  0.0000E+00
     -5.831  0.0000E+00  0.0000E+00  0.0000E+00
     -5.762  0.0000E+00  0.0000E+00  0.0000E+00
     -5.692  0.0000E+00  0.0000E+00  0.0000E+00
     -5.623  0.0000E+00  0.0000E+00  0.0000E+00
     -5.554  0.0000E+00  0.0000E+00  0.0000E+00
     -5.484  0.0000E+00  0.0000E+00  0.0000E+00
     -5.415  0.0000E+00  0.0000E+00  0.0000E+00
     -5.346  0.0000E+00  0.0000E+00  0.0000E+00
     -5.276  0.0000E+00  0.0000E+00  0.0000E+00
     -5.207  0.0000E+00  0.0000E+00  0.0000E+00
     -5.138  0.0000E+00  0.0000E+00  0.0000E+00
     -5.068  0.6312E-01  0.1167E-01  0.3240E-01
     -4.999  0.4347E-01  0.9993E-02  0.2215E-01
     -4.930  0.4009E-01  0.1099E-01  0.2115E-01
     -4.860  0.4417E-01  0.1229E-01  0.2378E-01
     -4.791  0.4713E-01  0.1369E-01  0.2597E-01
     -4.722  0.5699E-01  0.1939E-01  0.3446E-01
     -4.652  0.6676E-01  0.2526E-01  0.4421E-01
     -4.583  0.1257E+00  0.5345E-01  0.9082E-01
     -4.514  0.9329E-01  0.3293E-01  0.6365E-01
     -4.444  0.1135E+00  0.4987E-01  0.1093E+00
     -4.375  0.8815E-01  0.4503E-01  0.8156E-01
     -4.306  0.1059E+00  0.4990E-01  0.1409E+00
     -4.236  0.7899E-01  0.5988E-01  0.1571E+00
     -4.167  0.4484E-01  0.3328E-01  0.7821E-01
     -4.098  0.2962E+00  0.1958E+00  0.4514E+00
     -4.028  0.8387E-02  0.5020E-02  0.1144E-01
     -3.959  0.5314E-01  0.2575E-01  0.7312E-01
     -3.890  0.1459E+00  0.8343E-01  0.2411E+00
     -3.820  0.3640E-01  0.2309E-01  0.7355E-01
     -3.751  0.1065E+00  0.7588E-01  0.2853E+00
     -3.682  0.6130E-01  0.3372E-01  0.1096E+00
     -3.612  0.9022E-01  0.5836E-01  0.2221E+00
     -3.543  0.7747E-01  0.5013E-01  0.1794E+00
     -3.474  0.1002E+00  0.5246E-01  0.2366E+00
     -3.404  0.3849E-01  0.6440E-01  0.2249E+00
     -3.335  0.2629E-01  0.1226E-01  0.5365E-01
     -3.266  0.8488E-01  0.4038E-01  0.2701E+00
     -3.196  0.1165E+00  0.5331E-01  0.3691E+00
     -3.127  0.9324E-01  0.4942E-01  0.3594E+00
     -3.058  0.4860E-01  0.3374E-01  0.1696E+00
     -2.988  0.1069E+00  0.5288E-01  0.3366E+00
     -2.919  0.8257E-01  0.4404E-01  0.3064E+00
     -2.850  0.6544E-01  0.6244E-01  0.3929E+00
     -2.780  0.6847E-01  0.6190E-01  0.4600E+00
     -2.711  0.6707E-01  0.3381E-01  0.3764E+00
     -2.642  0.9527E-01  0.5120E-01  0.3475E+00
     -2.572  0.5959E-01  0.3991E-01  0.2917E+00
     -2.503  0.5406E-01  0.3979E-01  0.2522E+00
     -2.433  0.5346E-01  0.4042E-01  0.2145E+00
     -2.364  0.7576E-01  0.4670E-01  0.3910E+00
     -2.295  0.5598E-01  0.3729E-01  0.1986E+00
     -2.225  0.6400E-01  0.5467E-01  0.3950E+00
     -2.156  0.1397E-01  0.1520E-01  0.1149E+00
     -2.087  0.6303E-01  0.9046E-01  0.5232E+00
     -2.017  0.5661E-01  0.7813E-01  0.6673E+00
     -1.948  0.5573E-01  0.1158E+00  0.6902E+00
     -1.879  0.8940E-01  0.8808E-01  0.9488E+00
     -1.809  0.6248E-01  0.6489E-01  0.7893E+00
     -1.740  0.3574E-01  0.7179E-01  0.7452E+00
     -1.671  0.2646E-01  0.8289E-01  0.6636E+00
     -1.601  0.5516E-01  0.9185E-01  0.1215E+01
     -1.532  0.3329E-01  0.6897E-01  0.7444E+00
     -1.463  0.2889E-01  0.6874E-01  0.1058E+01
     -1.393  0.2192E-01  0.1009E+00  0.7612E+00
     -1.324  0.3899E-01  0.8947E-01  0.7457E+00
     -1.255  0.1540E-01  0.4304E-01  0.4594E+00
     -1.185  0.2376E-01  0.6409E-01  0.1041E+01
     -1.116  0.5895E-01  0.8746E-01  0.1067E+01
     -1.047  0.6749E-02  0.2032E-01  0.4214E+00
     -0.977  0.2292E-01  0.8254E-01  0.1923E+01
     -0.908  0.2019E-01  0.9840E-01  0.1799E+01
     -0.839  0.1374E-01  0.1168E+00  0.1861E+01
     -0.769  0.1197E-01  0.8861E-01  0.2068E+01
     -0.700  0.1901E-01  0.4798E-01  0.1022E+01
     -0.631  0.1906E-01  0.1138E+00  0.2301E+01
     -0.561  0.1462E-01  0.8798E-01  0.1483E+01
     -0.492  0.8329E-02  0.2603E-01  0.8401E+00
     -0.423  0.2048E-01  0.1435E+00  0.2409E+01
     -0.353  0.1317E-01  0.6634E-01  0.1471E+01
     -0.284  0.1952E-01  0.1071E+00  0.3014E+01
     -0.215  0.1439E-01  0.1224E+00  0.2969E+01
     -0.145  0.1144E-01  0.5639E-01  0.3045E+01
     -0.076  0.1379E-01  0.7729E-01  0.2903E+01
     -0.007  0.1549E-01  0.5595E-01  0.2582E+01
      0.063  0.1391E-01  0.6762E-01  0.2453E+01
      0.132  0.1687E-01  0.8046E-01  0.3631E+01
      0.201  0.3978E-01  0.8044E-01  0.4642E+01
      0.271  0.1645E-01  0.6344E-01  0.1822E+01
      0.340  0.7119E-01  0.1325E+00  0.4792E+01
      0.409  0.1247E-01  0.4292E-01  0.1556E+01
      0.479  0.2060E-01  0.8964E-01  0.4431E+01
      0.548  0.7541E-02  0.3484E-01  0.2461E+01
      0.617  0.1116E-01  0.3652E-01  0.2343E+01
      0.687  0.2606E-01  0.6709E-01  0.3763E+01
      0.756  0.2427E-01  0.7114E-01  0.4333E+01
      0.825  0.2128E-01  0.5637E-01  0.2925E+01
      0.895  0.2184E-01  0.1216E+00  0.2769E+01
      0.964  0.1455E-01  0.7130E-01  0.2125E+01
      1.033  0.2097E-01  0.1296E+00  0.3543E+01
      1.103  0.1633E-01  0.4927E-01  0.1225E+01
      1.172  0.3022E-01  0.1377E+00  0.2267E+01
      1.241  0.2703E-01  0.6475E-01  0.1182E+01
      1.311  0.1731E-01  0.5555E-01  0.1245E+01
      1.380  0.3772E-01  0.6388E-01  0.1192E+01
      1.449  0.3828E-01  0.1013E+00  0.1690E+01
      1.519  0.1453E-01  0.3205E-01  0.9353E+00
      1.588  0.4387E-01  0.3207E-01  0.1149E+01
      1.657  0.1393E+00  0.7931E-01  0.1466E+01
      1.727  0.5169E-01  0.8328E-01  0.1085E+01
      1.796  0.4269E-01  0.7933E-01  0.1149E+01
      1.866  0.2337E-01  0.3796E-01  0.5487E+00
      1.935  0.9041E-02  0.1388E-01  0.2469E+00
      2.004  0.8708E-02  0.2189E-01  0.2789E+00
      2.074  0.4005E-01  0.5934E-01  0.7833E+00
      2.143  0.3408E-01  0.5644E-01  0.6014E+00
      2.212  0.1990E-01  0.3448E-01  0.4718E+00
      2.282  0.7790E-02  0.2642E-01  0.3468E+00
      2.351  0.3411E-01  0.7241E-01  0.6483E+00
      2.420  0.2551E-01  0.4464E-01  0.4767E+00
      2.490  0.2432E-01  0.4171E-01  0.3133E+00
      2.559  0.2552E-01  0.3575E-01  0.2723E+00
      2.628  0.3262E-01  0.6274E-01  0.4448E+00
      2.698  0.4773E-01  0.9162E-01  0.4985E+00
      2.767  0.2038E-01  0.5411E-01  0.4146E+00
      2.836  0.2690E-01  0.4711E-01  0.3185E+00
      2.906  0.2792E-01  0.5438E-01  0.4175E+00
      2.975  0.2620E-01  0.5977E-01  0.3785E+00
      3.044  0.3585E-01  0.8137E-01  0.5289E+00
      3.114  0.2708E-01  0.8368E-01  0.4189E+00
      3.183  0.2672E-01  0.7134E-01  0.3732E+00
      3.252  0.2586E-01  0.5199E-01  0.3038E+00
      3.322  0.2870E-01  0.4002E-01  0.2721E+00
      3.391  0.1588E-01  0.4673E-01  0.3429E+00
      3.460  0.1780E-01  0.3997E-01  0.2667E+00
      3.530  0.1621E-01  0.3594E-01  0.1996E+00
      3.599  0.2475E-01  0.5387E-01  0.2968E+00
      3.668  0.3948E-01  0.9315E-01  0.4203E+00
      3.738  0.3559E-01  0.8685E-01  0.3319E+00
      3.807  0.1842E-01  0.5608E-01  0.2511E+00
      3.876  0.2223E-01  0.7545E-01  0.2370E+00
      3.946  0.1846E-01  0.7563E-01  0.2193E+00
      4.015  0.1663E-01  0.5822E-01  0.3050E+00
      4.084  0.1247E-01  0.4398E-01  0.2299E+00
      4.154  0.1958E-01  0.5326E-01  0.2127E+00
      4.223  0.2290E-01  0.4245E-01  0.1848E+00
      4.292  0.9142E-02  0.3744E-01  0.1276E+00
      4.362  0.3191E-01  0.5795E-01  0.1671E+00
      4.431  0.2483E-01  0.6782E-01  0.1924E+00
      4.500  0.1974E-01  0.5658E-01  0.1779E+00
      4.570  0.2073E-01  0.6867E-01  0.2743E+00
      4.639  0.1318E-01  0.3611E-01  0.1487E+00
      4.708  0.2520E-01  0.7061E-01  0.1647E+00
      4.778  0.3021E-01  0.6836E-01  0.3150E+00
      4.847  0.1748E-01  0.4994E-01  0.1822E+00
      4.916  0.2047E-01  0.5616E-01  0.1741E+00
      4.986  0.3350E-01  0.7816E-01  0.3288E+00
      5.055  0.2819E-01  0.9591E-01  0.2910E+00
      5.124  0.7045E-01  0.1249E+00  0.4092E+00
      5.194  0.1609E-01  0.4977E-01  0.1538E+00
      5.263  0.1185E-01  0.3754E-01  0.1306E+00
      5.332  0.1466E-01  0.5148E-01  0.1391E+00
      5.402  0.1190E-01  0.6348E-01  0.1865E+00
      5.471  0.8792E-02  0.5106E-01  0.1125E+00
      5.540  0.7535E-02  0.4381E-01  0.8046E-01
      5.610  0.1368E-01  0.4190E-01  0.1029E+00
      5.679  0.1030E-01  0.3425E-01  0.1073E+00
      5.748  0.9579E-02  0.3043E-01  0.9798E-01
      5.818  0.1183E-01  0.2084E-01  0.1094E+00
      5.887  0.7039E-02  0.1704E-01  0.6407E-01
      5.956  0.1545E-01  0.2000E-01  0.6600E-01
      6.026  0.9781E-02  0.1125E-01  0.3441E-01
      6.095  0.8076E-02  0.1062E-01  0.3006E-01
      6.165  0.5400E-02  0.5476E-02  0.1322E-01
      6.234  0.7930E-02  0.7829E-02  0.1889E-01
      6.303  0.1003E-01  0.1013E-01  0.2404E-01
      6.373  0.1116E-01  0.1081E-01  0.2420E-01
      6.442  0.1137E-01  0.1311E-01  0.2816E-01
      6.511  0.6338E-02  0.1106E-01  0.1928E-01
      6.581  0.4025E-02  0.7996E-02  0.9759E-02
      6.650  0.1801E-02  0.3901E-02  0.4505E-02
      6.719  0.0000E+00  0.0000E+00  0.0000E+00
      6.789  0.0000E+00  0.0000E+00  0.0000E+00
      6.858  0.0000E+00  0.0000E+00  0.0000E+00
      6.927  0.0000E+00  0.0000E+00  0.0000E+00
      6.997  0.0000E+00  0.0000E+00  0.0000E+00
      7.066  0.0000E+00  0.0000E+00  0.0000E+00
      7.135  0.0000E+00  0.0000E+00  0.0000E+00
      7.205  0.0000E+00  0.0000E+00  0.0000E+00
      7.274  0.0000E+00  0.0000E+00  0.0000E+00
      7.343  0.0000E+00  0.0000E+00  0.0000E+00
      7.413  0.0000E+00  0.0000E+00  0.0000E+00
      7.482  0.0000E+00  0.0000E+00  0.0000E+00
      7.551  0.0000E+00  0.0000E+00  0.0000E+00
      7.621  0.0000E+00  0.0000E+00  0.0000E+00
      7.690  0.0000E+00  0.0000E+00  0.0000E+00
