    -13.112  0.0000E+00  0.0000E+00  0.0000E+00
    -13.042  0.0000E+00  0.0000E+00  0.0000E+00
    -12.973  0.0000E+00  0.0000E+00  0.0000E+00
    -12.904  0.0000E+00  0.0000E+00  0.0000E+00
    -12.834  0.0000E+00  0.0000E+00  0.0000E+00
    -12.765  0.0000E+00  0.0000E+00  0.0000E+00
    -12.696  0.0000E+00  0.0000E+00  0.0000E+00
    -12.626  0.0000E+00  0.0000E+00  0.0000E+00
    -12.557  0.0000E+00  0.0000E+00  0.0000E+00
    -12.488  0.0000E+00  0.0000E+00  0.0000E+00
    -12.418  0.0000E+00  0.0000E+00  0.0000E+00
    -12.349  0.0000E+00  0.0000E+00  0.0000E+00
    -12.280  0.0000E+00  0.0000E+00  0.0000E+00
    -12.210  0.0000E+00  0.0000E+00  0.0000E+00
    -12.141  0.0000E+00  0.0000E+00  0.0000E+00
    -12.072  0.3315E-01  0.1184E-02  0.1345E-02
    -12.002  0.4129E-01  0.2182E-02  0.1780E-02
    -11.933  0.3634E-01  0.2964E-02  0.1727E-02
    -11.864  0.3459E-01  0.3806E-02  0.1813E-02
    -11.794  0.3783E-01  0.4899E-02  0.2042E-02
    -11.725  0.3740E-01  0.5899E-02  0.2201E-02
    -11.656  0.3517E-01  0.7444E-02  0.2500E-02
    -11.586  0.3354E-01  0.8855E-02  0.2833E-02
    -11.517  0.5653E-01  0.1233E-01  0.5221E-02
    -11.448  0.2929E-01  0.1162E-01  0.3515E-02
    -11.378  0.3799E-01  0.1460E-01  0.4957E-02
    -11.309  0.7276E-01  0.1571E-01  0.6477E-02
    -11.240  0.8452E-01  0.1927E-01  0.7749E-02
    -11.170  0.2853E-01  0.9774E-02  0.4330E-02
    -11.101  0.3275E-01  0.1358E-01  0.6109E-02
    -11.032  0.4368E-01  0.1947E-01  0.7871E-02
    -10.962  0.3889E-01  0.1783E-01  0.6591E-02
    -10.893  0.4109E-01  0.2595E-01  0.8386E-02
    -10.823  0.4279E-01  0.3413E-01  0.1210E-01
    -10.754  0.5082E-01  0.4588E-01  0.1612E-01
    -10.685  0.6763E-01  0.6170E-01  0.2645E-01
    -10.615  0.3057E-01  0.3240E-01  0.1384E-01
    -10.546  0.1972E-01  0.2485E-01  0.1058E-01
    -10.477  0.2276E-01  0.3740E-01  0.1497E-01
    -10.407  0.2612E-01  0.3329E-01  0.1157E-01
    -10.338  0.2526E-01  0.5693E-01  0.2004E-01
    -10.269  0.9830E-02  0.3594E-01  0.1275E-01
    -10.199  0.3303E-02  0.2949E-01  0.9701E-02
    -10.130  0.2338E-02  0.3695E-02  0.2197E-02
    -10.061  0.1063E-01  0.6372E-02  0.4989E-02
     -9.991  0.2397E-02  0.4924E-02  0.2700E-02
     -9.922  0.1836E-02  0.4082E-02  0.2211E-02
     -9.853  0.1452E-02  0.3294E-02  0.1846E-02
     -9.783  0.9978E-03  0.2838E-02  0.1504E-02
     -9.714  0.5806E-03  0.9690E-03  0.6617E-03
     -9.645  0.4619E-03  0.8445E-03  0.5738E-03
     -9.575  0.4167E-03  0.7687E-03  0.5683E-03
     -9.506  0.2928E-03  0.7183E-03  0.5201E-03
     -9.437  0.1704E-03  0.9559E-03  0.7037E-03
     -9.367  0.7194E-04  0.5634E-03  0.4277E-03
     -9.298  0.0000E+00  0.0000E+00  0.0000E+00
     -9.229  0.1945E-04  0.1102E-01  0.2088E-02
     -9.159  0.9754E-04  0.2391E-01  0.5845E-02
     -9.090  0.2681E-03  0.2023E-01  0.7050E-02
     -9.021  0.4481E-03  0.2724E-01  0.1001E-01
     -8.951  0.5820E-02  0.3338E-01  0.1754E-01
     -8.882  0.1345E-01  0.3945E-01  0.2946E-01
     -8.813  0.4824E-01  0.7932E-01  0.6970E-01
     -8.743  0.2384E-01  0.3497E-01  0.3283E-01
     -8.674  0.1900E-01  0.2688E-01  0.2714E-01
     -8.605  0.1957E-01  0.2182E-01  0.5206E-01
     -8.535  0.1519E-01  0.1731E-01  0.4401E-01
     -8.466  0.1096E-01  0.1411E-01  0.3422E-01
     -8.397  0.3714E-01  0.2080E-01  0.3323E-01
     -8.327  0.3037E-01  0.1966E-01  0.3532E-01
     -8.258  0.3320E-01  0.1978E-01  0.3492E-01
     -8.189  0.3890E-01  0.2458E-01  0.3660E-01
     -8.119  0.3884E-01  0.2710E-01  0.4785E-01
     -8.050  0.8533E-01  0.4341E-01  0.5642E-01
     -7.981  0.7271E-01  0.4642E-01  0.5349E-01
     -7.911  0.8661E-01  0.6248E-01  0.6786E-01
     -7.842  0.4677E-01  0.4436E-01  0.6943E-01
     -7.773  0.5566E-01  0.4870E-01  0.7578E-01
     -7.703  0.3314E-01  0.3164E-01  0.4414E-01
     -7.634  0.8447E-01  0.7398E-01  0.2185E+00
     -7.565  0.2998E-01  0.2441E-01  0.1114E+00
     -7.495  0.2604E-01  0.4756E-01  0.5447E-01
     -7.426  0.1591E-01  0.4353E-01  0.5387E-01
     -7.357  0.7152E-02  0.3065E-01  0.1011E-01
     -7.287  0.5049E-02  0.9433E-01  0.2203E-01
     -7.218  0.1671E-03  0.5626E-03  0.1431E-02
     -7.149  0.1052E-03  0.4450E-03  0.8167E-03
     -7.079  0.5874E-04  0.2920E-03  0.4051E-03
     -7.010  0.1939E-04  0.1564E-03  0.1269E-03
     -6.941  0.0000E+00  0.0000E+00  0.0000E+00
     -6.871  0.0000E+00  0.0000E+00  0.0000E+00
     -6.802  0.0000E+00  0.0000E+00  0.0000E+00
     -6.732  0.0000E+00  0.0000E+00  0.0000E+00
     -6.663  0.0000E+00  0.0000E+00  0.0000E+00
     -6.594  0.0000E+00  0.0000E+00  0.0000E+00
     -6.524  0.0000E+00  0.0000E+00  0.0000E+00
     -6.455  0.0000E+00  0.0000E+00  0.0000E+00
     -6.386  0.0000E+00  0.0000E+00  0.0000E+00
     -6.316  0.0000E+00  0.0000E+00  0.0000E+00
     -6.247  0.0000E+00  0.0000E+00  0.0000E+00
     -6.178  0.0000E+00  0.0000E+00  0.0000E+00
     -6.108  0.0000E+00  0.0000E+00  0.0000E+00
     -6.039  0.0000E+00  0.0000E+00  0.0000E+00
     -5.970  0.0000E+00  0.0000E+00  0.0000E+00
     -5.900  0.0000E+00  0.0000E+00  0.0000E+00
     -5.831  0.0000E+00  0.0000E+00  0.0000E+00
     -5.762  0.0000E+00  0.0000E+00  0.0000E+00
     -5.692  0.0000E+00  0.0000E+00  0.0000E+00
     -5.623  0.0000E+00  0.0000E+00  0.0000E+00
     -5.554  0.0000E+00  0.0000E+00  0.0000E+00
     -5.484  0.0000E+00  0.0000E+00  0.0000E+00
     -5.415  0.0000E+00  0.0000E+00  0.0000E+00
     -5.346  0.0000E+00  0.0000E+00  0.0000E+00
     -5.276  0.0000E+00  0.0000E+00  0.0000E+00
     -5.207  0.0000E+00  0.0000E+00  0.0000E+00
     -5.138  0.0000E+00  0.0000E+00  0.0000E+00
     -5.068  0.1364E+00  0.1619E-01  0.7707E-01
     -4.999  0.9407E-01  0.1403E-01  0.5315E-01
     -4.930  0.8840E-01  0.1532E-01  0.5060E-01
     -4.860  0.8836E-01  0.1649E-01  0.5219E-01
     -4.791  0.8767E-01  0.1667E-01  0.5408E-01
     -4.722  0.9636E-01  0.2064E-01  0.6466E-01
     -4.652  0.1062E+00  0.2509E-01  0.7610E-01
     -4.583  0.1763E+00  0.4248E-01  0.1508E+00
     -4.514  0.1232E+00  0.3348E-01  0.1064E+00
     -4.444  0.1630E+00  0.5368E-01  0.1631E+00
     -4.375  0.8238E-01  0.4528E-01  0.9148E-01
     -4.306  0.1101E+00  0.5231E-01  0.1445E+00
     -4.236  0.1222E+00  0.5424E-01  0.1444E+00
     -4.167  0.5575E-01  0.2903E-01  0.8491E-01
     -4.098  0.2079E+00  0.1430E+00  0.5490E+00
     -4.028  0.1655E-01  0.5638E-02  0.1571E-01
     -3.959  0.5568E-01  0.3160E-01  0.9419E-01
     -3.890  0.1894E+00  0.1054E+00  0.3066E+00
     -3.820  0.4533E-01  0.2192E-01  0.9044E-01
     -3.751  0.1681E+00  0.6861E-01  0.2950E+00
     -3.682  0.5482E-01  0.4054E-01  0.1283E+00
     -3.612  0.9932E-01  0.6018E-01  0.2160E+00
     -3.543  0.7344E-01  0.5226E-01  0.1821E+00
     -3.474  0.1000E+00  0.7232E-01  0.3047E+00
     -3.404  0.1045E+00  0.3843E-01  0.2370E+00
     -3.335  0.1415E-01  0.7771E-02  0.5116E-01
     -3.266  0.6689E-01  0.5891E-01  0.2509E+00
     -3.196  0.1024E+00  0.7447E-01  0.3312E+00
     -3.127  0.8858E-01  0.6288E-01  0.3465E+00
     -3.058  0.4933E-01  0.4119E-01  0.1381E+00
     -2.988  0.6030E-01  0.6751E-01  0.2888E+00
     -2.919  0.5538E-01  0.6389E-01  0.2327E+00
     -2.850  0.8341E-01  0.1231E+00  0.3273E+00
     -2.780  0.7486E-01  0.1690E+00  0.3899E+00
     -2.711  0.2472E-01  0.8595E-01  0.4277E+00
     -2.642  0.3397E-01  0.9975E-01  0.4350E+00
     -2.572  0.2139E-01  0.8199E-01  0.4005E+00
     -2.503  0.2074E-01  0.5700E-01  0.4802E+00
     -2.433  0.3350E-01  0.6872E-01  0.5914E+00
     -2.364  0.5454E-01  0.1100E+00  0.8067E+00
     -2.295  0.3658E-01  0.5663E-01  0.5564E+00
     -2.225  0.5823E-01  0.1067E+00  0.6683E+00
     -2.156  0.1783E-01  0.2611E-01  0.2048E+00
     -2.087  0.7334E-01  0.8705E-01  0.1114E+01
     -2.017  0.4755E-01  0.1122E+00  0.1259E+01
     -1.948  0.4836E-01  0.9312E-01  0.1341E+01
     -1.879  0.4008E-01  0.1082E+00  0.1406E+01
     -1.809  0.2335E-01  0.8903E-01  0.1003E+01
     -1.740  0.2851E-01  0.1082E+00  0.9227E+00
     -1.671  0.2410E-01  0.6486E-01  0.1110E+01
     -1.601  0.5359E-01  0.1907E+00  0.1494E+01
     -1.532  0.1789E-01  0.1331E+00  0.1394E+01
     -1.463  0.2638E-01  0.2189E+00  0.1616E+01
     -1.393  0.3950E-01  0.1352E+00  0.1031E+01
     -1.324  0.1958E-01  0.1857E+00  0.1068E+01
     -1.255  0.1024E-01  0.6888E-01  0.7020E+00
     -1.185  0.1044E-01  0.1071E+00  0.1604E+01
     -1.116  0.1774E-01  0.1216E+00  0.2844E+01
     -1.047  0.5342E-02  0.3637E-01  0.7279E+00
     -0.977  0.1615E-01  0.1188E+00  0.3162E+01
     -0.908  0.1613E-01  0.1089E+00  0.2124E+01
     -0.839  0.1674E-01  0.1787E+00  0.2061E+01
     -0.769  0.1465E-01  0.1406E+00  0.1887E+01
     -0.700  0.4711E-02  0.4229E-01  0.9198E+00
     -0.631  0.1322E-01  0.9745E-01  0.2505E+01
     -0.561  0.1204E-01  0.8944E-01  0.2264E+01
     -0.492  0.2555E-02  0.2810E-01  0.9767E+00
     -0.423  0.2094E-01  0.1110E+00  0.3415E+01
     -0.353  0.8437E-02  0.5218E-01  0.2121E+01
     -0.284  0.1042E-01  0.6557E-01  0.3314E+01
     -0.215  0.1208E-01  0.7557E-01  0.3352E+01
     -0.145  0.1679E-01  0.3879E-01  0.2874E+01
     -0.076  0.8396E-02  0.5443E-01  0.3167E+01
     -0.007  0.6968E-02  0.3889E-01  0.2783E+01
      0.063  0.7575E-02  0.4301E-01  0.2651E+01
      0.132  0.1151E-01  0.9723E-01  0.2455E+01
      0.201  0.2319E-01  0.8048E-01  0.3738E+01
      0.271  0.1178E-01  0.3899E-01  0.1914E+01
      0.340  0.2190E-01  0.1000E+00  0.4765E+01
      0.409  0.7731E-02  0.4151E-01  0.1850E+01
      0.479  0.3369E-01  0.5232E-01  0.4168E+01
      0.548  0.1163E-01  0.3090E-01  0.4372E+01
      0.617  0.9073E-02  0.1584E-01  0.1887E+01
      0.687  0.1603E-01  0.3279E-01  0.2198E+01
      0.756  0.2097E-01  0.3936E-01  0.2132E+01
      0.825  0.1868E-01  0.3002E-01  0.1151E+01
      0.895  0.2536E-01  0.4764E-01  0.1553E+01
      0.964  0.1332E-01  0.3576E-01  0.9606E+00
      1.033  0.1462E-01  0.8792E-01  0.1828E+01
      1.103  0.5190E-02  0.3663E-01  0.4426E+00
      1.172  0.1227E-01  0.9996E-01  0.1226E+01
      1.241  0.1101E-01  0.3003E-01  0.4519E+00
      1.311  0.1143E-01  0.4361E-01  0.6724E+00
      1.380  0.2866E-01  0.5476E-01  0.9961E+00
      1.449  0.3467E-01  0.5067E-01  0.7429E+00
      1.519  0.1919E-01  0.4246E-01  0.8331E+00
      1.588  0.1203E-01  0.4515E-01  0.4074E+00
      1.657  0.2833E-01  0.8946E-01  0.1917E+01
      1.727  0.2441E-01  0.6997E-01  0.1102E+01
      1.796  0.2321E-01  0.7928E-01  0.9585E+00
      1.866  0.7054E-02  0.4878E-01  0.4932E+00
      1.935  0.5243E-02  0.1780E-01  0.3537E+00
      2.004  0.5499E-02  0.2308E-01  0.2892E+00
      2.074  0.1220E-01  0.5716E-01  0.5593E+00
      2.143  0.1326E-01  0.3595E-01  0.3765E+00
      2.212  0.1269E-01  0.2877E-01  0.3893E+00
      2.282  0.8870E-02  0.3156E-01  0.3348E+00
      2.351  0.1662E-01  0.5348E-01  0.6086E+00
      2.420  0.1360E-01  0.3977E-01  0.4729E+00
      2.490  0.7094E-02  0.2669E-01  0.3430E+00
      2.559  0.7234E-02  0.2649E-01  0.3074E+00
      2.628  0.2038E-01  0.4254E-01  0.4907E+00
      2.698  0.1428E-01  0.4715E-01  0.6944E+00
      2.767  0.1236E-01  0.4458E-01  0.5299E+00
      2.836  0.9035E-02  0.3514E-01  0.3910E+00
      2.906  0.1562E-01  0.3850E-01  0.4056E+00
      2.975  0.1355E-01  0.3915E-01  0.4783E+00
      3.044  0.2055E-01  0.5792E-01  0.6963E+00
      3.114  0.1570E-01  0.5827E-01  0.5508E+00
      3.183  0.1272E-01  0.5089E-01  0.5888E+00
      3.252  0.9291E-02  0.4382E-01  0.4567E+00
      3.322  0.7224E-02  0.4380E-01  0.4795E+00
      3.391  0.9552E-02  0.3919E-01  0.4576E+00
      3.460  0.1084E-01  0.3475E-01  0.4422E+00
      3.530  0.9502E-02  0.2829E-01  0.3435E+00
      3.599  0.1482E-01  0.3793E-01  0.4435E+00
      3.668  0.1484E-01  0.4735E-01  0.5844E+00
      3.738  0.1079E-01  0.2533E-01  0.4131E+00
      3.807  0.1277E-01  0.2823E-01  0.3786E+00
      3.876  0.1266E-01  0.2684E-01  0.3083E+00
      3.946  0.1309E-01  0.3949E-01  0.3280E+00
      4.015  0.2587E-01  0.4108E-01  0.5302E+00
      4.084  0.1782E-01  0.2561E-01  0.2797E+00
      4.154  0.1192E-01  0.2532E-01  0.3639E+00
      4.223  0.9724E-02  0.2038E-01  0.2779E+00
      4.292  0.9505E-02  0.1780E-01  0.2031E+00
      4.362  0.1378E-01  0.2621E-01  0.3667E+00
      4.431  0.2070E-01  0.2994E-01  0.3260E+00
      4.500  0.2507E-01  0.2360E-01  0.2884E+00
      4.570  0.3922E-01  0.2655E-01  0.3220E+00
      4.639  0.9076E-02  0.1160E-01  0.1400E+00
      4.708  0.2344E-01  0.1550E-01  0.1885E+00
      4.778  0.2008E-01  0.1841E-01  0.2499E+00
      4.847  0.9921E-02  0.1037E-01  0.1563E+00
      4.916  0.1113E-01  0.1265E-01  0.1577E+00
      4.986  0.1660E-01  0.1987E-01  0.1836E+00
      5.055  0.1298E-01  0.2341E-01  0.1732E+00
      5.124  0.3042E-01  0.4448E-01  0.3059E+00
      5.194  0.1260E-01  0.2365E-01  0.1203E+00
      5.263  0.8185E-02  0.1555E-01  0.9194E-01
      5.332  0.9769E-02  0.1837E-01  0.1101E+00
      5.402  0.1193E-01  0.1774E-01  0.9814E-01
      5.471  0.1679E-01  0.2108E-01  0.8943E-01
      5.540  0.1569E-01  0.1684E-01  0.7506E-01
      5.610  0.2110E-01  0.2403E-01  0.7562E-01
      5.679  0.2639E-01  0.1847E-01  0.1024E+00
      5.748  0.1556E-01  0.1412E-01  0.1111E+00
      5.818  0.2201E-01  0.1230E-01  0.9391E-01
      5.887  0.2091E-01  0.1026E-01  0.4217E-01
      5.956  0.3035E-01  0.1545E-01  0.4444E-01
      6.026  0.1885E-01  0.8052E-02  0.2122E-01
      6.095  0.2248E-01  0.6555E-02  0.1771E-01
      6.165  0.1257E-01  0.3422E-02  0.9453E-02
      6.234  0.1922E-01  0.4705E-02  0.1319E-01
      6.303  0.2633E-01  0.5922E-02  0.1612E-01
      6.373  0.2962E-01  0.6431E-02  0.1617E-01
      6.442  0.4026E-01  0.8579E-02  0.2015E-01
      6.511  0.2943E-01  0.6628E-02  0.1348E-01
      6.581  0.1480E-01  0.3849E-02  0.8101E-02
      6.650  0.7358E-02  0.1702E-02  0.4132E-02
      6.719  0.0000E+00  0.0000E+00  0.0000E+00
      6.789  0.0000E+00  0.0000E+00  0.0000E+00
      6.858  0.0000E+00  0.0000E+00  0.0000E+00
      6.927  0.0000E+00  0.0000E+00  0.0000E+00
      6.997  0.0000E+00  0.0000E+00  0.0000E+00
      7.066  0.0000E+00  0.0000E+00  0.0000E+00
      7.135  0.0000E+00  0.0000E+00  0.0000E+00
      7.205  0.0000E+00  0.0000E+00  0.0000E+00
      7.274  0.0000E+00  0.0000E+00  0.0000E+00
      7.343  0.0000E+00  0.0000E+00  0.0000E+00
      7.413  0.0000E+00  0.0000E+00  0.0000E+00
      7.482  0.0000E+00  0.0000E+00  0.0000E+00
      7.551  0.0000E+00  0.0000E+00  0.0000E+00
      7.621  0.0000E+00  0.0000E+00  0.0000E+00
      7.690  0.0000E+00  0.0000E+00  0.0000E+00
