    -13.112  0.0000E+00  0.0000E+00  0.0000E+00
    -13.042  0.0000E+00  0.0000E+00  0.0000E+00
    -12.973  0.0000E+00  0.0000E+00  0.0000E+00
    -12.904  0.0000E+00  0.0000E+00  0.0000E+00
    -12.834  0.0000E+00  0.0000E+00  0.0000E+00
    -12.765  0.0000E+00  0.0000E+00  0.0000E+00
    -12.696  0.0000E+00  0.0000E+00  0.0000E+00
    -12.626  0.0000E+00  0.0000E+00  0.0000E+00
    -12.557  0.0000E+00  0.0000E+00  0.0000E+00
    -12.488  0.0000E+00  0.0000E+00  0.0000E+00
    -12.418  0.0000E+00  0.0000E+00  0.0000E+00
    -12.349  0.0000E+00  0.0000E+00  0.0000E+00
    -12.280  0.0000E+00  0.0000E+00  0.0000E+00
    -12.210  0.0000E+00  0.0000E+00  0.0000E+00
    -12.141  0.0000E+00  0.0000E+00  0.0000E+00
    -12.072  0.2478E-01  0.2591E-02  0.0000E+00
    -12.002  0.3187E-01  0.3392E-02  0.0000E+00
    -11.933  0.2908E-01  0.3187E-02  0.0000E+00
    -11.864  0.2823E-01  0.3190E-02  0.0000E+00
    -11.794  0.3217E-01  0.3662E-02  0.0000E+00
    -11.725  0.3649E-01  0.4127E-02  0.0000E+00
    -11.656  0.3749E-01  0.4370E-02  0.0000E+00
    -11.586  0.3851E-01  0.4608E-02  0.0000E+00
    -11.517  0.7003E-01  0.7720E-02  0.0000E+00
    -11.448  0.4342E-01  0.5186E-02  0.0000E+00
    -11.378  0.5984E-01  0.7003E-02  0.0000E+00
    -11.309  0.8555E-01  0.9612E-02  0.0000E+00
    -11.240  0.9884E-01  0.1114E-01  0.0000E+00
    -11.170  0.3854E-01  0.4647E-02  0.0000E+00
    -11.101  0.4580E-01  0.5728E-02  0.0000E+00
    -11.032  0.6295E-01  0.7933E-02  0.0000E+00
    -10.962  0.6579E-01  0.7884E-02  0.0000E+00
    -10.893  0.9127E-01  0.1075E-01  0.0000E+00
    -10.823  0.1099E+00  0.1328E-01  0.0000E+00
    -10.754  0.1397E+00  0.1709E-01  0.0000E+00
    -10.685  0.2029E+00  0.2444E-01  0.0000E+00
    -10.615  0.1059E+00  0.1264E-01  0.0000E+00
    -10.546  0.8520E-01  0.9881E-02  0.0000E+00
    -10.477  0.1095E+00  0.1280E-01  0.0000E+00
    -10.407  0.9635E-01  0.1061E-01  0.0000E+00
    -10.338  0.1447E+00  0.1719E-01  0.0000E+00
    -10.269  0.9066E-01  0.1141E-01  0.0000E+00
    -10.199  0.6632E-01  0.8089E-02  0.0000E+00
    -10.130  0.1862E-01  0.1729E-02  0.0000E+00
    -10.061  0.4774E-01  0.3524E-02  0.0000E+00
     -9.991  0.2043E-01  0.2028E-02  0.0000E+00
     -9.922  0.1444E-01  0.1410E-02  0.0000E+00
     -9.853  0.1243E-01  0.1203E-02  0.0000E+00
     -9.783  0.1143E-01  0.1083E-02  0.0000E+00
     -9.714  0.5318E-02  0.4227E-03  0.0000E+00
     -9.645  0.4582E-02  0.3633E-03  0.0000E+00
     -9.575  0.4228E-02  0.3433E-03  0.0000E+00
     -9.506  0.3930E-02  0.3181E-03  0.0000E+00
     -9.437  0.5390E-02  0.4320E-03  0.0000E+00
     -9.367  0.3369E-02  0.2676E-03  0.0000E+00
     -9.298  0.0000E+00  0.0000E+00  0.0000E+00
     -9.229  0.6482E-01  0.1426E-02  0.0000E+00
     -9.159  0.1452E+00  0.3296E-02  0.0000E+00
     -9.090  0.1235E+00  0.3104E-02  0.0000E+00
     -9.021  0.1688E+00  0.4164E-02  0.0000E+00
     -8.951  0.2011E+00  0.5834E-02  0.0000E+00
     -8.882  0.2146E+00  0.7867E-02  0.0000E+00
     -8.813  0.3151E+00  0.1634E-01  0.0000E+00
     -8.743  0.1450E+00  0.7325E-02  0.0000E+00
     -8.674  0.5076E-01  0.3726E-02  0.0000E+00
     -8.605  0.1501E+00  0.7819E-02  0.0000E+00
     -8.535  0.1285E+00  0.6477E-02  0.0000E+00
     -8.466  0.1041E+00  0.4870E-02  0.0000E+00
     -8.397  0.2601E+00  0.7791E-02  0.0000E+00
     -8.327  0.2319E+00  0.7121E-02  0.0000E+00
     -8.258  0.2544E+00  0.7376E-02  0.0000E+00
     -8.189  0.3017E+00  0.8069E-02  0.0000E+00
     -8.119  0.3480E+00  0.9006E-02  0.0000E+00
     -8.050  0.7775E+00  0.1654E-01  0.0000E+00
     -7.981  0.7623E+00  0.1496E-01  0.0000E+00
     -7.911  0.1042E+01  0.1930E-01  0.0000E+00
     -7.842  0.6907E+00  0.1114E-01  0.0000E+00
     -7.773  0.7369E+00  0.1283E-01  0.0000E+00
     -7.703  0.4838E+00  0.7985E-02  0.0000E+00
     -7.634  0.1372E+01  0.2049E-01  0.0000E+00
     -7.565  0.5141E+00  0.8159E-02  0.0000E+00
     -7.495  0.5170E+00  0.9990E-02  0.0000E+00
     -7.426  0.4372E+00  0.8497E-02  0.0000E+00
     -7.357  0.2451E+00  0.4671E-02  0.0000E+00
     -7.287  0.6697E+00  0.1173E-01  0.0000E+00
     -7.218  0.6114E-02  0.1134E-03  0.0000E+00
     -7.149  0.4382E-02  0.8477E-04  0.0000E+00
     -7.079  0.2002E-02  0.4810E-04  0.0000E+00
     -7.010  0.6730E-03  0.1698E-04  0.0000E+00
     -6.941  0.0000E+00  0.0000E+00  0.0000E+00
     -6.871  0.0000E+00  0.0000E+00  0.0000E+00
     -6.802  0.0000E+00  0.0000E+00  0.0000E+00
     -6.732  0.0000E+00  0.0000E+00  0.0000E+00
     -6.663  0.0000E+00  0.0000E+00  0.0000E+00
     -6.594  0.0000E+00  0.0000E+00  0.0000E+00
     -6.524  0.0000E+00  0.0000E+00  0.0000E+00
     -6.455  0.0000E+00  0.0000E+00  0.0000E+00
     -6.386  0.0000E+00  0.0000E+00  0.0000E+00
     -6.316  0.0000E+00  0.0000E+00  0.0000E+00
     -6.247  0.0000E+00  0.0000E+00  0.0000E+00
     -6.178  0.0000E+00  0.0000E+00  0.0000E+00
     -6.108  0.0000E+00  0.0000E+00  0.0000E+00
     -6.039  0.0000E+00  0.0000E+00  0.0000E+00
     -5.970  0.0000E+00  0.0000E+00  0.0000E+00
     -5.900  0.0000E+00  0.0000E+00  0.0000E+00
     -5.831  0.0000E+00  0.0000E+00  0.0000E+00
     -5.762  0.0000E+00  0.0000E+00  0.0000E+00
     -5.692  0.0000E+00  0.0000E+00  0.0000E+00
     -5.623  0.0000E+00  0.0000E+00  0.0000E+00
     -5.554  0.0000E+00  0.0000E+00  0.0000E+00
     -5.484  0.0000E+00  0.0000E+00  0.0000E+00
     -5.415  0.0000E+00  0.0000E+00  0.0000E+00
     -5.346  0.0000E+00  0.0000E+00  0.0000E+00
     -5.276  0.0000E+00  0.0000E+00  0.0000E+00
     -5.207  0.0000E+00  0.0000E+00  0.0000E+00
     -5.138  0.0000E+00  0.0000E+00  0.0000E+00
     -5.068  0.7584E-02  0.3229E-01  0.0000E+00
     -4.999  0.5196E-02  0.2354E-01  0.0000E+00
     -4.930  0.5566E-02  0.2360E-01  0.0000E+00
     -4.860  0.6860E-02  0.2547E-01  0.0000E+00
     -4.791  0.9069E-02  0.2620E-01  0.0000E+00
     -4.722  0.1530E-01  0.3103E-01  0.0000E+00
     -4.652  0.2217E-01  0.3636E-01  0.0000E+00
     -4.583  0.9696E-01  0.6146E-01  0.0000E+00
     -4.514  0.3681E-01  0.4704E-01  0.0000E+00
     -4.444  0.5983E-01  0.6078E-01  0.0000E+00
     -4.375  0.3751E-01  0.3341E-01  0.0000E+00
     -4.306  0.3665E-01  0.6793E-01  0.0000E+00
     -4.236  0.3864E-01  0.5427E-01  0.0000E+00
     -4.167  0.1934E-01  0.2748E-01  0.0000E+00
     -4.098  0.1040E+00  0.1498E+00  0.0000E+00
     -4.028  0.5517E-02  0.8977E-02  0.0000E+00
     -3.959  0.2923E-01  0.4567E-01  0.0000E+00
     -3.890  0.9687E-01  0.1108E+00  0.0000E+00
     -3.820  0.2721E-01  0.3156E-01  0.0000E+00
     -3.751  0.8336E-01  0.1344E+00  0.0000E+00
     -3.682  0.3376E-01  0.5752E-01  0.0000E+00
     -3.612  0.4258E-01  0.9843E-01  0.0000E+00
     -3.543  0.4087E-01  0.1060E+00  0.0000E+00
     -3.474  0.3720E-01  0.1396E+00  0.0000E+00
     -3.404  0.1874E-01  0.1205E+00  0.0000E+00
     -3.335  0.1481E-01  0.2497E-01  0.0000E+00
     -3.266  0.5023E-01  0.1939E+00  0.0000E+00
     -3.196  0.7410E-01  0.2746E+00  0.0000E+00
     -3.127  0.6156E-01  0.2356E+00  0.0000E+00
     -3.058  0.2317E-01  0.9947E-01  0.0000E+00
     -2.988  0.4223E-01  0.1748E+00  0.0000E+00
     -2.919  0.3318E-01  0.1591E+00  0.0000E+00
     -2.850  0.2880E-01  0.1668E+00  0.0000E+00
     -2.780  0.3425E-01  0.1390E+00  0.0000E+00
     -2.711  0.2073E-01  0.1417E+00  0.0000E+00
     -2.642  0.2229E-01  0.1718E+00  0.0000E+00
     -2.572  0.1819E-01  0.1519E+00  0.0000E+00
     -2.503  0.1418E-01  0.1152E+00  0.0000E+00
     -2.433  0.1366E-01  0.1098E+00  0.0000E+00
     -2.364  0.1747E-01  0.2031E+00  0.0000E+00
     -2.295  0.1073E-01  0.1211E+00  0.0000E+00
     -2.225  0.1656E-01  0.1815E+00  0.0000E+00
     -2.156  0.6973E-02  0.5200E-01  0.0000E+00
     -2.087  0.3707E-01  0.2692E+00  0.0000E+00
     -2.017  0.1605E-01  0.3879E+00  0.0000E+00
     -1.948  0.1055E-01  0.2773E+00  0.0000E+00
     -1.879  0.2213E-01  0.3952E+00  0.0000E+00
     -1.809  0.1821E-01  0.3134E+00  0.0000E+00
     -1.740  0.1853E-01  0.2536E+00  0.0000E+00
     -1.671  0.1539E-01  0.2843E+00  0.0000E+00
     -1.601  0.2423E-01  0.4410E+00  0.0000E+00
     -1.532  0.2262E-01  0.2910E+00  0.0000E+00
     -1.463  0.2187E-01  0.2994E+00  0.0000E+00
     -1.393  0.1328E-01  0.2383E+00  0.0000E+00
     -1.324  0.1611E-01  0.2253E+00  0.0000E+00
     -1.255  0.6583E-02  0.1086E+00  0.0000E+00
     -1.185  0.1261E-01  0.1702E+00  0.0000E+00
     -1.116  0.2494E-01  0.2485E+00  0.0000E+00
     -1.047  0.4357E-02  0.6286E-01  0.0000E+00
     -0.977  0.2056E-01  0.3044E+00  0.0000E+00
     -0.908  0.1975E-01  0.2635E+00  0.0000E+00
     -0.839  0.4214E-01  0.3508E+00  0.0000E+00
     -0.769  0.3249E-01  0.2904E+00  0.0000E+00
     -0.700  0.1530E-01  0.1141E+00  0.0000E+00
     -0.631  0.3824E-01  0.3165E+00  0.0000E+00
     -0.561  0.5411E-01  0.3114E+00  0.0000E+00
     -0.492  0.8965E-02  0.8832E-01  0.0000E+00
     -0.423  0.5979E-01  0.4741E+00  0.0000E+00
     -0.353  0.1773E-01  0.1484E+00  0.0000E+00
     -0.284  0.2267E-01  0.2391E+00  0.0000E+00
     -0.215  0.3640E-01  0.3536E+00  0.0000E+00
     -0.145  0.2470E-01  0.1710E+00  0.0000E+00
     -0.076  0.1001E-01  0.1424E+00  0.0000E+00
     -0.007  0.1105E-01  0.1224E+00  0.0000E+00
      0.063  0.1364E-01  0.1713E+00  0.0000E+00
      0.132  0.1739E-01  0.1816E+00  0.0000E+00
      0.201  0.2888E-01  0.1937E+00  0.0000E+00
      0.271  0.7762E-02  0.1029E+00  0.0000E+00
      0.340  0.3951E-01  0.2369E+00  0.0000E+00
      0.409  0.1162E-01  0.5420E-01  0.0000E+00
      0.479  0.2299E-01  0.1247E+00  0.0000E+00
      0.548  0.2313E-01  0.8375E-01  0.0000E+00
      0.617  0.3342E-01  0.1223E+00  0.0000E+00
      0.687  0.4563E-01  0.1937E+00  0.0000E+00
      0.756  0.4741E-01  0.2077E+00  0.0000E+00
      0.825  0.2192E-01  0.1214E+00  0.0000E+00
      0.895  0.4453E-01  0.2654E+00  0.0000E+00
      0.964  0.1949E-01  0.1084E+00  0.0000E+00
      1.033  0.5987E-01  0.2882E+00  0.0000E+00
      1.103  0.9709E-02  0.7334E-01  0.0000E+00
      1.172  0.2153E-01  0.2224E+00  0.0000E+00
      1.241  0.2346E-01  0.1329E+00  0.0000E+00
      1.311  0.4265E-01  0.1665E+00  0.0000E+00
      1.380  0.2529E-01  0.1913E+00  0.0000E+00
      1.449  0.3906E-01  0.3821E+00  0.0000E+00
      1.519  0.1425E-01  0.1265E+00  0.0000E+00
      1.588  0.2342E-01  0.2231E+00  0.0000E+00
      1.657  0.6414E-01  0.3753E+00  0.0000E+00
      1.727  0.2782E-01  0.3003E+00  0.0000E+00
      1.796  0.2343E-01  0.3675E+00  0.0000E+00
      1.866  0.9139E-02  0.1779E+00  0.0000E+00
      1.935  0.5826E-02  0.6699E-01  0.0000E+00
      2.004  0.8472E-02  0.1063E+00  0.0000E+00
      2.074  0.2312E-01  0.2335E+00  0.0000E+00
      2.143  0.1104E-01  0.1962E+00  0.0000E+00
      2.212  0.1054E-01  0.1370E+00  0.0000E+00
      2.282  0.5302E-02  0.9595E-01  0.0000E+00
      2.351  0.9764E-02  0.2105E+00  0.0000E+00
      2.420  0.8184E-02  0.1496E+00  0.0000E+00
      2.490  0.6908E-02  0.1130E+00  0.0000E+00
      2.559  0.7710E-02  0.1225E+00  0.0000E+00
      2.628  0.1105E-01  0.1913E+00  0.0000E+00
      2.698  0.1735E-01  0.2560E+00  0.0000E+00
      2.767  0.9207E-02  0.1779E+00  0.0000E+00
      2.836  0.9240E-02  0.1641E+00  0.0000E+00
      2.906  0.1034E-01  0.1847E+00  0.0000E+00
      2.975  0.1296E-01  0.1727E+00  0.0000E+00
      3.044  0.2029E-01  0.2752E+00  0.0000E+00
      3.114  0.1237E-01  0.2783E+00  0.0000E+00
      3.183  0.1525E-01  0.2533E+00  0.0000E+00
      3.252  0.8771E-02  0.2254E+00  0.0000E+00
      3.322  0.6902E-02  0.2331E+00  0.0000E+00
      3.391  0.7698E-02  0.2067E+00  0.0000E+00
      3.460  0.1293E-01  0.1828E+00  0.0000E+00
      3.530  0.8190E-02  0.1591E+00  0.0000E+00
      3.599  0.8872E-02  0.2114E+00  0.0000E+00
      3.668  0.1684E-01  0.3255E+00  0.0000E+00
      3.738  0.1421E-01  0.2741E+00  0.0000E+00
      3.807  0.1357E-01  0.2053E+00  0.0000E+00
      3.876  0.1378E-01  0.2260E+00  0.0000E+00
      3.946  0.1371E-01  0.2245E+00  0.0000E+00
      4.015  0.1866E-01  0.2735E+00  0.0000E+00
      4.084  0.1242E-01  0.1797E+00  0.0000E+00
      4.154  0.1563E-01  0.2471E+00  0.0000E+00
      4.223  0.1522E-01  0.1749E+00  0.0000E+00
      4.292  0.1042E-01  0.1328E+00  0.0000E+00
      4.362  0.1589E-01  0.1754E+00  0.0000E+00
      4.431  0.1461E-01  0.1963E+00  0.0000E+00
      4.500  0.1706E-01  0.1686E+00  0.0000E+00
      4.570  0.1719E-01  0.2503E+00  0.0000E+00
      4.639  0.1341E-01  0.1354E+00  0.0000E+00
      4.708  0.1519E-01  0.1280E+00  0.0000E+00
      4.778  0.3652E-01  0.2145E+00  0.0000E+00
      4.847  0.1395E-01  0.1608E+00  0.0000E+00
      4.916  0.1247E-01  0.1648E+00  0.0000E+00
      4.986  0.3149E-01  0.2443E+00  0.0000E+00
      5.055  0.2490E-01  0.2226E+00  0.0000E+00
      5.124  0.4831E-01  0.3793E+00  0.0000E+00
      5.194  0.1334E-01  0.1610E+00  0.0000E+00
      5.263  0.1901E-01  0.1429E+00  0.0000E+00
      5.332  0.2055E-01  0.1739E+00  0.0000E+00
      5.402  0.1676E-01  0.2208E+00  0.0000E+00
      5.471  0.1642E-01  0.1441E+00  0.0000E+00
      5.540  0.1456E-01  0.9464E-01  0.0000E+00
      5.610  0.3160E-01  0.1544E+00  0.0000E+00
      5.679  0.3880E-01  0.1631E+00  0.0000E+00
      5.748  0.2544E-01  0.1273E+00  0.0000E+00
      5.818  0.2832E-01  0.1374E+00  0.0000E+00
      5.887  0.1919E-01  0.7020E-01  0.0000E+00
      5.956  0.2400E-01  0.7000E-01  0.0000E+00
      6.026  0.1014E-01  0.2337E-01  0.0000E+00
      6.095  0.7523E-02  0.2137E-01  0.0000E+00
      6.165  0.5555E-02  0.8004E-02  0.0000E+00
      6.234  0.7906E-02  0.1046E-01  0.0000E+00
      6.303  0.9991E-02  0.1231E-01  0.0000E+00
      6.373  0.9566E-02  0.1124E-01  0.0000E+00
      6.442  0.1077E-01  0.1426E-01  0.0000E+00
      6.511  0.7867E-02  0.8890E-02  0.0000E+00
      6.581  0.4229E-02  0.3014E-02  0.0000E+00
      6.650  0.1719E-02  0.1278E-02  0.0000E+00
      6.719  0.0000E+00  0.0000E+00  0.0000E+00
      6.789  0.0000E+00  0.0000E+00  0.0000E+00
      6.858  0.0000E+00  0.0000E+00  0.0000E+00
      6.927  0.0000E+00  0.0000E+00  0.0000E+00
      6.997  0.0000E+00  0.0000E+00  0.0000E+00
      7.066  0.0000E+00  0.0000E+00  0.0000E+00
      7.135  0.0000E+00  0.0000E+00  0.0000E+00
      7.205  0.0000E+00  0.0000E+00  0.0000E+00
      7.274  0.0000E+00  0.0000E+00  0.0000E+00
      7.343  0.0000E+00  0.0000E+00  0.0000E+00
      7.413  0.0000E+00  0.0000E+00  0.0000E+00
      7.482  0.0000E+00  0.0000E+00  0.0000E+00
      7.551  0.0000E+00  0.0000E+00  0.0000E+00
      7.621  0.0000E+00  0.0000E+00  0.0000E+00
      7.690  0.0000E+00  0.0000E+00  0.0000E+00
