    -13.112  0.0000E+00  0.0000E+00  0.0000E+00
    -13.042  0.0000E+00  0.0000E+00  0.0000E+00
    -12.973  0.0000E+00  0.0000E+00  0.0000E+00
    -12.904  0.0000E+00  0.0000E+00  0.0000E+00
    -12.834  0.0000E+00  0.0000E+00  0.0000E+00
    -12.765  0.0000E+00  0.0000E+00  0.0000E+00
    -12.696  0.0000E+00  0.0000E+00  0.0000E+00
    -12.626  0.0000E+00  0.0000E+00  0.0000E+00
    -12.557  0.0000E+00  0.0000E+00  0.0000E+00
    -12.488  0.0000E+00  0.0000E+00  0.0000E+00
    -12.418  0.0000E+00  0.0000E+00  0.0000E+00
    -12.349  0.0000E+00  0.0000E+00  0.0000E+00
    -12.280  0.0000E+00  0.0000E+00  0.0000E+00
    -12.210  0.0000E+00  0.0000E+00  0.0000E+00
    -12.141  0.0000E+00  0.0000E+00  0.0000E+00
    -12.072  0.2692E-02  0.1571E-03  0.5717E-04
    -12.002  0.3295E-02  0.2352E-03  0.7610E-04
    -11.933  0.2972E-02  0.2620E-03  0.7512E-04
    -11.864  0.3039E-02  0.2999E-03  0.8074E-04
    -11.794  0.3220E-02  0.3589E-03  0.8995E-04
    -11.725  0.2349E-02  0.3736E-03  0.8738E-04
    -11.656  0.2194E-02  0.4146E-03  0.9657E-04
    -11.586  0.2124E-02  0.4560E-03  0.1071E-03
    -11.517  0.4136E-01  0.1529E-02  0.1441E-02
    -11.448  0.1418E-01  0.1217E-02  0.5617E-03
    -11.378  0.3426E-01  0.2287E-02  0.1361E-02
    -11.309  0.5088E-01  0.3902E-02  0.1965E-02
    -11.240  0.5271E-01  0.5569E-02  0.2245E-02
    -11.170  0.2058E-01  0.2900E-02  0.1140E-02
    -11.101  0.3000E-01  0.4686E-02  0.1767E-02
    -11.032  0.2930E-01  0.6244E-02  0.2027E-02
    -10.962  0.2259E-01  0.7208E-02  0.2242E-02
    -10.893  0.2535E-01  0.9111E-02  0.2776E-02
    -10.823  0.2999E-01  0.7219E-02  0.2967E-02
    -10.754  0.2496E-01  0.1166E-01  0.3395E-02
    -10.685  0.7793E-01  0.1563E-01  0.1091E-01
    -10.615  0.4645E-01  0.1131E-01  0.7389E-02
    -10.546  0.4776E-01  0.1462E-01  0.8639E-02
    -10.477  0.5009E-01  0.1857E-01  0.9790E-02
    -10.407  0.7176E-01  0.2970E-01  0.1354E-01
    -10.338  0.7234E-01  0.3500E-01  0.1675E-01
    -10.269  0.3688E-01  0.2083E-01  0.9755E-02
    -10.199  0.4716E-01  0.2424E-01  0.1344E-01
    -10.130  0.3203E-01  0.3018E-01  0.1583E-01
    -10.061  0.1175E+00  0.5365E-01  0.3686E-01
     -9.991  0.7092E-01  0.8876E-01  0.4675E-01
     -9.922  0.5348E-01  0.7060E-01  0.3508E-01
     -9.853  0.3965E-01  0.6369E-01  0.3177E-01
     -9.783  0.2730E-01  0.6073E-01  0.2902E-01
     -9.714  0.1433E-01  0.3133E-01  0.1768E-01
     -9.645  0.1027E-01  0.2577E-01  0.1495E-01
     -9.575  0.6665E-02  0.1701E-01  0.1181E-01
     -9.506  0.4881E-02  0.1591E-01  0.1088E-01
     -9.437  0.3288E-02  0.2019E-01  0.1393E-01
     -9.367  0.1361E-02  0.1170E-01  0.8236E-02
     -9.298  0.0000E+00  0.0000E+00  0.0000E+00
     -9.229  0.5851E-04  0.2545E-02  0.7040E-03
     -9.159  0.1294E-03  0.5583E-02  0.1701E-02
     -9.090  0.1051E-03  0.5615E-02  0.1882E-02
     -9.021  0.1451E-03  0.5470E-02  0.2187E-02
     -8.951  0.6647E-03  0.6322E-02  0.2867E-02
     -8.882  0.1745E-02  0.7332E-02  0.3624E-02
     -8.813  0.5297E-02  0.9955E-02  0.5431E-02
     -8.743  0.2509E-02  0.3780E-02  0.1842E-02
     -8.674  0.3324E-02  0.2573E-02  0.8933E-03
     -8.605  0.3436E-02  0.2265E-02  0.3333E-02
     -8.535  0.2336E-02  0.1601E-02  0.2720E-02
     -8.466  0.1700E-02  0.1259E-02  0.2330E-02
     -8.397  0.1510E-01  0.9211E-02  0.7625E-02
     -8.327  0.1045E-01  0.7712E-02  0.7133E-02
     -8.258  0.1125E-01  0.8730E-02  0.8005E-02
     -8.189  0.1257E-01  0.1191E-01  0.1010E-01
     -8.119  0.1193E-01  0.1357E-01  0.1230E-01
     -8.050  0.1912E-01  0.1883E-01  0.1403E-01
     -7.981  0.1706E-01  0.1962E-01  0.1498E-01
     -7.911  0.1661E-01  0.3063E-01  0.1360E-01
     -7.842  0.1103E-01  0.2420E-01  0.1231E-01
     -7.773  0.1258E+00  0.7505E-01  0.8958E-01
     -7.703  0.5429E-01  0.3972E-01  0.4089E-01
     -7.634  0.1358E+00  0.1002E+00  0.1443E+00
     -7.565  0.9691E-01  0.7493E-01  0.1009E+00
     -7.495  0.8345E-01  0.5940E-01  0.9078E-01
     -7.426  0.4835E-01  0.5044E-01  0.8539E-01
     -7.357  0.2792E-01  0.3302E-01  0.5286E-01
     -7.287  0.4145E-01  0.5735E-01  0.9590E-01
     -7.218  0.2887E-01  0.5350E-01  0.1123E+00
     -7.149  0.1699E-01  0.5159E-01  0.9072E-01
     -7.079  0.1179E-01  0.6030E-01  0.7541E-01
     -7.010  0.5111E-02  0.6253E-01  0.4315E-01
     -6.941  0.0000E+00  0.0000E+00  0.0000E+00
     -6.871  0.0000E+00  0.0000E+00  0.0000E+00
     -6.802  0.0000E+00  0.0000E+00  0.0000E+00
     -6.732  0.0000E+00  0.0000E+00  0.0000E+00
     -6.663  0.0000E+00  0.0000E+00  0.0000E+00
     -6.594  0.0000E+00  0.0000E+00  0.0000E+00
     -6.524  0.0000E+00  0.0000E+00  0.0000E+00
     -6.455  0.0000E+00  0.0000E+00  0.0000E+00
     -6.386  0.0000E+00  0.0000E+00  0.0000E+00
     -6.316  0.0000E+00  0.0000E+00  0.0000E+00
     -6.247  0.0000E+00  0.0000E+00  0.0000E+00
     -6.178  0.0000E+00  0.0000E+00  0.0000E+00
     -6.108  0.0000E+00  0.0000E+00  0.0000E+00
     -6.039  0.0000E+00  0.0000E+00  0.0000E+00
     -5.970  0.0000E+00  0.0000E+00  0.0000E+00
     -5.900  0.0000E+00  0.0000E+00  0.0000E+00
     -5.831  0.0000E+00  0.0000E+00  0.0000E+00
     -5.762  0.0000E+00  0.0000E+00  0.0000E+00
     -5.692  0.0000E+00  0.0000E+00  0.0000E+00
     -5.623  0.0000E+00  0.0000E+00  0.0000E+00
     -5.554  0.0000E+00  0.0000E+00  0.0000E+00
     -5.484  0.0000E+00  0.0000E+00  0.0000E+00
     -5.415  0.0000E+00  0.0000E+00  0.0000E+00
     -5.346  0.0000E+00  0.0000E+00  0.0000E+00
     -5.276  0.0000E+00  0.0000E+00  0.0000E+00
     -5.207  0.0000E+00  0.0000E+00  0.0000E+00
     -5.138  0.0000E+00  0.0000E+00  0.0000E+00
     -5.068  0.1115E-02  0.6087E-03  0.1582E-02
     -4.999  0.1754E-02  0.7885E-03  0.1575E-02
     -4.930  0.4173E-02  0.1432E-02  0.2874E-02
     -4.860  0.2388E-01  0.5269E-02  0.1538E-01
     -4.791  0.2842E-01  0.6938E-02  0.1820E-01
     -4.722  0.3068E-01  0.9083E-02  0.2005E-01
     -4.652  0.3815E-01  0.1223E-01  0.2570E-01
     -4.583  0.5701E-01  0.3359E-01  0.5294E-01
     -4.514  0.5564E-01  0.2056E-01  0.4011E-01
     -4.444  0.6782E-01  0.3539E-01  0.5509E-01
     -4.375  0.1591E+00  0.2121E-01  0.5077E-01
     -4.306  0.1904E+00  0.2619E-01  0.7783E-01
     -4.236  0.1972E+00  0.3023E-01  0.7709E-01
     -4.167  0.4497E-01  0.1499E-01  0.3205E-01
     -4.098  0.1961E+00  0.7588E-01  0.2274E+00
     -4.028  0.8897E-02  0.6349E-02  0.1373E-01
     -3.959  0.6009E-01  0.2469E-01  0.6942E-01
     -3.890  0.1903E+00  0.6274E-01  0.1727E+00
     -3.820  0.4487E-01  0.1602E-01  0.5604E-01
     -3.751  0.2311E+00  0.7493E-01  0.3364E+00
     -3.682  0.8826E-01  0.3176E-01  0.1009E+00
     -3.612  0.1240E+00  0.4274E-01  0.1782E+00
     -3.543  0.1354E+00  0.6102E-01  0.1867E+00
     -3.474  0.1449E+00  0.6481E-01  0.2523E+00
     -3.404  0.6021E-01  0.3471E-01  0.1620E+00
     -3.335  0.2649E-01  0.1411E-01  0.5261E-01
     -3.266  0.1470E+00  0.6982E-01  0.2878E+00
     -3.196  0.1268E+00  0.6550E-01  0.2923E+00
     -3.127  0.8269E-01  0.5678E-01  0.2768E+00
     -3.058  0.3047E-01  0.4325E-01  0.1266E+00
     -2.988  0.6817E-01  0.6621E-01  0.2043E+00
     -2.919  0.4086E-01  0.4558E-01  0.1551E+00
     -2.850  0.6233E-01  0.7710E-01  0.2590E+00
     -2.780  0.5859E-01  0.5967E-01  0.2470E+00
     -2.711  0.7967E-01  0.7712E-01  0.2515E+00
     -2.642  0.1583E+00  0.1102E+00  0.4814E+00
     -2.572  0.7026E-01  0.5889E-01  0.4211E+00
     -2.503  0.9379E-01  0.7907E-01  0.4207E+00
     -2.433  0.5293E-01  0.6406E-01  0.4378E+00
     -2.364  0.6343E-01  0.1014E+00  0.6890E+00
     -2.295  0.3850E-01  0.4843E-01  0.3938E+00
     -2.225  0.4720E-01  0.7037E-01  0.9002E+00
     -2.156  0.1491E-01  0.2614E-01  0.2127E+00
     -2.087  0.4671E-01  0.1071E+00  0.1130E+01
     -2.017  0.1094E+00  0.1670E+00  0.1208E+01
     -1.948  0.2681E-01  0.7139E-01  0.8833E+00
     -1.879  0.1887E-01  0.8464E-01  0.9746E+00
     -1.809  0.3192E-01  0.8944E-01  0.9283E+00
     -1.740  0.2894E-01  0.6556E-01  0.1153E+01
     -1.671  0.2130E-01  0.1210E+00  0.1112E+01
     -1.601  0.4423E-01  0.2767E+00  0.1870E+01
     -1.532  0.2340E-01  0.1224E+00  0.1377E+01
     -1.463  0.2763E-01  0.1692E+00  0.1189E+01
     -1.393  0.1932E-01  0.1085E+00  0.8919E+00
     -1.324  0.2249E-01  0.1966E+00  0.1587E+01
     -1.255  0.8245E-02  0.7874E-01  0.6120E+00
     -1.185  0.1455E-01  0.6841E-01  0.6178E+00
     -1.116  0.3275E-01  0.3803E-01  0.8100E+00
     -1.047  0.2278E-01  0.1975E-01  0.6395E+00
     -0.977  0.1378E-01  0.4247E-01  0.6913E+00
     -0.908  0.5903E-01  0.7027E-01  0.2273E+01
     -0.839  0.4417E-01  0.8149E-01  0.1855E+01
     -0.769  0.4431E-01  0.1150E+00  0.1938E+01
     -0.700  0.6243E-01  0.1697E+00  0.3167E+01
     -0.631  0.3576E-01  0.2362E+00  0.3572E+01
     -0.561  0.2176E-01  0.1370E+00  0.1736E+01
     -0.492  0.9863E-02  0.2746E-01  0.9658E+00
     -0.423  0.1860E-01  0.7718E-01  0.1850E+01
     -0.353  0.2536E-01  0.5931E-01  0.1734E+01
     -0.284  0.2185E-01  0.9100E-01  0.2707E+01
     -0.215  0.2051E-01  0.5976E-01  0.2384E+01
     -0.145  0.1461E-01  0.5172E-01  0.1596E+01
     -0.076  0.1976E-01  0.5064E-01  0.1717E+01
     -0.007  0.2085E-01  0.7219E-01  0.2616E+01
      0.063  0.1869E-01  0.4921E-01  0.1741E+01
      0.132  0.4025E-01  0.8451E-01  0.6146E+01
      0.201  0.3472E-01  0.9332E-01  0.6002E+01
      0.271  0.9128E-02  0.3374E-01  0.2103E+01
      0.340  0.1558E-01  0.6683E-01  0.4416E+01
      0.409  0.6687E-02  0.2012E-01  0.1596E+01
      0.479  0.2418E-01  0.7733E-01  0.4814E+01
      0.548  0.1043E-01  0.4480E-01  0.2773E+01
      0.617  0.1532E-01  0.3565E-01  0.3218E+01
      0.687  0.1734E-01  0.6955E-01  0.3807E+01
      0.756  0.2347E-01  0.7499E-01  0.3625E+01
      0.825  0.1807E-01  0.3513E-01  0.1477E+01
      0.895  0.3066E-01  0.6406E-01  0.2089E+01
      0.964  0.2621E-01  0.5362E-01  0.2003E+01
      1.033  0.2164E-01  0.4610E-01  0.1723E+01
      1.103  0.9229E-02  0.4453E-01  0.9991E+00
      1.172  0.2456E-01  0.1068E+00  0.2110E+01
      1.241  0.2304E-01  0.8877E-01  0.1328E+01
      1.311  0.1859E-01  0.5847E-01  0.9560E+00
      1.380  0.3041E-01  0.7185E-01  0.1405E+01
      1.449  0.1515E-01  0.7888E-01  0.9111E+00
      1.519  0.2595E-01  0.3203E-01  0.6798E+00
      1.588  0.1910E-01  0.9781E-01  0.8412E+00
      1.657  0.3715E-01  0.1087E+00  0.1126E+01
      1.727  0.3027E-01  0.9744E-01  0.1064E+01
      1.796  0.2127E-01  0.1632E+00  0.1711E+01
      1.866  0.2749E-01  0.5973E-01  0.9080E+00
      1.935  0.7764E-02  0.3465E-01  0.6113E+00
      2.004  0.1121E-01  0.3570E-01  0.3483E+00
      2.074  0.2740E-01  0.1296E+00  0.1035E+01
      2.143  0.1563E-01  0.9747E-01  0.8035E+00
      2.212  0.8262E-02  0.4026E-01  0.4064E+00
      2.282  0.5700E-02  0.6870E-01  0.3573E+00
      2.351  0.2100E-01  0.9081E-01  0.6215E+00
      2.420  0.1032E-01  0.4312E-01  0.3271E+00
      2.490  0.5973E-02  0.3466E-01  0.2877E+00
      2.559  0.4197E-02  0.2772E-01  0.2391E+00
      2.628  0.1002E-01  0.3213E-01  0.2840E+00
      2.698  0.1106E-01  0.5234E-01  0.4007E+00
      2.767  0.1020E-01  0.4207E-01  0.3242E+00
      2.836  0.8899E-02  0.3595E-01  0.3039E+00
      2.906  0.1489E-01  0.4209E-01  0.3650E+00
      2.975  0.1226E-01  0.3466E-01  0.3201E+00
      3.044  0.2159E-01  0.5707E-01  0.4961E+00
      3.114  0.2104E-01  0.8273E-01  0.6517E+00
      3.183  0.1979E-01  0.6517E-01  0.5726E+00
      3.252  0.1310E-01  0.5063E-01  0.4663E+00
      3.322  0.1176E-01  0.4341E-01  0.3650E+00
      3.391  0.1270E-01  0.3728E-01  0.3593E+00
      3.460  0.1144E-01  0.4169E-01  0.3643E+00
      3.530  0.7876E-02  0.3186E-01  0.3229E+00
      3.599  0.1280E-01  0.4319E-01  0.3751E+00
      3.668  0.1615E-01  0.7958E-01  0.6126E+00
      3.738  0.9374E-02  0.3645E-01  0.3021E+00
      3.807  0.8548E-02  0.3475E-01  0.3691E+00
      3.876  0.7428E-02  0.2639E-01  0.2582E+00
      3.946  0.9845E-02  0.3231E-01  0.2448E+00
      4.015  0.3132E-01  0.5162E-01  0.4457E+00
      4.084  0.1603E-01  0.4635E-01  0.3653E+00
      4.154  0.1632E-01  0.5667E-01  0.3674E+00
      4.223  0.1140E-01  0.3553E-01  0.3330E+00
      4.292  0.9849E-02  0.3082E-01  0.2513E+00
      4.362  0.1184E-01  0.3123E-01  0.2763E+00
      4.431  0.1259E-01  0.5323E-01  0.4108E+00
      4.500  0.1659E-01  0.4238E-01  0.3137E+00
      4.570  0.1167E-01  0.3440E-01  0.3006E+00
      4.639  0.4204E-02  0.1861E-01  0.1807E+00
      4.708  0.9789E-02  0.2190E-01  0.2739E+00
      4.778  0.1104E-01  0.2305E-01  0.2380E+00
      4.847  0.4977E-02  0.1202E-01  0.1102E+00
      4.916  0.7289E-02  0.1231E-01  0.9089E-01
      4.986  0.1354E-01  0.1661E-01  0.1414E+00
      5.055  0.7450E-02  0.1694E-01  0.1145E+00
      5.124  0.8073E-02  0.3453E-01  0.2638E+00
      5.194  0.4119E-02  0.1968E-01  0.1296E+00
      5.263  0.3379E-02  0.1673E-01  0.1316E+00
      5.332  0.4917E-02  0.2170E-01  0.1777E+00
      5.402  0.7163E-02  0.2488E-01  0.1571E+00
      5.471  0.8548E-02  0.2425E-01  0.1649E+00
      5.540  0.1021E-01  0.2335E-01  0.1256E+00
      5.610  0.1861E-01  0.2729E-01  0.1800E+00
      5.679  0.1448E-01  0.3127E-01  0.2624E+00
      5.748  0.7860E-02  0.2865E-01  0.2128E+00
      5.818  0.1482E-01  0.2068E-01  0.1557E+00
      5.887  0.2272E-01  0.1389E-01  0.9338E-01
      5.956  0.3130E-01  0.1798E-01  0.1014E+00
      6.026  0.1705E-01  0.9297E-02  0.4679E-01
      6.095  0.1312E-01  0.8228E-02  0.2691E-01
      6.165  0.6719E-02  0.5623E-02  0.1219E-01
      6.234  0.9789E-02  0.7711E-02  0.1520E-01
      6.303  0.1225E-01  0.9066E-02  0.1801E-01
      6.373  0.1324E-01  0.9073E-02  0.1747E-01
      6.442  0.2125E-01  0.1093E-01  0.2234E-01
      6.511  0.1537E-01  0.7417E-02  0.1413E-01
      6.581  0.2964E-02  0.3355E-02  0.6399E-02
      6.650  0.1427E-02  0.1521E-02  0.3178E-02
      6.719  0.0000E+00  0.0000E+00  0.0000E+00
      6.789  0.0000E+00  0.0000E+00  0.0000E+00
      6.858  0.0000E+00  0.0000E+00  0.0000E+00
      6.927  0.0000E+00  0.0000E+00  0.0000E+00
      6.997  0.0000E+00  0.0000E+00  0.0000E+00
      7.066  0.0000E+00  0.0000E+00  0.0000E+00
      7.135  0.0000E+00  0.0000E+00  0.0000E+00
      7.205  0.0000E+00  0.0000E+00  0.0000E+00
      7.274  0.0000E+00  0.0000E+00  0.0000E+00
      7.343  0.0000E+00  0.0000E+00  0.0000E+00
      7.413  0.0000E+00  0.0000E+00  0.0000E+00
      7.482  0.0000E+00  0.0000E+00  0.0000E+00
      7.551  0.0000E+00  0.0000E+00  0.0000E+00
      7.621  0.0000E+00  0.0000E+00  0.0000E+00
      7.690  0.0000E+00  0.0000E+00  0.0000E+00
