    -13.112  0.0000E+00  0.0000E+00  0.0000E+00
    -13.042  0.0000E+00  0.0000E+00  0.0000E+00
    -12.973  0.0000E+00  0.0000E+00  0.0000E+00
    -12.904  0.0000E+00  0.0000E+00  0.0000E+00
    -12.834  0.0000E+00  0.0000E+00  0.0000E+00
    -12.765  0.0000E+00  0.0000E+00  0.0000E+00
    -12.696  0.0000E+00  0.0000E+00  0.0000E+00
    -12.626  0.0000E+00  0.0000E+00  0.0000E+00
    -12.557  0.0000E+00  0.0000E+00  0.0000E+00
    -12.488  0.0000E+00  0.0000E+00  0.0000E+00
    -12.418  0.0000E+00  0.0000E+00  0.0000E+00
    -12.349  0.0000E+00  0.0000E+00  0.0000E+00
    -12.280  0.0000E+00  0.0000E+00  0.0000E+00
    -12.210  0.0000E+00  0.0000E+00  0.0000E+00
    -12.141  0.0000E+00  0.0000E+00  0.0000E+00
    -12.072  0.1223E-02  0.1933E-03  0.4584E-04
    -12.002  0.1490E-02  0.2591E-03  0.6412E-04
    -11.933  0.1334E-02  0.2573E-03  0.6573E-04
    -11.864  0.1354E-02  0.2762E-03  0.7137E-04
    -11.794  0.1434E-02  0.3123E-03  0.8078E-04
    -11.725  0.1109E-02  0.2856E-03  0.7950E-04
    -11.656  0.1094E-02  0.2933E-03  0.8359E-04
    -11.586  0.1122E-02  0.3041E-03  0.8806E-04
    -11.517  0.2716E-01  0.3798E-02  0.1414E-02
    -11.448  0.9387E-02  0.1682E-02  0.6108E-03
    -11.378  0.2268E-01  0.3922E-02  0.1436E-02
    -11.309  0.3191E-01  0.6292E-02  0.2302E-02
    -11.240  0.3262E-01  0.7636E-02  0.2887E-02
    -11.170  0.1336E-01  0.3608E-02  0.1362E-02
    -11.101  0.1950E-01  0.5538E-02  0.2157E-02
    -11.032  0.2179E-01  0.6196E-02  0.2361E-02
    -10.962  0.2104E-01  0.6010E-02  0.2433E-02
    -10.893  0.2484E-01  0.7314E-02  0.2958E-02
    -10.823  0.1990E-01  0.7812E-02  0.3361E-02
    -10.754  0.3021E-01  0.8715E-02  0.3698E-02
    -10.685  0.9681E-01  0.1581E-01  0.1047E-01
    -10.615  0.5979E-01  0.1118E-01  0.7195E-02
    -10.546  0.6343E-01  0.1376E-01  0.8583E-02
    -10.477  0.6411E-01  0.1786E-01  0.9856E-02
    -10.407  0.8691E-01  0.2647E-01  0.1415E-01
    -10.338  0.6743E-01  0.3337E-01  0.1768E-01
    -10.269  0.4732E-01  0.1928E-01  0.1018E-01
    -10.199  0.4518E-01  0.2336E-01  0.1255E-01
    -10.130  0.6665E-01  0.2555E-01  0.1447E-01
    -10.061  0.6403E-01  0.8088E-01  0.4208E-01
     -9.991  0.9093E-01  0.9687E-01  0.5354E-01
     -9.922  0.5480E-01  0.7658E-01  0.4325E-01
     -9.853  0.3943E-01  0.6927E-01  0.4017E-01
     -9.783  0.2990E-01  0.6532E-01  0.3835E-01
     -9.714  0.1675E-01  0.3790E-01  0.2226E-01
     -9.645  0.1190E-01  0.3157E-01  0.1893E-01
     -9.575  0.6959E-02  0.2212E-01  0.1272E-01
     -9.506  0.5363E-02  0.2076E-01  0.1215E-01
     -9.437  0.4075E-02  0.2672E-01  0.1594E-01
     -9.367  0.1717E-02  0.1569E-01  0.9362E-02
     -9.298  0.0000E+00  0.0000E+00  0.0000E+00
     -9.229  0.3193E-02  0.2406E-03  0.8912E-03
     -9.159  0.6223E-02  0.8860E-03  0.1975E-02
     -9.090  0.5273E-02  0.1179E-02  0.1904E-02
     -9.021  0.4465E-02  0.1593E-02  0.1864E-02
     -8.951  0.4475E-02  0.2110E-02  0.2177E-02
     -8.882  0.4253E-02  0.2660E-02  0.2383E-02
     -8.813  0.4112E-02  0.4344E-02  0.3108E-02
     -8.743  0.5916E-03  0.1901E-02  0.1267E-02
     -8.674  0.4477E-03  0.9850E-03  0.6218E-03
     -8.605  0.1966E-02  0.9356E-03  0.1281E-02
     -8.535  0.1534E-02  0.7475E-03  0.9663E-03
     -8.466  0.1125E-02  0.6662E-03  0.7390E-03
     -8.397  0.6021E-02  0.3521E-02  0.2309E-02
     -8.327  0.3509E-02  0.3051E-02  0.2215E-02
     -8.258  0.3192E-02  0.3332E-02  0.2500E-02
     -8.189  0.2967E-02  0.4408E-02  0.3452E-02
     -8.119  0.2783E-02  0.4976E-02  0.4249E-02
     -8.050  0.7480E-02  0.6123E-02  0.5439E-02
     -7.981  0.8531E-02  0.5861E-02  0.6829E-02
     -7.911  0.1300E-01  0.7309E-02  0.1253E-01
     -7.842  0.9282E-02  0.5869E-02  0.1289E-01
     -7.773  0.1352E+00  0.7800E-01  0.9619E-01
     -7.703  0.5447E-01  0.3788E-01  0.4420E-01
     -7.634  0.1431E+00  0.1099E+00  0.1585E+00
     -7.565  0.9804E-01  0.9063E-01  0.1120E+00
     -7.495  0.9022E-01  0.7276E-01  0.8950E-01
     -7.426  0.4300E-01  0.5418E-01  0.8987E-01
     -7.357  0.2482E-01  0.3849E-01  0.6478E-01
     -7.287  0.3910E-01  0.7502E-01  0.1068E+00
     -7.218  0.2571E-01  0.7559E-01  0.1233E+00
     -7.149  0.1614E-01  0.6950E-01  0.9993E-01
     -7.079  0.1241E-01  0.7525E-01  0.8596E-01
     -7.010  0.5781E-02  0.7605E-01  0.5140E-01
     -6.941  0.0000E+00  0.0000E+00  0.0000E+00
     -6.871  0.0000E+00  0.0000E+00  0.0000E+00
     -6.802  0.0000E+00  0.0000E+00  0.0000E+00
     -6.732  0.0000E+00  0.0000E+00  0.0000E+00
     -6.663  0.0000E+00  0.0000E+00  0.0000E+00
     -6.594  0.0000E+00  0.0000E+00  0.0000E+00
     -6.524  0.0000E+00  0.0000E+00  0.0000E+00
     -6.455  0.0000E+00  0.0000E+00  0.0000E+00
     -6.386  0.0000E+00  0.0000E+00  0.0000E+00
     -6.316  0.0000E+00  0.0000E+00  0.0000E+00
     -6.247  0.0000E+00  0.0000E+00  0.0000E+00
     -6.178  0.0000E+00  0.0000E+00  0.0000E+00
     -6.108  0.0000E+00  0.0000E+00  0.0000E+00
     -6.039  0.0000E+00  0.0000E+00  0.0000E+00
     -5.970  0.0000E+00  0.0000E+00  0.0000E+00
     -5.900  0.0000E+00  0.0000E+00  0.0000E+00
     -5.831  0.0000E+00  0.0000E+00  0.0000E+00
     -5.762  0.0000E+00  0.0000E+00  0.0000E+00
     -5.692  0.0000E+00  0.0000E+00  0.0000E+00
     -5.623  0.0000E+00  0.0000E+00  0.0000E+00
     -5.554  0.0000E+00  0.0000E+00  0.0000E+00
     -5.484  0.0000E+00  0.0000E+00  0.0000E+00
     -5.415  0.0000E+00  0.0000E+00  0.0000E+00
     -5.346  0.0000E+00  0.0000E+00  0.0000E+00
     -5.276  0.0000E+00  0.0000E+00  0.0000E+00
     -5.207  0.0000E+00  0.0000E+00  0.0000E+00
     -5.138  0.0000E+00  0.0000E+00  0.0000E+00
     -5.068  0.8238E-03  0.1833E-03  0.7639E-03
     -4.999  0.1159E-02  0.2785E-03  0.9588E-03
     -4.930  0.2259E-02  0.5485E-03  0.1951E-02
     -4.860  0.1016E-01  0.2064E-02  0.9604E-02
     -4.791  0.1231E-01  0.3002E-02  0.1210E-01
     -4.722  0.1504E-01  0.4790E-02  0.1454E-01
     -4.652  0.2047E-01  0.7017E-02  0.1964E-01
     -4.583  0.4529E-01  0.1732E-01  0.5101E-01
     -4.514  0.5578E-01  0.1043E-01  0.3442E-01
     -4.444  0.5484E-01  0.1775E-01  0.6595E-01
     -4.375  0.1485E+00  0.2431E-01  0.5199E-01
     -4.306  0.1517E+00  0.3098E-01  0.8563E-01
     -4.236  0.1453E+00  0.3354E-01  0.1035E+00
     -4.167  0.3676E-01  0.1198E-01  0.2971E-01
     -4.098  0.1787E+00  0.5041E-01  0.1384E+00
     -4.028  0.8561E-02  0.4981E-02  0.9477E-02
     -3.959  0.4612E-01  0.2167E-01  0.5107E-01
     -3.890  0.1458E+00  0.6696E-01  0.1266E+00
     -3.820  0.2991E-01  0.1786E-01  0.3734E-01
     -3.751  0.1942E+00  0.7602E-01  0.1837E+00
     -3.682  0.7373E-01  0.2960E-01  0.9365E-01
     -3.612  0.1144E+00  0.3538E-01  0.1635E+00
     -3.543  0.1251E+00  0.5635E-01  0.1476E+00
     -3.474  0.1035E+00  0.6209E-01  0.1887E+00
     -3.404  0.5114E-01  0.2930E-01  0.1329E+00
     -3.335  0.2324E-01  0.1412E-01  0.3699E-01
     -3.266  0.1168E+00  0.6306E-01  0.2331E+00
     -3.196  0.8368E-01  0.6775E-01  0.2368E+00
     -3.127  0.8868E-01  0.5429E-01  0.2505E+00
     -3.058  0.7526E-01  0.2747E-01  0.1202E+00
     -2.988  0.1148E+00  0.4792E-01  0.2308E+00
     -2.919  0.3542E-01  0.3523E-01  0.1748E+00
     -2.850  0.1301E+00  0.5053E-01  0.2713E+00
     -2.780  0.7534E-01  0.3584E-01  0.2732E+00
     -2.711  0.7215E-01  0.5291E-01  0.3082E+00
     -2.642  0.1759E+00  0.7464E-01  0.5538E+00
     -2.572  0.6954E-01  0.5373E-01  0.3420E+00
     -2.503  0.6458E-01  0.6225E-01  0.4288E+00
     -2.433  0.8084E-01  0.4437E-01  0.4236E+00
     -2.364  0.1095E+00  0.6381E-01  0.6295E+00
     -2.295  0.4133E-01  0.4596E-01  0.3158E+00
     -2.225  0.9973E-01  0.6516E-01  0.5294E+00
     -2.156  0.2216E-01  0.1908E-01  0.1249E+00
     -2.087  0.1155E+00  0.5817E-01  0.6264E+00
     -2.017  0.1407E+00  0.1454E+00  0.7229E+00
     -1.948  0.6084E-01  0.5616E-01  0.5480E+00
     -1.879  0.7252E-01  0.6335E-01  0.6266E+00
     -1.809  0.5095E-01  0.6996E-01  0.6977E+00
     -1.740  0.4660E-01  0.1101E+00  0.7541E+00
     -1.671  0.3496E-01  0.1072E+00  0.9132E+00
     -1.601  0.3570E-01  0.1963E+00  0.2044E+01
     -1.532  0.4899E-01  0.1231E+00  0.8519E+00
     -1.463  0.6662E-01  0.1251E+00  0.1354E+01
     -1.393  0.2859E-01  0.7290E-01  0.6447E+00
     -1.324  0.4844E-01  0.1000E+00  0.7533E+00
     -1.255  0.2122E-01  0.7890E-01  0.3955E+00
     -1.185  0.2050E-01  0.3401E-01  0.2569E+00
     -1.116  0.1187E-01  0.4048E-01  0.3342E+00
     -1.047  0.1551E-01  0.1833E-01  0.3628E+00
     -0.977  0.1403E-01  0.4423E-01  0.4864E+00
     -0.908  0.3283E-01  0.6490E-01  0.1653E+01
     -0.839  0.2056E-01  0.7274E-01  0.1291E+01
     -0.769  0.2316E-01  0.1137E+00  0.2139E+01
     -0.700  0.1992E-01  0.1809E+00  0.2714E+01
     -0.631  0.1637E-01  0.2034E+00  0.3605E+01
     -0.561  0.9784E-02  0.1261E+00  0.1706E+01
     -0.492  0.7601E-02  0.4025E-01  0.8497E+00
     -0.423  0.1191E-01  0.7190E-01  0.1256E+01
     -0.353  0.8609E-02  0.8122E-01  0.9215E+00
     -0.284  0.2013E-01  0.8218E-01  0.1859E+01
     -0.215  0.1193E-01  0.8143E-01  0.1823E+01
     -0.145  0.1145E-01  0.5050E-01  0.1123E+01
     -0.076  0.7647E-02  0.3954E-01  0.1150E+01
     -0.007  0.8992E-02  0.7666E-01  0.2142E+01
      0.063  0.6115E-02  0.4429E-01  0.1480E+01
      0.132  0.1769E-01  0.1045E+00  0.5235E+01
      0.201  0.1548E-01  0.1015E+00  0.3781E+01
      0.271  0.6408E-02  0.3015E-01  0.1388E+01
      0.340  0.3691E-01  0.9581E-01  0.6112E+01
      0.409  0.1876E-01  0.2636E-01  0.2372E+01
      0.479  0.4479E-01  0.9037E-01  0.5943E+01
      0.548  0.2176E-01  0.5594E-01  0.3004E+01
      0.617  0.2621E-01  0.8643E-01  0.3216E+01
      0.687  0.3024E-01  0.6341E-01  0.3072E+01
      0.756  0.3412E-01  0.7176E-01  0.3602E+01
      0.825  0.1422E-01  0.3634E-01  0.1893E+01
      0.895  0.3578E-01  0.4579E-01  0.3475E+01
      0.964  0.8024E-01  0.5455E-01  0.5237E+01
      1.033  0.7536E-01  0.1082E+00  0.4527E+01
      1.103  0.2076E-01  0.5899E-01  0.1734E+01
      1.172  0.5496E-01  0.1269E+00  0.3378E+01
      1.241  0.3236E-01  0.1076E+00  0.3198E+01
      1.311  0.2069E-01  0.5789E-01  0.1598E+01
      1.380  0.4277E-01  0.8473E-01  0.1933E+01
      1.449  0.2740E-01  0.9964E-01  0.1508E+01
      1.519  0.2161E-01  0.2117E-01  0.8190E+00
      1.588  0.3525E-01  0.5864E-01  0.9145E+00
      1.657  0.4486E-01  0.6143E-01  0.1410E+01
      1.727  0.2726E-01  0.6586E-01  0.1184E+01
      1.796  0.3153E-01  0.1247E+00  0.1592E+01
      1.866  0.3551E-01  0.5440E-01  0.1011E+01
      1.935  0.1655E-01  0.2373E-01  0.4466E+00
      2.004  0.1265E-01  0.2947E-01  0.3944E+00
      2.074  0.3527E-01  0.1212E+00  0.1194E+01
      2.143  0.3306E-01  0.7575E-01  0.8726E+00
      2.212  0.1238E-01  0.2878E-01  0.4856E+00
      2.282  0.2035E-01  0.3831E-01  0.3935E+00
      2.351  0.2115E-01  0.7747E-01  0.8646E+00
      2.420  0.1434E-01  0.3260E-01  0.3691E+00
      2.490  0.9319E-02  0.2689E-01  0.2601E+00
      2.559  0.1330E-01  0.2209E-01  0.2035E+00
      2.628  0.1178E-01  0.3100E-01  0.2726E+00
      2.698  0.2329E-01  0.3970E-01  0.3821E+00
      2.767  0.1508E-01  0.3637E-01  0.2794E+00
      2.836  0.2028E-01  0.3371E-01  0.3173E+00
      2.906  0.2175E-01  0.4508E-01  0.3506E+00
      2.975  0.1534E-01  0.4176E-01  0.2388E+00
      3.044  0.2735E-01  0.6974E-01  0.3911E+00
      3.114  0.3138E-01  0.7555E-01  0.5268E+00
      3.183  0.3082E-01  0.8089E-01  0.4462E+00
      3.252  0.2678E-01  0.5964E-01  0.3325E+00
      3.322  0.2453E-01  0.5284E-01  0.3079E+00
      3.391  0.1963E-01  0.6426E-01  0.3051E+00
      3.460  0.1685E-01  0.6043E-01  0.2907E+00
      3.530  0.1407E-01  0.6178E-01  0.2940E+00
      3.599  0.1417E-01  0.8518E-01  0.3552E+00
      3.668  0.2763E-01  0.1053E+00  0.5111E+00
      3.738  0.1298E-01  0.5080E-01  0.2947E+00
      3.807  0.1501E-01  0.7849E-01  0.3406E+00
      3.876  0.7780E-02  0.5820E-01  0.2203E+00
      3.946  0.8578E-02  0.5267E-01  0.2009E+00
      4.015  0.1576E-01  0.8393E-01  0.4255E+00
      4.084  0.1052E-01  0.6839E-01  0.3476E+00
      4.154  0.2706E-01  0.7049E-01  0.3383E+00
      4.223  0.2293E-01  0.5346E-01  0.2734E+00
      4.292  0.1297E-01  0.5141E-01  0.2242E+00
      4.362  0.1173E-01  0.8826E-01  0.2490E+00
      4.431  0.1711E-01  0.8224E-01  0.3523E+00
      4.500  0.1429E-01  0.7306E-01  0.2783E+00
      4.570  0.1970E-01  0.6720E-01  0.2578E+00
      4.639  0.7094E-02  0.4858E-01  0.1802E+00
      4.708  0.1000E-01  0.5363E-01  0.1280E+00
      4.778  0.1223E-01  0.4550E-01  0.1305E+00
      4.847  0.5097E-02  0.2301E-01  0.6878E-01
      4.916  0.5580E-02  0.2238E-01  0.8339E-01
      4.986  0.1021E-01  0.2458E-01  0.1356E+00
      5.055  0.8107E-02  0.3208E-01  0.9760E-01
      5.124  0.1770E-01  0.9865E-01  0.1888E+00
      5.194  0.1448E-01  0.5100E-01  0.8882E-01
      5.263  0.1903E-01  0.3933E-01  0.6465E-01
      5.332  0.3395E-01  0.6193E-01  0.1056E+00
      5.402  0.2153E-01  0.6362E-01  0.1014E+00
      5.471  0.1155E-01  0.5910E-01  0.1126E+00
      5.540  0.1193E-01  0.7718E-01  0.1088E+00
      5.610  0.1379E-01  0.6416E-01  0.1403E+00
      5.679  0.1749E-01  0.8978E-01  0.1227E+00
      5.748  0.1626E-01  0.5056E-01  0.1279E+00
      5.818  0.1199E-01  0.3170E-01  0.1342E+00
      5.887  0.8618E-02  0.2940E-01  0.1657E+00
      5.956  0.1055E-01  0.3690E-01  0.2204E+00
      6.026  0.3477E-02  0.1796E-01  0.1296E+00
      6.095  0.3776E-02  0.1060E-01  0.6517E-01
      6.165  0.4286E-02  0.7118E-02  0.3014E-01
      6.234  0.6481E-02  0.9790E-02  0.3503E-01
      6.303  0.8060E-02  0.1201E-01  0.3677E-01
      6.373  0.8424E-02  0.1231E-01  0.3249E-01
      6.442  0.1030E-01  0.1635E-01  0.3583E-01
      6.511  0.6765E-02  0.1037E-01  0.2172E-01
      6.581  0.4397E-02  0.6207E-02  0.8477E-02
      6.650  0.2270E-02  0.3040E-02  0.3660E-02
      6.719  0.0000E+00  0.0000E+00  0.0000E+00
      6.789  0.0000E+00  0.0000E+00  0.0000E+00
      6.858  0.0000E+00  0.0000E+00  0.0000E+00
      6.927  0.0000E+00  0.0000E+00  0.0000E+00
      6.997  0.0000E+00  0.0000E+00  0.0000E+00
      7.066  0.0000E+00  0.0000E+00  0.0000E+00
      7.135  0.0000E+00  0.0000E+00  0.0000E+00
      7.205  0.0000E+00  0.0000E+00  0.0000E+00
      7.274  0.0000E+00  0.0000E+00  0.0000E+00
      7.343  0.0000E+00  0.0000E+00  0.0000E+00
      7.413  0.0000E+00  0.0000E+00  0.0000E+00
      7.482  0.0000E+00  0.0000E+00  0.0000E+00
      7.551  0.0000E+00  0.0000E+00  0.0000E+00
      7.621  0.0000E+00  0.0000E+00  0.0000E+00
      7.690  0.0000E+00  0.0000E+00  0.0000E+00
