    -13.112  0.0000E+00  0.0000E+00  0.0000E+00
    -13.042  0.0000E+00  0.0000E+00  0.0000E+00
    -12.973  0.0000E+00  0.0000E+00  0.0000E+00
    -12.904  0.0000E+00  0.0000E+00  0.0000E+00
    -12.834  0.0000E+00  0.0000E+00  0.0000E+00
    -12.765  0.0000E+00  0.0000E+00  0.0000E+00
    -12.696  0.0000E+00  0.0000E+00  0.0000E+00
    -12.626  0.0000E+00  0.0000E+00  0.0000E+00
    -12.557  0.0000E+00  0.0000E+00  0.0000E+00
    -12.488  0.0000E+00  0.0000E+00  0.0000E+00
    -12.418  0.0000E+00  0.0000E+00  0.0000E+00
    -12.349  0.0000E+00  0.0000E+00  0.0000E+00
    -12.280  0.0000E+00  0.0000E+00  0.0000E+00
    -12.210  0.0000E+00  0.0000E+00  0.0000E+00
    -12.141  0.0000E+00  0.0000E+00  0.0000E+00
    -12.072  0.6694E-01  0.9029E-03  0.0000E+00
    -12.002  0.8518E-01  0.1339E-02  0.0000E+00
    -11.933  0.7991E-01  0.1537E-02  0.0000E+00
    -11.864  0.8289E-01  0.1847E-02  0.0000E+00
    -11.794  0.9145E-01  0.2211E-02  0.0000E+00
    -11.725  0.8100E-01  0.2165E-02  0.0000E+00
    -11.656  0.8261E-01  0.2551E-02  0.0000E+00
    -11.586  0.8594E-01  0.2955E-02  0.0000E+00
    -11.517  0.1111E+00  0.6802E-02  0.0000E+00
    -11.448  0.7997E-01  0.4302E-02  0.0000E+00
    -11.378  0.9249E-01  0.6389E-02  0.0000E+00
    -11.309  0.1485E+00  0.8125E-02  0.0000E+00
    -11.240  0.1690E+00  0.8887E-02  0.0000E+00
    -11.170  0.6264E-01  0.4156E-02  0.0000E+00
    -11.101  0.9771E-01  0.6190E-02  0.0000E+00
    -11.032  0.1213E+00  0.7455E-02  0.0000E+00
    -10.962  0.8734E-01  0.6311E-02  0.0000E+00
    -10.893  0.1030E+00  0.8340E-02  0.0000E+00
    -10.823  0.1268E+00  0.1032E-01  0.0000E+00
    -10.754  0.1691E+00  0.1291E-01  0.0000E+00
    -10.685  0.2441E+00  0.1950E-01  0.0000E+00
    -10.615  0.1227E+00  0.1056E-01  0.0000E+00
    -10.546  0.8456E-01  0.8903E-02  0.0000E+00
    -10.477  0.1117E+00  0.1170E-01  0.0000E+00
    -10.407  0.9964E-01  0.1244E-01  0.0000E+00
    -10.338  0.1790E+00  0.1853E-01  0.0000E+00
    -10.269  0.8228E-01  0.8545E-02  0.0000E+00
    -10.199  0.8334E-01  0.8912E-02  0.0000E+00
    -10.130  0.1721E-01  0.4584E-02  0.0000E+00
    -10.061  0.3249E-01  0.8733E-02  0.0000E+00
     -9.991  0.2436E-01  0.5422E-02  0.0000E+00
     -9.922  0.1769E-01  0.4452E-02  0.0000E+00
     -9.853  0.1368E-01  0.3679E-02  0.0000E+00
     -9.783  0.9662E-02  0.2808E-02  0.0000E+00
     -9.714  0.6233E-02  0.1256E-02  0.0000E+00
     -9.645  0.5221E-02  0.1083E-02  0.0000E+00
     -9.575  0.4568E-02  0.9763E-03  0.0000E+00
     -9.506  0.4287E-02  0.9123E-03  0.0000E+00
     -9.437  0.5326E-02  0.1157E-02  0.0000E+00
     -9.367  0.2880E-02  0.6759E-03  0.0000E+00
     -9.298  0.0000E+00  0.0000E+00  0.0000E+00
     -9.229  0.1185E+00  0.8879E-04  0.0000E+00
     -9.159  0.2664E+00  0.4007E-03  0.0000E+00
     -9.090  0.2690E+00  0.6219E-03  0.0000E+00
     -9.021  0.3095E+00  0.9614E-03  0.0000E+00
     -8.951  0.4232E+00  0.1724E-02  0.0000E+00
     -8.882  0.6210E+00  0.2656E-02  0.0000E+00
     -8.813  0.1521E+01  0.6575E-02  0.0000E+00
     -8.743  0.6845E+00  0.3126E-02  0.0000E+00
     -8.674  0.6878E+00  0.2570E-02  0.0000E+00
     -8.605  0.7722E+00  0.5462E-02  0.0000E+00
     -8.535  0.6026E+00  0.4595E-02  0.0000E+00
     -8.466  0.4898E+00  0.3710E-02  0.0000E+00
     -8.397  0.4437E+00  0.1351E-01  0.0000E+00
     -8.327  0.3521E+00  0.1205E-01  0.0000E+00
     -8.258  0.3107E+00  0.1273E-01  0.0000E+00
     -8.189  0.3165E+00  0.1474E-01  0.0000E+00
     -8.119  0.3908E+00  0.1514E-01  0.0000E+00
     -8.050  0.2435E+00  0.1515E-01  0.0000E+00
     -7.981  0.1449E+00  0.1091E-01  0.0000E+00
     -7.911  0.1064E+00  0.1026E-01  0.0000E+00
     -7.842  0.5032E-01  0.8178E-02  0.0000E+00
     -7.773  0.1460E+00  0.1227E-01  0.0000E+00
     -7.703  0.7850E-01  0.8053E-02  0.0000E+00
     -7.634  0.3850E+00  0.2421E-01  0.0000E+00
     -7.565  0.2410E+00  0.1145E-01  0.0000E+00
     -7.495  0.1404E+00  0.6076E-02  0.0000E+00
     -7.426  0.1420E+00  0.5011E-02  0.0000E+00
     -7.357  0.5650E-01  0.2406E-02  0.0000E+00
     -7.287  0.1712E+00  0.6031E-02  0.0000E+00
     -7.218  0.3124E-02  0.3653E-03  0.0000E+00
     -7.149  0.2825E-02  0.2505E-03  0.0000E+00
     -7.079  0.2370E-02  0.1439E-03  0.0000E+00
     -7.010  0.9594E-03  0.5608E-04  0.0000E+00
     -6.941  0.0000E+00  0.0000E+00  0.0000E+00
     -6.871  0.0000E+00  0.0000E+00  0.0000E+00
     -6.802  0.0000E+00  0.0000E+00  0.0000E+00
     -6.732  0.0000E+00  0.0000E+00  0.0000E+00
     -6.663  0.0000E+00  0.0000E+00  0.0000E+00
     -6.594  0.0000E+00  0.0000E+00  0.0000E+00
     -6.524  0.0000E+00  0.0000E+00  0.0000E+00
     -6.455  0.0000E+00  0.0000E+00  0.0000E+00
     -6.386  0.0000E+00  0.0000E+00  0.0000E+00
     -6.316  0.0000E+00  0.0000E+00  0.0000E+00
     -6.247  0.0000E+00  0.0000E+00  0.0000E+00
     -6.178  0.0000E+00  0.0000E+00  0.0000E+00
     -6.108  0.0000E+00  0.0000E+00  0.0000E+00
     -6.039  0.0000E+00  0.0000E+00  0.0000E+00
     -5.970  0.0000E+00  0.0000E+00  0.0000E+00
     -5.900  0.0000E+00  0.0000E+00  0.0000E+00
     -5.831  0.0000E+00  0.0000E+00  0.0000E+00
     -5.762  0.0000E+00  0.0000E+00  0.0000E+00
     -5.692  0.0000E+00  0.0000E+00  0.0000E+00
     -5.623  0.0000E+00  0.0000E+00  0.0000E+00
     -5.554  0.0000E+00  0.0000E+00  0.0000E+00
     -5.484  0.0000E+00  0.0000E+00  0.0000E+00
     -5.415  0.0000E+00  0.0000E+00  0.0000E+00
     -5.346  0.0000E+00  0.0000E+00  0.0000E+00
     -5.276  0.0000E+00  0.0000E+00  0.0000E+00
     -5.207  0.0000E+00  0.0000E+00  0.0000E+00
     -5.138  0.0000E+00  0.0000E+00  0.0000E+00
     -5.068  0.1010E-01  0.7176E-01  0.0000E+00
     -4.999  0.6449E-02  0.5637E-01  0.0000E+00
     -4.930  0.5549E-02  0.5791E-01  0.0000E+00
     -4.860  0.6209E-02  0.6559E-01  0.0000E+00
     -4.791  0.6569E-02  0.7279E-01  0.0000E+00
     -4.722  0.6813E-02  0.1003E+00  0.0000E+00
     -4.652  0.7628E-02  0.1307E+00  0.0000E+00
     -4.583  0.6412E-02  0.3155E+00  0.0000E+00
     -4.514  0.6654E-02  0.1617E+00  0.0000E+00
     -4.444  0.1644E-01  0.2926E+00  0.0000E+00
     -4.375  0.5752E-02  0.2215E+00  0.0000E+00
     -4.306  0.2553E-01  0.3017E+00  0.0000E+00
     -4.236  0.1557E-01  0.3189E+00  0.0000E+00
     -4.167  0.1263E-01  0.1565E+00  0.0000E+00
     -4.098  0.9619E-01  0.8810E+00  0.0000E+00
     -4.028  0.2486E-02  0.2349E-01  0.0000E+00
     -3.959  0.2047E-01  0.1185E+00  0.0000E+00
     -3.890  0.5826E-01  0.3172E+00  0.0000E+00
     -3.820  0.2376E-01  0.6918E-01  0.0000E+00
     -3.751  0.1076E+00  0.2126E+00  0.0000E+00
     -3.682  0.3427E-01  0.1157E+00  0.0000E+00
     -3.612  0.6024E-01  0.1867E+00  0.0000E+00
     -3.543  0.5165E-01  0.1330E+00  0.0000E+00
     -3.474  0.4385E-01  0.2300E+00  0.0000E+00
     -3.404  0.5738E-01  0.1096E+00  0.0000E+00
     -3.335  0.9643E-02  0.3110E-01  0.0000E+00
     -3.266  0.2893E-01  0.1250E+00  0.0000E+00
     -3.196  0.3895E-01  0.1395E+00  0.0000E+00
     -3.127  0.3267E-01  0.1600E+00  0.0000E+00
     -3.058  0.1506E-01  0.7376E-01  0.0000E+00
     -2.988  0.4261E-01  0.1734E+00  0.0000E+00
     -2.919  0.2305E-01  0.1849E+00  0.0000E+00
     -2.850  0.2543E-01  0.3225E+00  0.0000E+00
     -2.780  0.2192E-01  0.1975E+00  0.0000E+00
     -2.711  0.1892E-01  0.3183E+00  0.0000E+00
     -2.642  0.1330E-01  0.2162E+00  0.0000E+00
     -2.572  0.1486E-01  0.2106E+00  0.0000E+00
     -2.503  0.2136E-01  0.2575E+00  0.0000E+00
     -2.433  0.1864E-01  0.3108E+00  0.0000E+00
     -2.364  0.3802E-01  0.3539E+00  0.0000E+00
     -2.295  0.1614E-01  0.2221E+00  0.0000E+00
     -2.225  0.1931E-01  0.2619E+00  0.0000E+00
     -2.156  0.6845E-02  0.1069E+00  0.0000E+00
     -2.087  0.2846E-01  0.5719E+00  0.0000E+00
     -2.017  0.2553E-01  0.4100E+00  0.0000E+00
     -1.948  0.1395E-01  0.3191E+00  0.0000E+00
     -1.879  0.7125E-02  0.2969E+00  0.0000E+00
     -1.809  0.1094E-01  0.3350E+00  0.0000E+00
     -1.740  0.1220E-01  0.3169E+00  0.0000E+00
     -1.671  0.2541E-01  0.2262E+00  0.0000E+00
     -1.601  0.1765E-01  0.4695E+00  0.0000E+00
     -1.532  0.1526E-01  0.3406E+00  0.0000E+00
     -1.463  0.2221E-01  0.5565E+00  0.0000E+00
     -1.393  0.1516E-01  0.4072E+00  0.0000E+00
     -1.324  0.2073E-01  0.3507E+00  0.0000E+00
     -1.255  0.4298E-02  0.1314E+00  0.0000E+00
     -1.185  0.4352E-02  0.1973E+00  0.0000E+00
     -1.116  0.8109E-02  0.2212E+00  0.0000E+00
     -1.047  0.3004E-02  0.7113E-01  0.0000E+00
     -0.977  0.1027E-01  0.1312E+00  0.0000E+00
     -0.908  0.9743E-02  0.1983E+00  0.0000E+00
     -0.839  0.8150E-02  0.1754E+00  0.0000E+00
     -0.769  0.5800E-02  0.1780E+00  0.0000E+00
     -0.700  0.5100E-02  0.1142E+00  0.0000E+00
     -0.631  0.8752E-02  0.2224E+00  0.0000E+00
     -0.561  0.9210E-02  0.1594E+00  0.0000E+00
     -0.492  0.5433E-02  0.5298E-01  0.0000E+00
     -0.423  0.1267E-01  0.2304E+00  0.0000E+00
     -0.353  0.7534E-02  0.1159E+00  0.0000E+00
     -0.284  0.9626E-02  0.1303E+00  0.0000E+00
     -0.215  0.5736E-02  0.1485E+00  0.0000E+00
     -0.145  0.7943E-02  0.1065E+00  0.0000E+00
     -0.076  0.3915E-02  0.1086E+00  0.0000E+00
     -0.007  0.1012E-01  0.9981E-01  0.0000E+00
      0.063  0.6299E-02  0.5978E-01  0.0000E+00
      0.132  0.1339E-01  0.1459E+00  0.0000E+00
      0.201  0.1306E-01  0.1105E+00  0.0000E+00
      0.271  0.4937E-02  0.5563E-01  0.0000E+00
      0.340  0.2158E-01  0.1092E+00  0.0000E+00
      0.409  0.4852E-02  0.3321E-01  0.0000E+00
      0.479  0.2080E-01  0.8793E-01  0.0000E+00
      0.548  0.7286E-02  0.5268E-01  0.0000E+00
      0.617  0.1472E-01  0.3381E-01  0.0000E+00
      0.687  0.2058E-01  0.6596E-01  0.0000E+00
      0.756  0.2229E-01  0.6749E-01  0.0000E+00
      0.825  0.1676E-01  0.4985E-01  0.0000E+00
      0.895  0.5214E-01  0.9200E-01  0.0000E+00
      0.964  0.4027E-01  0.1027E+00  0.0000E+00
      1.033  0.3367E-01  0.1547E+00  0.0000E+00
      1.103  0.1178E-01  0.1045E+00  0.0000E+00
      1.172  0.4384E-01  0.1762E+00  0.0000E+00
      1.241  0.1253E-01  0.7265E-01  0.0000E+00
      1.311  0.3105E-01  0.7464E-01  0.0000E+00
      1.380  0.4396E-01  0.1480E+00  0.0000E+00
      1.449  0.2699E-01  0.1235E+00  0.0000E+00
      1.519  0.2434E-01  0.9875E-01  0.0000E+00
      1.588  0.1567E-01  0.9970E-01  0.0000E+00
      1.657  0.3759E-01  0.2173E+00  0.0000E+00
      1.727  0.2897E-01  0.1829E+00  0.0000E+00
      1.796  0.6195E-01  0.1803E+00  0.0000E+00
      1.866  0.4868E-01  0.9546E-01  0.0000E+00
      1.935  0.1442E-01  0.5011E-01  0.0000E+00
      2.004  0.1383E-01  0.6361E-01  0.0000E+00
      2.074  0.4141E-01  0.1300E+00  0.0000E+00
      2.143  0.3399E-01  0.1445E+00  0.0000E+00
      2.212  0.3028E-01  0.8709E-01  0.0000E+00
      2.282  0.3377E-01  0.6668E-01  0.0000E+00
      2.351  0.4458E-01  0.1476E+00  0.0000E+00
      2.420  0.3322E-01  0.1052E+00  0.0000E+00
      2.490  0.3189E-01  0.8431E-01  0.0000E+00
      2.559  0.2567E-01  0.1073E+00  0.0000E+00
      2.628  0.4077E-01  0.1557E+00  0.0000E+00
      2.698  0.5685E-01  0.1997E+00  0.0000E+00
      2.767  0.5772E-01  0.1637E+00  0.0000E+00
      2.836  0.4014E-01  0.1485E+00  0.0000E+00
      2.906  0.3379E-01  0.1626E+00  0.0000E+00
      2.975  0.3374E-01  0.1924E+00  0.0000E+00
      3.044  0.4059E-01  0.3136E+00  0.0000E+00
      3.114  0.5481E-01  0.2237E+00  0.0000E+00
      3.183  0.3461E-01  0.2750E+00  0.0000E+00
      3.252  0.2715E-01  0.2166E+00  0.0000E+00
      3.322  0.2151E-01  0.2570E+00  0.0000E+00
      3.391  0.2117E-01  0.2498E+00  0.0000E+00
      3.460  0.2781E-01  0.2400E+00  0.0000E+00
      3.530  0.2660E-01  0.1659E+00  0.0000E+00
      3.599  0.2682E-01  0.2211E+00  0.0000E+00
      3.668  0.4399E-01  0.2893E+00  0.0000E+00
      3.738  0.4017E-01  0.1796E+00  0.0000E+00
      3.807  0.2616E-01  0.1855E+00  0.0000E+00
      3.876  0.3366E-01  0.2038E+00  0.0000E+00
      3.946  0.4373E-01  0.2373E+00  0.0000E+00
      4.015  0.4117E-01  0.3751E+00  0.0000E+00
      4.084  0.2732E-01  0.2425E+00  0.0000E+00
      4.154  0.2981E-01  0.2227E+00  0.0000E+00
      4.223  0.2264E-01  0.2009E+00  0.0000E+00
      4.292  0.2020E-01  0.1445E+00  0.0000E+00
      4.362  0.1934E-01  0.2801E+00  0.0000E+00
      4.431  0.2334E-01  0.2302E+00  0.0000E+00
      4.500  0.1943E-01  0.2243E+00  0.0000E+00
      4.570  0.4020E-01  0.2358E+00  0.0000E+00
      4.639  0.1710E-01  0.1155E+00  0.0000E+00
      4.708  0.1946E-01  0.2709E+00  0.0000E+00
      4.778  0.2235E-01  0.3459E+00  0.0000E+00
      4.847  0.1604E-01  0.1785E+00  0.0000E+00
      4.916  0.1084E-01  0.2286E+00  0.0000E+00
      4.986  0.1623E-01  0.3829E+00  0.0000E+00
      5.055  0.1922E-01  0.3397E+00  0.0000E+00
      5.124  0.3701E-01  0.6857E+00  0.0000E+00
      5.194  0.1605E-01  0.2175E+00  0.0000E+00
      5.263  0.1221E-01  0.1773E+00  0.0000E+00
      5.332  0.1319E-01  0.2606E+00  0.0000E+00
      5.402  0.2344E-01  0.2433E+00  0.0000E+00
      5.471  0.1502E-01  0.2323E+00  0.0000E+00
      5.540  0.1369E-01  0.1402E+00  0.0000E+00
      5.610  0.1389E-01  0.1099E+00  0.0000E+00
      5.679  0.1461E-01  0.1429E+00  0.0000E+00
      5.748  0.1267E-01  0.1600E+00  0.0000E+00
      5.818  0.1120E-01  0.1577E+00  0.0000E+00
      5.887  0.7251E-02  0.8662E-01  0.0000E+00
      5.956  0.1118E-01  0.9564E-01  0.0000E+00
      6.026  0.7795E-02  0.3804E-01  0.0000E+00
      6.095  0.4747E-02  0.2655E-01  0.0000E+00
      6.165  0.1401E-02  0.1220E-01  0.0000E+00
      6.234  0.1769E-02  0.1606E-01  0.0000E+00
      6.303  0.1829E-02  0.1819E-01  0.0000E+00
      6.373  0.1744E-02  0.1689E-01  0.0000E+00
      6.442  0.1807E-02  0.1605E-01  0.0000E+00
      6.511  0.1229E-02  0.1033E-01  0.0000E+00
      6.581  0.3022E-03  0.7172E-02  0.0000E+00
      6.650  0.1258E-03  0.3447E-02  0.0000E+00
      6.719  0.0000E+00  0.0000E+00  0.0000E+00
      6.789  0.0000E+00  0.0000E+00  0.0000E+00
      6.858  0.0000E+00  0.0000E+00  0.0000E+00
      6.927  0.0000E+00  0.0000E+00  0.0000E+00
      6.997  0.0000E+00  0.0000E+00  0.0000E+00
      7.066  0.0000E+00  0.0000E+00  0.0000E+00
      7.135  0.0000E+00  0.0000E+00  0.0000E+00
      7.205  0.0000E+00  0.0000E+00  0.0000E+00
      7.274  0.0000E+00  0.0000E+00  0.0000E+00
      7.343  0.0000E+00  0.0000E+00  0.0000E+00
      7.413  0.0000E+00  0.0000E+00  0.0000E+00
      7.482  0.0000E+00  0.0000E+00  0.0000E+00
      7.551  0.0000E+00  0.0000E+00  0.0000E+00
      7.621  0.0000E+00  0.0000E+00  0.0000E+00
      7.690  0.0000E+00  0.0000E+00  0.0000E+00
