-15.45250000   0.00000000   0.00000000   0.00000000 
-15.38250000   0.00000000   0.00000000   0.00000000 
-15.31350000   0.00000000   0.00000000   0.00000000 
-15.24450000   0.00000000   0.00000000   0.00000000 
-15.17450000   0.00000000   0.00000000   0.00000000 
-15.10550000   0.00000000   0.00000000   0.00000000 
-15.03650000   0.00000000   0.00000000   0.00000000 
-14.96650000   0.00000000   0.00000000   0.00000000 
-14.89750000   0.00000000   0.00000000   0.00000000 
-14.82850000   0.00000000   0.00000000   0.00000000 
-14.75850000   0.00000000   0.00000000   0.00000000 
-14.68950000   0.00000000   0.00000000   0.00000000 
-14.62050000   0.00000000   0.00000000   0.00000000 
-14.55050000   0.00000000   0.00000000   0.00000000 
-14.48150000   0.00000000   0.00000000   0.00000000 
-14.41250000   0.03120000   0.00099430   0.00060370 
-14.34250000   0.03893000   0.00176200   0.00084960 
-14.27350000   0.03626000   0.00222300   0.00092950 
-14.20450000   0.03813000   0.00268900   0.00108000 
-14.13450000   0.04113000   0.00339700   0.00133600 
-14.06550000   0.03336000   0.00382300   0.00135200 
-13.99650000   0.03525000   0.00428900   0.00152400 
-13.92650000   0.03841000   0.00470700   0.00168300 
-13.85750000   0.05135000   0.01108000   0.00272100 
-13.78850000   0.03961000   0.00668900   0.00199900 
-13.71850000   0.04446000   0.01037000   0.00276200 
-13.64950000   0.03816000   0.02031000   0.00469200 
-13.58050000   0.03325000   0.02441000   0.00615900 
-13.51050000   0.01558000   0.00877800   0.00310900 
-13.44150000   0.01756000   0.01499000   0.00492600 
-13.37250000   0.02312000   0.01793000   0.00635300 
-13.30250000   0.02016000   0.01538000   0.00536100 
-13.23350000   0.02717000   0.02111000   0.00716600 
-13.16350000   0.02893000   0.02590000   0.01016000 
-13.09450000   0.02706000   0.03413000   0.01534000 
-13.02550000   0.03984000   0.05007000   0.02150000 
-12.95550000   0.01804000   0.02723000   0.01179000 
-12.88650000   0.01139000   0.02250000   0.00971400 
-12.81750000   0.01241000   0.02904000   0.01478000 
-12.74750000   0.01351000   0.02611000   0.01471000 
-12.67850000   0.02093000   0.04589000   0.02475000 
-12.60950000   0.00816400   0.02422000   0.01147000 
-12.53950000   0.01055000   0.02792000   0.01110000 
-12.47050000   0.01158000   0.01078000   0.00484100 
-12.40150000   0.01405000   0.01335000   0.01119000 
-12.33150000   0.01287000   0.01097000   0.00731000 
-12.26250000   0.01073000   0.00766200   0.00778500 
-12.19350000   0.00831200   0.00569600   0.00683900 
-12.12350000   0.00523500   0.00354100   0.00581900 
-12.05450000   0.00251500   0.00205800   0.00239900 
-11.98550000   0.00215700   0.00179400   0.00222700 
-11.91550000   0.00227300   0.00181000   0.00239200 
-11.84650000   0.00192400   0.00162300   0.00235500 
-11.77750000   0.00213900   0.00197600   0.00350800 
-11.70750000   0.00118200   0.00114400   0.00221100 
-11.63850000   0.00000000   0.00000000   0.00000000 
-11.56950000   0.01265000   0.00111100   0.00671900 
-11.49950000   0.02762000   0.00329800   0.01468000 
-11.43050000   0.02692000   0.00381000   0.01486000 
-11.36150000   0.02812000   0.00644200   0.01599000 
-11.29150000   0.03275000   0.01418000   0.02037000 
-11.22250000   0.03867000   0.02704000   0.02733000 
-11.15350000   0.08416000   0.06897000   0.06668000 
-11.08350000   0.04229000   0.02750000   0.03513000 
-11.01450000   0.03237000   0.03494000   0.02305000 
-10.94550000   0.06059000   0.03571000   0.03553000 
-10.87550000   0.04651000   0.03066000   0.02638000 
-10.80650000   0.03469000   0.02581000   0.01896000 
-10.73750000   0.06206000   0.03350000   0.01859000 
-10.66750000   0.05465000   0.03376000   0.01727000 
-10.59850000   0.05169000   0.03478000   0.01700000 
-10.52950000   0.05518000   0.04103000   0.02162000 
-10.45950000   0.05425000   0.05138000   0.02756000 
-10.39050000   0.04879000   0.05658000   0.04063000 
-10.32150000   0.03866000   0.04584000   0.05182000 
-10.25150000   0.02104000   0.05713000   0.06020000 
-10.18250000   0.01320000   0.05199000   0.05662000 
-10.11350000   0.02775000   0.05091000   0.07250000 
-10.04350000   0.02026000   0.03061000   0.03557000 
 -9.97450000   0.08922000   0.08268000   0.13820000 
 -9.90550000   0.02983000   0.03593000   0.08477000 
 -9.83550000   0.01464000   0.03440000   0.05023000 
 -9.76650000   0.01423000   0.04864000   0.04267000 
 -9.69750000   0.00492200   0.01242000   0.02498000 
 -9.62750000   0.00785900   0.03482000   0.06876000 
 -9.55850000   0.00126900   0.00270900   0.00157700 
 -9.48950000   0.00096700   0.00208700   0.00154900 
 -9.41950000   0.00059790   0.00132400   0.00152100 
 -9.35050000   0.00007494   0.00022610   0.00046170 
 -9.28150000   0.00000000   0.00000000   0.00000000 
 -9.21150000   0.00000000   0.00000000   0.00000000 
 -9.14250000   0.00000000   0.00000000   0.00000000 
 -9.07250000   0.00000000   0.00000000   0.00000000 
 -9.00350000   0.00000000   0.00000000   0.00000000 
 -8.93450000   0.00000000   0.00000000   0.00000000 
 -8.86450000   0.00000000   0.00000000   0.00000000 
 -8.79550000   0.00000000   0.00000000   0.00000000 
 -8.72650000   0.00000000   0.00000000   0.00000000 
 -8.65650000   0.00000000   0.00000000   0.00000000 
 -8.58750000   0.00000000   0.00000000   0.00000000 
 -8.51850000   0.00000000   0.00000000   0.00000000 
 -8.44850000   0.00000000   0.00000000   0.00000000 
 -8.37950000   0.00000000   0.00000000   0.00000000 
 -8.31050000   0.00000000   0.00000000   0.00000000 
 -8.24050000   0.00000000   0.00000000   0.00000000 
 -8.17150000   0.00000000   0.00000000   0.00000000 
 -8.10250000   0.00000000   0.00000000   0.00000000 
 -8.03250000   0.00000000   0.00000000   0.00000000 
 -7.96350000   0.00000000   0.00000000   0.00000000 
 -7.89450000   0.00000000   0.00000000   0.00000000 
 -7.82450000   0.00000000   0.00000000   0.00000000 
 -7.75550000   0.00000000   0.00000000   0.00000000 
 -7.68650000   0.00000000   0.00000000   0.00000000 
 -7.61650000   0.00000000   0.00000000   0.00000000 
 -7.54750000   0.00000000   0.00000000   0.00000000 
 -7.47850000   0.00000000   0.00000000   0.00000000 
 -7.40850000   0.10430000   0.01287000   0.03994000 
 -7.33950000   0.07149000   0.01287000   0.02767000 
 -7.27050000   0.06460000   0.01427000   0.02578000 
 -7.20050000   0.06215000   0.01451000   0.02766000 
 -7.13150000   0.06026000   0.01631000   0.03073000 
 -7.06250000   0.06475000   0.02297000   0.04195000 
 -6.99250000   0.07127000   0.02950000   0.05364000 
 -6.92350000   0.08043000   0.08184000   0.11830000 
 -6.85450000   0.08785000   0.04262000   0.05740000 
 -6.78450000   0.10490000   0.05948000   0.10580000 
 -6.71550000   0.07342000   0.05594000   0.07454000 
 -6.64650000   0.15060000   0.05547000   0.15010000 
 -6.57650000   0.12170000   0.04978000   0.18300000 
 -6.50750000   0.08474000   0.02770000   0.08940000 
 -6.43850000   0.40360000   0.15610000   0.47460000 
 -6.36850000   0.01245000   0.00622000   0.01692000 
 -6.29950000   0.07347000   0.04080000   0.08494000 
 -6.23050000   0.16210000   0.10870000   0.30210000 
 -6.16050000   0.07393000   0.02942000   0.08172000 
 -6.09150000   0.20280000   0.09112000   0.25610000 
 -6.02250000   0.06453000   0.04328000   0.10640000 
 -5.95250000   0.05156000   0.05742000   0.22290000 
 -5.88350000   0.06776000   0.05711000   0.20850000 
 -5.81450000   0.08448000   0.09172000   0.23030000 
 -5.74450000   0.02826000   0.05284000   0.13100000 
 -5.67550000   0.03271000   0.01441000   0.06725000 
 -5.60650000   0.09237000   0.07829000   0.26640000 
 -5.53650000   0.08650000   0.08002000   0.37700000 
 -5.46750000   0.07729000   0.06623000   0.35450000 
 -5.39850000   0.03793000   0.03613000   0.18180000 
 -5.32850000   0.06730000   0.05488000   0.40580000 
 -5.25950000   0.04054000   0.05916000   0.31960000 
 -5.19050000   0.06604000   0.07307000   0.50090000 
 -5.12050000   0.04227000   0.06282000   0.55340000 
 -5.05150000   0.08238000   0.05319000   0.61950000 
 -4.98250000   0.04863000   0.04944000   0.46820000 
 -4.91250000   0.03730000   0.04944000   0.36600000 
 -4.84350000   0.04918000   0.05322000   0.38830000 
 -4.77350000   0.04351000   0.05362000   0.34890000 
 -4.70450000   0.06576000   0.05991000   0.60450000 
 -4.63550000   0.04537000   0.03955000   0.35370000 
 -4.56550000   0.04173000   0.07815000   0.85500000 
 -4.49650000   0.01140000   0.02242000   0.37880000 
 -4.42750000   0.03157000   0.16310000   1.07900000 
 -4.35750000   0.07096000   0.11390000   1.01200000 
 -4.28850000   0.03360000   0.09162000   0.77610000 
 -4.21950000   0.03983000   0.10180000   0.94880000 
 -4.14950000   0.03468000   0.10250000   1.01100000 
 -4.08050000   0.04315000   0.08629000   0.87890000 
 -4.01150000   0.03685000   0.09362000   0.67390000 
 -3.94150000   0.03667000   0.14750000   1.20700000 
 -3.87250000   0.04992000   0.12400000   0.60660000 
 -3.80350000   0.02390000   0.09171000   0.66120000 
 -3.73350000   0.01584000   0.11490000   0.94080000 
 -3.66450000   0.04100000   0.15820000   1.51700000 
 -3.59550000   0.01074000   0.05518000   0.67300000 
 -3.52550000   0.00999700   0.12220000   1.10000000 
 -3.45650000   0.04250000   0.06989000   1.45900000 
 -3.38750000   0.00926300   0.03001000   0.53250000 
 -3.31750000   0.03910000   0.08326000   1.42600000 
 -3.24850000   0.02474000   0.07178000   1.80800000 
 -3.17950000   0.02384000   0.07574000   1.24700000 
 -3.10950000   0.02076000   0.06117000   1.66100000 
 -3.04050000   0.03094000   0.04073000   1.07700000 
 -2.97150000   0.03141000   0.10730000   2.92100000 
 -2.90150000   0.02008000   0.08967000   2.21400000 
 -2.83250000   0.00862100   0.04348000   0.91820000 
 -2.76350000   0.02036000   0.14460000   3.55300000 
 -2.69350000   0.00778900   0.07321000   2.06900000 
 -2.62450000   0.00975600   0.08194000   2.78700000 
 -2.55550000   0.01764000   0.08961000   2.16100000 
 -2.48550000   0.01292000   0.05574000   2.24400000 
 -2.41650000   0.02317000   0.06519000   2.87000000 
 -2.34750000   0.02222000   0.07841000   3.29300000 
 -2.27750000   0.01698000   0.06617000   2.65000000 
 -2.20850000   0.02477000   0.12830000   5.48600000 
 -2.13950000   0.01747000   0.06988000   5.15100000 
 -2.06950000   0.01244000   0.04696000   2.46700000 
 -2.00050000   0.02040000   0.06431000   4.22100000 
 -1.93150000   0.00776000   0.02697000   1.75600000 
 -1.86150000   0.01155000   0.07834000   5.43000000 
 -1.79250000   0.01612000   0.03824000   3.81000000 
 -1.72350000   0.00670900   0.02728000   1.75700000 
 -1.65350000   0.01851000   0.05035000   2.32200000 
 -1.58450000   0.02737000   0.03811000   2.30500000 
 -1.51550000   0.03305000   0.03861000   1.99300000 
 -1.44550000   0.02441000   0.05987000   2.06000000 
 -1.37650000   0.02909000   0.05360000   1.95200000 
 -1.30750000   0.04123000   0.12230000   2.38800000 
 -1.23750000   0.02339000   0.05716000   0.92740000 
 -1.16850000   0.01825000   0.09757000   1.83900000 
 -1.09950000   0.01567000   0.04201000   0.86570000 
 -1.02950000   0.01412000   0.03164000   0.90110000 
 -0.96050000   0.01899000   0.06406000   1.26100000 
 -0.89150000   0.02006000   0.06756000   1.36400000 
 -0.82150000   0.02407000   0.02559000   0.78920000 
 -0.75250000   0.03414000   0.02646000   0.87760000 
 -0.68350000   0.06136000   0.06469000   1.95200000 
 -0.61350000   0.02996000   0.05889000   1.40700000 
 -0.54450000   0.03036000   0.08142000   1.67400000 
 -0.47450000   0.02785000   0.05122000   0.59110000 
 -0.40550000   0.01726000   0.01898000   0.31970000 
 -0.33650000   0.01093000   0.01997000   0.25050000 
 -0.26650000   0.01716000   0.07394000   0.54080000 
 -0.19750000   0.00956400   0.04447000   0.46830000 
 -0.12850000   0.01308000   0.05216000   0.35140000 
 -0.05850000   0.00926900   0.03765000   0.30290000 
  0.01050000   0.01768000   0.04945000   0.45980000 
  0.07950000   0.01417000   0.03668000   0.35440000 
  0.14950000   0.00948400   0.03058000   0.25830000 
  0.21850000   0.01219000   0.02882000   0.34270000 
  0.28750000   0.01907000   0.04346000   0.49240000 
  0.35750000   0.02505000   0.04366000   0.52600000 
  0.42650000   0.01577000   0.04102000   0.49260000 
  0.49550000   0.01792000   0.03578000   0.34410000 
  0.56550000   0.02120000   0.04066000   0.44370000 
  0.63450000   0.01676000   0.04120000   0.45410000 
  0.70350000   0.02358000   0.05981000   0.56020000 
  0.77350000   0.03007000   0.05275000   0.58000000 
  0.84250000   0.02577000   0.04827000   0.42620000 
  0.91150000   0.02015000   0.04527000   0.37480000 
  0.98150000   0.01369000   0.03985000   0.29180000 
  1.05050000   0.02007000   0.04240000   0.30100000 
  1.11950000   0.02263000   0.04373000   0.35690000 
  1.18950000   0.01823000   0.03264000   0.21700000 
  1.25850000   0.01647000   0.05103000   0.33250000 
  1.32750000   0.03318000   0.07745000   0.35360000 
  1.39750000   0.03413000   0.05655000   0.24870000 
  1.46650000   0.02369000   0.04762000   0.27860000 
  1.53550000   0.02082000   0.06373000   0.28250000 
  1.60550000   0.02151000   0.06650000   0.33130000 
  1.67450000   0.02155000   0.07828000   0.47540000 
  1.74350000   0.01480000   0.04816000   0.30610000 
  1.81350000   0.02345000   0.05668000   0.23040000 
  1.88250000   0.02005000   0.05241000   0.20520000 
  1.95150000   0.01574000   0.04279000   0.14110000 
  2.02150000   0.03278000   0.06363000   0.26160000 
  2.09050000   0.02935000   0.05970000   0.19770000 
  2.15950000   0.03211000   0.05730000   0.23870000 
  2.22950000   0.03649000   0.07249000   0.28060000 
  2.29850000   0.01975000   0.03112000   0.13790000 
  2.36750000   0.02196000   0.03538000   0.21710000 
  2.43750000   0.02782000   0.04994000   0.29780000 
  2.50650000   0.01378000   0.03035000   0.13940000 
  2.57550000   0.01308000   0.03164000   0.17450000 
  2.64550000   0.03161000   0.04174000   0.27170000 
  2.71450000   0.03116000   0.05931000   0.25790000 
  2.78350000   0.03531000   0.06196000   0.56400000 
  2.85350000   0.01843000   0.02600000   0.23940000 
  2.92250000   0.01361000   0.02648000   0.18220000 
  2.99150000   0.01233000   0.02918000   0.21480000 
  3.06150000   0.01760000   0.04018000   0.24330000 
  3.13050000   0.01125000   0.03337000   0.23810000 
  3.19950000   0.00686200   0.03191000   0.25690000 
  3.26950000   0.00854200   0.03390000   0.23480000 
  3.33850000   0.00623900   0.03340000   0.20970000 
  3.40750000   0.00495200   0.02793000   0.16650000 
  3.47750000   0.00636500   0.01925000   0.09779000 
  3.54650000   0.00539500   0.01403000   0.06415000 
  3.61550000   0.00911800   0.01395000   0.06857000 
  3.68550000   0.01039000   0.00696100   0.01999000 
  3.75450000   0.00764700   0.00493300   0.01608000 
  3.82450000   0.00448500   0.00316800   0.00753000 
  3.89350000   0.00669800   0.00465200   0.01013000 
  3.96250000   0.00830200   0.00562900   0.01245000 
  4.03250000   0.00925400   0.00599600   0.01322000 
  4.10150000   0.01056000   0.00718300   0.01528000 
  4.17050000   0.00706800   0.00427500   0.00903400 
  4.24050000   0.00398000   0.00235200   0.00529200 
  4.30950000   0.00197300   0.00111100   0.00258500 
  4.37850000   0.00000000   0.00000000   0.00000000 
  4.44850000   0.00000000   0.00000000   0.00000000 
  4.51750000   0.00000000   0.00000000   0.00000000 
  4.58650000   0.00000000   0.00000000   0.00000000 
  4.65650000   0.00000000   0.00000000   0.00000000 
  4.72550000   0.00000000   0.00000000   0.00000000 
  4.79450000   0.00000000   0.00000000   0.00000000 
  4.86450000   0.00000000   0.00000000   0.00000000 
  4.93350000   0.00000000   0.00000000   0.00000000 
  5.00250000   0.00000000   0.00000000   0.00000000 
  5.07250000   0.00000000   0.00000000   0.00000000 
  5.14150000   0.00000000   0.00000000   0.00000000 
  5.21050000   0.00000000   0.00000000   0.00000000 
  5.28050000   0.00000000   0.00000000   0.00000000 
  5.34950000   0.00000000   0.00000000   0.00000000 
