-15.45250000   0.00000000   0.00000000   0.00000000 
-15.38250000   0.00000000   0.00000000   0.00000000 
-15.31350000   0.00000000   0.00000000   0.00000000 
-15.24450000   0.00000000   0.00000000   0.00000000 
-15.17450000   0.00000000   0.00000000   0.00000000 
-15.10550000   0.00000000   0.00000000   0.00000000 
-15.03650000   0.00000000   0.00000000   0.00000000 
-14.96650000   0.00000000   0.00000000   0.00000000 
-14.89750000   0.00000000   0.00000000   0.00000000 
-14.82850000   0.00000000   0.00000000   0.00000000 
-14.75850000   0.00000000   0.00000000   0.00000000 
-14.68950000   0.00000000   0.00000000   0.00000000 
-14.62050000   0.00000000   0.00000000   0.00000000 
-14.55050000   0.00000000   0.00000000   0.00000000 
-14.48150000   0.00000000   0.00000000   0.00000000 
-14.41250000   0.02057000   0.00358400   0.00071240 
-14.34250000   0.02588000   0.00490600   0.00106300 
-14.27350000   0.02428000   0.00504800   0.00117500 
-14.20450000   0.02552000   0.00557900   0.00134100 
-14.13450000   0.02794000   0.00649600   0.00158700 
-14.06550000   0.02417000   0.00646800   0.00175600 
-13.99650000   0.02593000   0.00718400   0.00202600 
-13.92650000   0.02845000   0.00796300   0.00230500 
-13.85750000   0.05323000   0.01286000   0.00381300 
-13.78850000   0.03553000   0.00939100   0.00277500 
-13.71850000   0.04727000   0.01254000   0.00397200 
-13.64950000   0.04802000   0.01864000   0.00740700 
-13.58050000   0.04810000   0.02169000   0.00886300 
-13.51050000   0.02347000   0.00944900   0.00347600 
-13.44150000   0.03078000   0.01460000   0.00570700 
-13.37250000   0.03872000   0.01858000   0.00744700 
-13.30250000   0.02756000   0.01595000   0.00744100 
-13.23350000   0.02946000   0.02205000   0.01113000 
-13.16350000   0.03196000   0.02942000   0.01536000 
-13.09450000   0.03621000   0.03917000   0.02098000 
-13.02550000   0.05184000   0.05411000   0.03196000 
-12.95550000   0.02707000   0.02799000   0.01660000 
-12.88650000   0.02185000   0.02143000   0.01267000 
-12.81750000   0.02464000   0.03047000   0.01835000 
-12.74750000   0.01659000   0.02860000   0.01854000 
-12.67850000   0.01904000   0.04714000   0.03131000 
-12.60950000   0.00877100   0.02520000   0.01775000 
-12.53950000   0.00746300   0.02147000   0.01507000 
-12.47050000   0.00799700   0.00346800   0.00203600 
-12.40150000   0.00572100   0.00996400   0.00574800 
-12.33150000   0.00376200   0.00520600   0.00331100 
-12.26250000   0.00189800   0.00433900   0.00286000 
-12.19350000   0.00121200   0.00366800   0.00245900 
-12.12350000   0.00074740   0.00323400   0.00220600 
-12.05450000   0.00045900   0.00129700   0.00081900 
-11.98550000   0.00034540   0.00112100   0.00071410 
-11.91550000   0.00024250   0.00106000   0.00069290 
-11.84650000   0.00016350   0.00099690   0.00066590 
-11.77750000   0.00004696   0.00136100   0.00095390 
-11.70750000   0.00001789   0.00082320   0.00058600 
-11.63850000   0.00000000   0.00000000   0.00000000 
-11.56950000   0.02113000   0.00097310   0.00386500 
-11.49950000   0.04377000   0.00347500   0.00876800 
-11.43050000   0.04081000   0.00530400   0.00896700 
-11.36150000   0.03804000   0.00824700   0.00940500 
-11.29150000   0.04324000   0.01460000   0.01321000 
-11.22250000   0.04936000   0.02495000   0.01874000 
-11.15350000   0.08739000   0.05796000   0.03517000 
-11.08350000   0.02811000   0.02724000   0.01569000 
-11.01450000   0.02539000   0.01934000   0.01392000 
-10.94550000   0.04400000   0.02131000   0.02084000 
-10.87550000   0.02937000   0.01871000   0.01766000 
-10.80650000   0.02044000   0.01573000   0.01456000 
-10.73750000   0.03141000   0.02655000   0.02356000 
-10.66750000   0.02622000   0.02544000   0.02273000 
-10.59850000   0.02771000   0.02634000   0.02334000 
-10.52950000   0.03373000   0.03139000   0.02685000 
-10.45950000   0.03719000   0.03664000   0.03138000 
-10.39050000   0.08994000   0.06567000   0.05495000 
-10.32150000   0.08763000   0.06105000   0.06670000 
-10.25150000   0.10710000   0.07713000   0.10100000 
-10.18250000   0.05343000   0.06016000   0.11020000 
-10.11350000   0.05314000   0.08354000   0.08210000 
-10.04350000   0.02316000   0.04266000   0.06926000 
 -9.97450000   0.06161000   0.16150000   0.21840000 
 -9.90550000   0.01439000   0.06904000   0.09061000 
 -9.83550000   0.01635000   0.05763000   0.08538000 
 -9.76650000   0.01238000   0.06088000   0.06940000 
 -9.69750000   0.00562400   0.02898000   0.03712000 
 -9.62750000   0.00500400   0.09030000   0.09604000 
 -9.55850000   0.00024130   0.00062250   0.00155400 
 -9.48950000   0.00016450   0.00039600   0.00096920 
 -9.41950000   0.00011110   0.00018510   0.00047050 
 -9.35050000   0.00002134   0.00011570   0.00017350 
 -9.28150000   0.00000000   0.00000000   0.00000000 
 -9.21150000   0.00000000   0.00000000   0.00000000 
 -9.14250000   0.00000000   0.00000000   0.00000000 
 -9.07250000   0.00000000   0.00000000   0.00000000 
 -9.00350000   0.00000000   0.00000000   0.00000000 
 -8.93450000   0.00000000   0.00000000   0.00000000 
 -8.86450000   0.00000000   0.00000000   0.00000000 
 -8.79550000   0.00000000   0.00000000   0.00000000 
 -8.72650000   0.00000000   0.00000000   0.00000000 
 -8.65650000   0.00000000   0.00000000   0.00000000 
 -8.58750000   0.00000000   0.00000000   0.00000000 
 -8.51850000   0.00000000   0.00000000   0.00000000 
 -8.44850000   0.00000000   0.00000000   0.00000000 
 -8.37950000   0.00000000   0.00000000   0.00000000 
 -8.31050000   0.00000000   0.00000000   0.00000000 
 -8.24050000   0.00000000   0.00000000   0.00000000 
 -8.17150000   0.00000000   0.00000000   0.00000000 
 -8.10250000   0.00000000   0.00000000   0.00000000 
 -8.03250000   0.00000000   0.00000000   0.00000000 
 -7.96350000   0.00000000   0.00000000   0.00000000 
 -7.89450000   0.00000000   0.00000000   0.00000000 
 -7.82450000   0.00000000   0.00000000   0.00000000 
 -7.75550000   0.00000000   0.00000000   0.00000000 
 -7.68650000   0.00000000   0.00000000   0.00000000 
 -7.61650000   0.00000000   0.00000000   0.00000000 
 -7.54750000   0.00000000   0.00000000   0.00000000 
 -7.47850000   0.00000000   0.00000000   0.00000000 
 -7.40850000   0.06312000   0.01167000   0.03240000 
 -7.33950000   0.04347000   0.00999300   0.02215000 
 -7.27050000   0.04009000   0.01099000   0.02115000 
 -7.20050000   0.04417000   0.01229000   0.02378000 
 -7.13150000   0.04713000   0.01369000   0.02597000 
 -7.06250000   0.05699000   0.01939000   0.03446000 
 -6.99250000   0.06676000   0.02526000   0.04421000 
 -6.92350000   0.12570000   0.05345000   0.09082000 
 -6.85450000   0.09329000   0.03293000   0.06365000 
 -6.78450000   0.11350000   0.04987000   0.10930000 
 -6.71550000   0.08815000   0.04503000   0.08156000 
 -6.64650000   0.10590000   0.04990000   0.14090000 
 -6.57650000   0.07899000   0.05988000   0.15710000 
 -6.50750000   0.04484000   0.03328000   0.07821000 
 -6.43850000   0.29620000   0.19580000   0.45140000 
 -6.36850000   0.00838700   0.00502000   0.01144000 
 -6.29950000   0.05314000   0.02575000   0.07312000 
 -6.23050000   0.14590000   0.08343000   0.24110000 
 -6.16050000   0.03640000   0.02309000   0.07355000 
 -6.09150000   0.10650000   0.07588000   0.28530000 
 -6.02250000   0.06130000   0.03372000   0.10960000 
 -5.95250000   0.09022000   0.05836000   0.22210000 
 -5.88350000   0.07747000   0.05013000   0.17940000 
 -5.81450000   0.10020000   0.05246000   0.23660000 
 -5.74450000   0.03849000   0.06440000   0.22490000 
 -5.67550000   0.02629000   0.01226000   0.05365000 
 -5.60650000   0.08488000   0.04038000   0.27010000 
 -5.53650000   0.11650000   0.05331000   0.36910000 
 -5.46750000   0.09324000   0.04942000   0.35940000 
 -5.39850000   0.04860000   0.03374000   0.16960000 
 -5.32850000   0.10690000   0.05288000   0.33660000 
 -5.25950000   0.08257000   0.04404000   0.30640000 
 -5.19050000   0.06544000   0.06244000   0.39290000 
 -5.12050000   0.06847000   0.06190000   0.46000000 
 -5.05150000   0.06707000   0.03381000   0.37640000 
 -4.98250000   0.09527000   0.05120000   0.34750000 
 -4.91250000   0.05959000   0.03991000   0.29170000 
 -4.84350000   0.05406000   0.03979000   0.25220000 
 -4.77350000   0.05346000   0.04042000   0.21450000 
 -4.70450000   0.07576000   0.04670000   0.39100000 
 -4.63550000   0.05598000   0.03729000   0.19860000 
 -4.56550000   0.06400000   0.05467000   0.39500000 
 -4.49650000   0.01397000   0.01520000   0.11490000 
 -4.42750000   0.06303000   0.09046000   0.52320000 
 -4.35750000   0.05661000   0.07813000   0.66730000 
 -4.28850000   0.05573000   0.11580000   0.69020000 
 -4.21950000   0.08940000   0.08808000   0.94880000 
 -4.14950000   0.06248000   0.06489000   0.78930000 
 -4.08050000   0.03574000   0.07179000   0.74520000 
 -4.01150000   0.02646000   0.08289000   0.66360000 
 -3.94150000   0.05516000   0.09185000   1.21500000 
 -3.87250000   0.03329000   0.06897000   0.74440000 
 -3.80350000   0.02889000   0.06874000   1.05800000 
 -3.73350000   0.02192000   0.10090000   0.76120000 
 -3.66450000   0.03899000   0.08947000   0.74570000 
 -3.59550000   0.01540000   0.04304000   0.45940000 
 -3.52550000   0.02376000   0.06409000   1.04100000 
 -3.45650000   0.05895000   0.08746000   1.06700000 
 -3.38750000   0.00674900   0.02032000   0.42140000 
 -3.31750000   0.02292000   0.08254000   1.92300000 
 -3.24850000   0.02019000   0.09840000   1.79900000 
 -3.17950000   0.01374000   0.11680000   1.86100000 
 -3.10950000   0.01197000   0.08861000   2.06800000 
 -3.04050000   0.01901000   0.04798000   1.02200000 
 -2.97150000   0.01906000   0.11380000   2.30100000 
 -2.90150000   0.01462000   0.08798000   1.48300000 
 -2.83250000   0.00832900   0.02603000   0.84010000 
 -2.76350000   0.02048000   0.14350000   2.40900000 
 -2.69350000   0.01317000   0.06634000   1.47100000 
 -2.62450000   0.01952000   0.10710000   3.01400000 
 -2.55550000   0.01439000   0.12240000   2.96900000 
 -2.48550000   0.01144000   0.05639000   3.04500000 
 -2.41650000   0.01379000   0.07729000   2.90300000 
 -2.34750000   0.01549000   0.05595000   2.58200000 
 -2.27750000   0.01391000   0.06762000   2.45300000 
 -2.20850000   0.01687000   0.08046000   3.63100000 
 -2.13950000   0.03978000   0.08044000   4.64200000 
 -2.06950000   0.01645000   0.06344000   1.82200000 
 -2.00050000   0.07119000   0.13250000   4.79200000 
 -1.93150000   0.01247000   0.04292000   1.55600000 
 -1.86150000   0.02060000   0.08964000   4.43100000 
 -1.79250000   0.00754100   0.03484000   2.46100000 
 -1.72350000   0.01116000   0.03652000   2.34300000 
 -1.65350000   0.02606000   0.06709000   3.76300000 
 -1.58450000   0.02427000   0.07114000   4.33300000 
 -1.51550000   0.02128000   0.05637000   2.92500000 
 -1.44550000   0.02184000   0.12160000   2.76900000 
 -1.37650000   0.01455000   0.07130000   2.12500000 
 -1.30750000   0.02097000   0.12960000   3.54300000 
 -1.23750000   0.01633000   0.04927000   1.22500000 
 -1.16850000   0.03022000   0.13770000   2.26700000 
 -1.09950000   0.02703000   0.06475000   1.18200000 
 -1.02950000   0.01731000   0.05555000   1.24500000 
 -0.96050000   0.03772000   0.06388000   1.19200000 
 -0.89150000   0.03828000   0.10130000   1.69000000 
 -0.82150000   0.01453000   0.03205000   0.93530000 
 -0.75250000   0.04387000   0.03207000   1.14900000 
 -0.68350000   0.13930000   0.07931000   1.46600000 
 -0.61350000   0.05169000   0.08328000   1.08500000 
 -0.54450000   0.04269000   0.07933000   1.14900000 
 -0.47450000   0.02337000   0.03796000   0.54870000 
 -0.40550000   0.00904100   0.01388000   0.24690000 
 -0.33650000   0.00870800   0.02189000   0.27890000 
 -0.26650000   0.04005000   0.05934000   0.78330000 
 -0.19750000   0.03408000   0.05644000   0.60140000 
 -0.12850000   0.01990000   0.03448000   0.47180000 
 -0.05850000   0.00779000   0.02642000   0.34680000 
  0.01050000   0.03411000   0.07241000   0.64830000 
  0.07950000   0.02551000   0.04464000   0.47670000 
  0.14950000   0.02432000   0.04171000   0.31330000 
  0.21850000   0.02552000   0.03575000   0.27230000 
  0.28750000   0.03262000   0.06274000   0.44480000 
  0.35750000   0.04773000   0.09162000   0.49850000 
  0.42650000   0.02038000   0.05411000   0.41460000 
  0.49550000   0.02690000   0.04711000   0.31850000 
  0.56550000   0.02792000   0.05438000   0.41750000 
  0.63450000   0.02620000   0.05977000   0.37850000 
  0.70350000   0.03585000   0.08137000   0.52890000 
  0.77350000   0.02708000   0.08368000   0.41890000 
  0.84250000   0.02672000   0.07134000   0.37320000 
  0.91150000   0.02586000   0.05199000   0.30380000 
  0.98150000   0.02870000   0.04002000   0.27210000 
  1.05050000   0.01588000   0.04673000   0.34290000 
  1.11950000   0.01780000   0.03997000   0.26670000 
  1.18950000   0.01621000   0.03594000   0.19960000 
  1.25850000   0.02475000   0.05387000   0.29680000 
  1.32750000   0.03948000   0.09315000   0.42030000 
  1.39750000   0.03559000   0.08685000   0.33190000 
  1.46650000   0.01842000   0.05608000   0.25110000 
  1.53550000   0.02223000   0.07545000   0.23700000 
  1.60550000   0.01846000   0.07563000   0.21930000 
  1.67450000   0.01663000   0.05822000   0.30500000 
  1.74350000   0.01247000   0.04398000   0.22990000 
  1.81350000   0.01958000   0.05326000   0.21270000 
  1.88250000   0.02290000   0.04245000   0.18480000 
  1.95150000   0.00914200   0.03744000   0.12760000 
  2.02150000   0.03191000   0.05795000   0.16710000 
  2.09050000   0.02483000   0.06782000   0.19240000 
  2.15950000   0.01974000   0.05658000   0.17790000 
  2.22950000   0.02073000   0.06867000   0.27430000 
  2.29850000   0.01318000   0.03611000   0.14870000 
  2.36750000   0.02520000   0.07061000   0.16470000 
  2.43750000   0.03021000   0.06836000   0.31500000 
  2.50650000   0.01748000   0.04994000   0.18220000 
  2.57550000   0.02047000   0.05616000   0.17410000 
  2.64550000   0.03350000   0.07816000   0.32880000 
  2.71450000   0.02819000   0.09591000   0.29100000 
  2.78350000   0.07045000   0.12490000   0.40920000 
  2.85350000   0.01609000   0.04977000   0.15380000 
  2.92250000   0.01185000   0.03754000   0.13060000 
  2.99150000   0.01466000   0.05148000   0.13910000 
  3.06150000   0.01190000   0.06348000   0.18650000 
  3.13050000   0.00879200   0.05106000   0.11250000 
  3.19950000   0.00753500   0.04381000   0.08046000 
  3.26950000   0.01368000   0.04190000   0.10290000 
  3.33850000   0.01030000   0.03425000   0.10730000 
  3.40750000   0.00957900   0.03043000   0.09798000 
  3.47750000   0.01183000   0.02084000   0.10940000 
  3.54650000   0.00703900   0.01704000   0.06407000 
  3.61550000   0.01545000   0.02000000   0.06600000 
  3.68550000   0.00978100   0.01125000   0.03441000 
  3.75450000   0.00807600   0.01062000   0.03006000 
  3.82450000   0.00540000   0.00547600   0.01322000 
  3.89350000   0.00793000   0.00782900   0.01889000 
  3.96250000   0.01003000   0.01013000   0.02404000 
  4.03250000   0.01116000   0.01081000   0.02420000 
  4.10150000   0.01137000   0.01311000   0.02816000 
  4.17050000   0.00633800   0.01106000   0.01928000 
  4.24050000   0.00402500   0.00799600   0.00975900 
  4.30950000   0.00180100   0.00390100   0.00450500 
  4.37850000   0.00000000   0.00000000   0.00000000 
  4.44850000   0.00000000   0.00000000   0.00000000 
  4.51750000   0.00000000   0.00000000   0.00000000 
  4.58650000   0.00000000   0.00000000   0.00000000 
  4.65650000   0.00000000   0.00000000   0.00000000 
  4.72550000   0.00000000   0.00000000   0.00000000 
  4.79450000   0.00000000   0.00000000   0.00000000 
  4.86450000   0.00000000   0.00000000   0.00000000 
  4.93350000   0.00000000   0.00000000   0.00000000 
  5.00250000   0.00000000   0.00000000   0.00000000 
  5.07250000   0.00000000   0.00000000   0.00000000 
  5.14150000   0.00000000   0.00000000   0.00000000 
  5.21050000   0.00000000   0.00000000   0.00000000 
  5.28050000   0.00000000   0.00000000   0.00000000 
  5.34950000   0.00000000   0.00000000   0.00000000 
