-15.45250000   0.00000000   0.00000000   0.00000000 
-15.38250000   0.00000000   0.00000000   0.00000000 
-15.31350000   0.00000000   0.00000000   0.00000000 
-15.24450000   0.00000000   0.00000000   0.00000000 
-15.17450000   0.00000000   0.00000000   0.00000000 
-15.10550000   0.00000000   0.00000000   0.00000000 
-15.03650000   0.00000000   0.00000000   0.00000000 
-14.96650000   0.00000000   0.00000000   0.00000000 
-14.89750000   0.00000000   0.00000000   0.00000000 
-14.82850000   0.00000000   0.00000000   0.00000000 
-14.75850000   0.00000000   0.00000000   0.00000000 
-14.68950000   0.00000000   0.00000000   0.00000000 
-14.62050000   0.00000000   0.00000000   0.00000000 
-14.55050000   0.00000000   0.00000000   0.00000000 
-14.48150000   0.00000000   0.00000000   0.00000000 
-14.41250000   0.03307000   0.00122200   0.00129900 
-14.34250000   0.04118000   0.00223800   0.00171600 
-14.27350000   0.03823000   0.00288100   0.00178300 
-14.20450000   0.04007000   0.00350700   0.00205700 
-14.13450000   0.04323000   0.00445100   0.00240600 
-14.06550000   0.03217000   0.00597900   0.00207900 
-13.99650000   0.03105000   0.00751000   0.00237400 
-13.92650000   0.03081000   0.00911200   0.00269800 
-13.85750000   0.05572000   0.01278000   0.00516000 
-13.78850000   0.02918000   0.01205000   0.00354900 
-13.71850000   0.03868000   0.01503000   0.00494000 
-13.64950000   0.07405000   0.01621000   0.00655600 
-13.58050000   0.08203000   0.01844000   0.00760000 
-13.51050000   0.02333000   0.00973000   0.00383600 
-13.44150000   0.03860000   0.01443000   0.00575200 
-13.37250000   0.03759000   0.02069000   0.00740100 
-13.30250000   0.03210000   0.01792000   0.00641600 
-13.23350000   0.04594000   0.02398000   0.00919800 
-13.16350000   0.04932000   0.03239000   0.01277000 
-13.09450000   0.05779000   0.04444000   0.01708000 
-13.02550000   0.07072000   0.06432000   0.02373000 
-12.95550000   0.03253000   0.03329000   0.01304000 
-12.88650000   0.02268000   0.02491000   0.01054000 
-12.81750000   0.02353000   0.03588000   0.01575000 
-12.74750000   0.02346000   0.03369000   0.01113000 
-12.67850000   0.02522000   0.06034000   0.02043000 
-12.60950000   0.00838700   0.03182000   0.01117000 
-12.53950000   0.00284300   0.02931000   0.00973700 
-12.47050000   0.00219200   0.00369200   0.00218900 
-12.40150000   0.01050000   0.00660300   0.00472000 
-12.33150000   0.00253400   0.00503500   0.00274800 
-12.26250000   0.00188000   0.00378100   0.00233300 
-12.19350000   0.00138200   0.00317300   0.00185300 
-12.12350000   0.00092140   0.00276900   0.00150400 
-12.05450000   0.00060870   0.00093690   0.00068500 
-11.98550000   0.00048470   0.00080520   0.00059380 
-11.91550000   0.00040200   0.00076110   0.00053310 
-11.84650000   0.00029550   0.00070130   0.00051600 
-11.77750000   0.00018880   0.00091550   0.00072820 
-11.70750000   0.00008711   0.00052680   0.00045200 
-11.63850000   0.00000000   0.00000000   0.00000000 
-11.56950000   0.00001604   0.01116000   0.00194000 
-11.49950000   0.00010080   0.02427000   0.00543400 
-11.43050000   0.00014420   0.02326000   0.00749900 
-11.36150000   0.00049000   0.02460000   0.01050000 
-11.29150000   0.00373500   0.03182000   0.01684000 
-11.22250000   0.01012000   0.04173000   0.02799000 
-11.15350000   0.05514000   0.08090000   0.06767000 
-11.08350000   0.02344000   0.03610000   0.03205000 
-11.01450000   0.02491000   0.02127000   0.03390000 
-10.94550000   0.01998000   0.02211000   0.05111000 
-10.87550000   0.01537000   0.01805000   0.04138000 
-10.80650000   0.01010000   0.01381000   0.03475000 
-10.73750000   0.03235000   0.01983000   0.03684000 
-10.66750000   0.03169000   0.01840000   0.03512000 
-10.59850000   0.03281000   0.01902000   0.03408000 
-10.52950000   0.03920000   0.02287000   0.03689000 
-10.45950000   0.03760000   0.02604000   0.04817000 
-10.39050000   0.06701000   0.04205000   0.06098000 
-10.32150000   0.07894000   0.04463000   0.05037000 
-10.25150000   0.07587000   0.05878000   0.06968000 
-10.18250000   0.06797000   0.05705000   0.06254000 
-10.11350000   0.05508000   0.04676000   0.08017000 
-10.04350000   0.03143000   0.02916000   0.04221000 
 -9.97450000   0.09116000   0.07316000   0.21820000 
 -9.90550000   0.03076000   0.02543000   0.11020000 
 -9.83550000   0.02502000   0.04365000   0.05156000 
 -9.76650000   0.01674000   0.04515000   0.05416000 
 -9.69750000   0.00732600   0.03128000   0.01044000 
 -9.62750000   0.00510100   0.09544000   0.02281000 
 -9.55850000   0.00013880   0.00059990   0.00143400 
 -9.48950000   0.00011000   0.00045180   0.00082360 
 -9.41950000   0.00006164   0.00028490   0.00041720 
 -9.35050000   0.00001835   0.00014970   0.00012340 
 -9.28150000   0.00000000   0.00000000   0.00000000 
 -9.21150000   0.00000000   0.00000000   0.00000000 
 -9.14250000   0.00000000   0.00000000   0.00000000 
 -9.07250000   0.00000000   0.00000000   0.00000000 
 -9.00350000   0.00000000   0.00000000   0.00000000 
 -8.93450000   0.00000000   0.00000000   0.00000000 
 -8.86450000   0.00000000   0.00000000   0.00000000 
 -8.79550000   0.00000000   0.00000000   0.00000000 
 -8.72650000   0.00000000   0.00000000   0.00000000 
 -8.65650000   0.00000000   0.00000000   0.00000000 
 -8.58750000   0.00000000   0.00000000   0.00000000 
 -8.51850000   0.00000000   0.00000000   0.00000000 
 -8.44850000   0.00000000   0.00000000   0.00000000 
 -8.37950000   0.00000000   0.00000000   0.00000000 
 -8.31050000   0.00000000   0.00000000   0.00000000 
 -8.24050000   0.00000000   0.00000000   0.00000000 
 -8.17150000   0.00000000   0.00000000   0.00000000 
 -8.10250000   0.00000000   0.00000000   0.00000000 
 -8.03250000   0.00000000   0.00000000   0.00000000 
 -7.96350000   0.00000000   0.00000000   0.00000000 
 -7.89450000   0.00000000   0.00000000   0.00000000 
 -7.82450000   0.00000000   0.00000000   0.00000000 
 -7.75550000   0.00000000   0.00000000   0.00000000 
 -7.68650000   0.00000000   0.00000000   0.00000000 
 -7.61650000   0.00000000   0.00000000   0.00000000 
 -7.54750000   0.00000000   0.00000000   0.00000000 
 -7.47850000   0.00000000   0.00000000   0.00000000 
 -7.40850000   0.14310000   0.01634000   0.08080000 
 -7.33950000   0.09264000   0.01494000   0.05388000 
 -7.27050000   0.08243000   0.01620000   0.04870000 
 -7.20050000   0.08818000   0.01570000   0.05013000 
 -7.13150000   0.08943000   0.01605000   0.05357000 
 -7.06250000   0.10110000   0.02040000   0.06656000 
 -6.99250000   0.11300000   0.02475000   0.07903000 
 -6.92350000   0.14500000   0.04769000   0.13820000 
 -6.85450000   0.08950000   0.03695000   0.09320000 
 -6.78450000   0.16100000   0.05699000   0.16620000 
 -6.71550000   0.08747000   0.04887000   0.08491000 
 -6.64650000   0.10620000   0.06341000   0.13750000 
 -6.57650000   0.13060000   0.05438000   0.14190000 
 -6.50750000   0.05736000   0.02805000   0.08517000 
 -6.43850000   0.18490000   0.15240000   0.53740000 
 -6.36850000   0.01606000   0.00561100   0.01645000 
 -6.29950000   0.05607000   0.03287000   0.10430000 
 -6.23050000   0.16060000   0.11410000   0.30910000 
 -6.16050000   0.04335000   0.02203000   0.09033000 
 -6.09150000   0.17550000   0.06347000   0.29450000 
 -6.02250000   0.05050000   0.04228000   0.12310000 
 -5.95250000   0.10150000   0.05925000   0.20490000 
 -5.88350000   0.07175000   0.04790000   0.19570000 
 -5.81450000   0.07846000   0.07059000   0.32100000 
 -5.74450000   0.16380000   0.04589000   0.23690000 
 -5.67550000   0.01781000   0.00754400   0.05503000 
 -5.60650000   0.08784000   0.06532000   0.23230000 
 -5.53650000   0.08896000   0.07370000   0.35440000 
 -5.46750000   0.08740000   0.06918000   0.32720000 
 -5.39850000   0.04895000   0.04007000   0.14360000 
 -5.32850000   0.05179000   0.06643000   0.27370000 
 -5.25950000   0.07204000   0.07661000   0.24490000 
 -5.19050000   0.09461000   0.16030000   0.35580000 
 -5.12050000   0.07132000   0.16760000   0.37170000 
 -5.05150000   0.02483000   0.08138000   0.39290000 
 -4.98250000   0.03602000   0.10560000   0.44500000 
 -4.91250000   0.02266000   0.08386000   0.39690000 
 -4.84350000   0.02011000   0.05708000   0.48790000 
 -4.77350000   0.03414000   0.06749000   0.60880000 
 -4.70450000   0.04307000   0.10070000   0.70470000 
 -4.63550000   0.03339000   0.05646000   0.52820000 
 -4.56550000   0.06334000   0.10180000   0.63960000 
 -4.49650000   0.01917000   0.02442000   0.20350000 
 -4.42750000   0.07928000   0.08779000   1.13100000 
 -4.35750000   0.04479000   0.11940000   1.07800000 
 -4.28850000   0.04983000   0.08642000   1.37200000 
 -4.21950000   0.03242000   0.10600000   1.23500000 
 -4.14950000   0.02238000   0.08506000   1.01100000 
 -4.08050000   0.02888000   0.11000000   0.99600000 
 -4.01150000   0.02330000   0.06781000   1.07100000 
 -3.94150000   0.04822000   0.19140000   1.46300000 
 -3.87250000   0.01954000   0.13690000   1.29500000 
 -3.80350000   0.02937000   0.22550000   1.55100000 
 -3.73350000   0.03633000   0.13020000   1.11900000 
 -3.66450000   0.02250000   0.19400000   1.11200000 
 -3.59550000   0.00988300   0.06720000   0.69590000 
 -3.52550000   0.01253000   0.10900000   1.70400000 
 -3.45650000   0.01566000   0.11830000   2.67900000 
 -3.38750000   0.00525700   0.03595000   0.74440000 
 -3.31750000   0.01635000   0.12680000   2.64100000 
 -3.24850000   0.01587000   0.11010000   2.24900000 
 -3.17950000   0.01626000   0.18020000   2.03900000 
 -3.10950000   0.01465000   0.13350000   1.83800000 
 -3.04050000   0.00524000   0.04493000   0.88090000 
 -2.97150000   0.01504000   0.10300000   2.48500000 
 -2.90150000   0.01102000   0.08648000   2.45000000 
 -2.83250000   0.00260600   0.02506000   0.97180000 
 -2.76350000   0.02073000   0.11870000   3.50800000 
 -2.69350000   0.00818200   0.05286000   2.12400000 
 -2.62450000   0.01009000   0.06909000   3.09100000 
 -2.55550000   0.01099000   0.07497000   3.31300000 
 -2.48550000   0.01660000   0.03890000   2.82100000 
 -2.41650000   0.00824800   0.05579000   3.18900000 
 -2.34750000   0.00664800   0.03665000   2.77600000 
 -2.27750000   0.00744300   0.04473000   2.60900000 
 -2.20850000   0.01170000   0.10070000   2.49100000 
 -2.13950000   0.02571000   0.08210000   4.00100000 
 -2.06950000   0.01117000   0.03665000   1.89300000 
 -2.00050000   0.02116000   0.10230000   5.12400000 
 -1.93150000   0.00450200   0.03919000   1.81800000 
 -1.86150000   0.03102000   0.05412000   4.06200000 
 -1.79250000   0.01137000   0.03177000   4.26900000 
 -1.72350000   0.01010000   0.01664000   1.83300000 
 -1.65350000   0.01602000   0.02966000   2.16100000 
 -1.58450000   0.02096000   0.03953000   2.16400000 
 -1.51550000   0.01849000   0.03088000   1.15400000 
 -1.44550000   0.02729000   0.05095000   1.44900000 
 -1.37650000   0.01285000   0.03609000   0.95030000 
 -1.30750000   0.01860000   0.08175000   1.89000000 
 -1.23750000   0.00496200   0.02777000   0.44660000 
 -1.16850000   0.01392000   0.08035000   1.34800000 
 -1.09950000   0.00989600   0.02649000   0.42350000 
 -1.02950000   0.01168000   0.04407000   0.67510000 
 -0.96050000   0.02922000   0.05135000   0.96000000 
 -0.89150000   0.04072000   0.05075000   0.75780000 
 -0.82150000   0.01799000   0.04132000   0.87390000 
 -0.75250000   0.01129000   0.05555000   0.37620000 
 -0.68350000   0.03042000   0.09298000   1.89000000 
 -0.61350000   0.02326000   0.07089000   1.11300000 
 -0.54450000   0.02440000   0.08515000   0.97060000 
 -0.47450000   0.00768300   0.05029000   0.50750000 
 -0.40550000   0.00434800   0.01746000   0.33630000 
 -0.33650000   0.00505900   0.02479000   0.26650000 
 -0.26650000   0.01336000   0.04939000   0.58760000 
 -0.19750000   0.01115000   0.04333000   0.36820000 
 -0.12850000   0.01519000   0.02861000   0.38170000 
 -0.05850000   0.00893000   0.03122000   0.35310000 
  0.01050000   0.01302000   0.05810000   0.67600000 
  0.07950000   0.01516000   0.03790000   0.45510000 
  0.14950000   0.00790500   0.02723000   0.32520000 
  0.21850000   0.00793800   0.02457000   0.33750000 
  0.28750000   0.02043000   0.04006000   0.49670000 
  0.35750000   0.01221000   0.05124000   0.66520000 
  0.42650000   0.01232000   0.04373000   0.51780000 
  0.49550000   0.00943100   0.03505000   0.39100000 
  0.56550000   0.01302000   0.03892000   0.41550000 
  0.63450000   0.01853000   0.03813000   0.45000000 
  0.70350000   0.01779000   0.06605000   0.68490000 
  0.77350000   0.01354000   0.05515000   0.58610000 
  0.84250000   0.01361000   0.05394000   0.58790000 
  0.91150000   0.00784600   0.04284000   0.45030000 
  0.98150000   0.00753100   0.04340000   0.46480000 
  1.05050000   0.01340000   0.03805000   0.46280000 
  1.11950000   0.01123000   0.03433000   0.45340000 
  1.18950000   0.00964800   0.02683000   0.36050000 
  1.25850000   0.01424000   0.03869000   0.43830000 
  1.32750000   0.01774000   0.04568000   0.57930000 
  1.39750000   0.00952400   0.02492000   0.43040000 
  1.46650000   0.01280000   0.02761000   0.37450000 
  1.53550000   0.01308000   0.03030000   0.31210000 
  1.60550000   0.01404000   0.03932000   0.32260000 
  1.67450000   0.03068000   0.03991000   0.52230000 
  1.74350000   0.01743000   0.02595000   0.27740000 
  1.81350000   0.01259000   0.02447000   0.36220000 
  1.88250000   0.00899900   0.01974000   0.27230000 
  1.95150000   0.00836000   0.01808000   0.19910000 
  2.02150000   0.01504000   0.02481000   0.36290000 
  2.09050000   0.02086000   0.02856000   0.33200000 
  2.15950000   0.02256000   0.02541000   0.27750000 
  2.22950000   0.03927000   0.02566000   0.32310000 
  2.29850000   0.00861100   0.01121000   0.13620000 
  2.36750000   0.01969000   0.01558000   0.20740000 
  2.43750000   0.03615000   0.01953000   0.19820000 
  2.50650000   0.00976500   0.01095000   0.16540000 
  2.57550000   0.00940900   0.01210000   0.16350000 
  2.64550000   0.01405000   0.01949000   0.22380000 
  2.71450000   0.01555000   0.02101000   0.19110000 
  2.78350000   0.03369000   0.04498000   0.31810000 
  2.85350000   0.01160000   0.02085000   0.11780000 
  2.92250000   0.00869700   0.01560000   0.08761000 
  2.99150000   0.01152000   0.01809000   0.11890000 
  3.06150000   0.01380000   0.01832000   0.10120000 
  3.13050000   0.01352000   0.02376000   0.08734000 
  3.19950000   0.01341000   0.01965000   0.07312000 
  3.26950000   0.03025000   0.02282000   0.08743000 
  3.33850000   0.01927000   0.02323000   0.09554000 
  3.40750000   0.01307000   0.01349000   0.08701000 
  3.47750000   0.02277000   0.01332000   0.08845000 
  3.54650000   0.02188000   0.01074000   0.05284000 
  3.61550000   0.03502000   0.01579000   0.04695000 
  3.68550000   0.02246000   0.00818600   0.01784000 
  3.75450000   0.01904000   0.00688900   0.01492000 
  3.82450000   0.00829700   0.00349300   0.00954600 
  3.89350000   0.01293000   0.00482600   0.01340000 
  3.96250000   0.01828000   0.00623200   0.01664000 
  4.03250000   0.01972000   0.00632300   0.01753000 
  4.10150000   0.02301000   0.00755700   0.02256000 
  4.17050000   0.01925000   0.00541200   0.01446000 
  4.24050000   0.01686000   0.00357500   0.00680700 
  4.30950000   0.00880900   0.00179600   0.00306000 
  4.37850000   0.00000000   0.00000000   0.00000000 
  4.44850000   0.00000000   0.00000000   0.00000000 
  4.51750000   0.00000000   0.00000000   0.00000000 
  4.58650000   0.00000000   0.00000000   0.00000000 
  4.65650000   0.00000000   0.00000000   0.00000000 
  4.72550000   0.00000000   0.00000000   0.00000000 
  4.79450000   0.00000000   0.00000000   0.00000000 
  4.86450000   0.00000000   0.00000000   0.00000000 
  4.93350000   0.00000000   0.00000000   0.00000000 
  5.00250000   0.00000000   0.00000000   0.00000000 
  5.07250000   0.00000000   0.00000000   0.00000000 
  5.14150000   0.00000000   0.00000000   0.00000000 
  5.21050000   0.00000000   0.00000000   0.00000000 
  5.28050000   0.00000000   0.00000000   0.00000000 
  5.34950000   0.00000000   0.00000000   0.00000000 
