-15.45250000   0.00000000   0.00000000   0.00000000 
-15.38250000   0.00000000   0.00000000   0.00000000 
-15.31350000   0.00000000   0.00000000   0.00000000 
-15.24450000   0.00000000   0.00000000   0.00000000 
-15.17450000   0.00000000   0.00000000   0.00000000 
-15.10550000   0.00000000   0.00000000   0.00000000 
-15.03650000   0.00000000   0.00000000   0.00000000 
-14.96650000   0.00000000   0.00000000   0.00000000 
-14.89750000   0.00000000   0.00000000   0.00000000 
-14.82850000   0.00000000   0.00000000   0.00000000 
-14.75850000   0.00000000   0.00000000   0.00000000 
-14.68950000   0.00000000   0.00000000   0.00000000 
-14.62050000   0.00000000   0.00000000   0.00000000 
-14.55050000   0.00000000   0.00000000   0.00000000 
-14.48150000   0.00000000   0.00000000   0.00000000 
-14.41250000   0.03315000   0.00118400   0.00134500 
-14.34250000   0.04130000   0.00218200   0.00178000 
-14.27350000   0.03814000   0.00290400   0.00172800 
-14.20450000   0.03968000   0.00363900   0.00181300 
-14.13450000   0.04275000   0.00474200   0.00204300 
-14.06550000   0.03257000   0.00606500   0.00220200 
-13.99650000   0.03138000   0.00757500   0.00250000 
-13.92650000   0.03108000   0.00909000   0.00284300 
-13.85750000   0.05592000   0.01274000   0.00524600 
-13.78850000   0.02920000   0.01209000   0.00354600 
-13.71850000   0.03983000   0.01488000   0.00512200 
-13.64950000   0.07627000   0.01578000   0.00675700 
-13.58050000   0.08430000   0.01824000   0.00766600 
-13.51050000   0.02617000   0.00922000   0.00411200 
-13.44150000   0.04394000   0.01342000   0.00572400 
-13.37250000   0.04487000   0.01948000   0.00777000 
-13.30250000   0.03184000   0.01791000   0.00669100 
-13.23350000   0.03807000   0.02597000   0.00842400 
-13.16350000   0.04197000   0.03414000   0.01211000 
-13.09450000   0.05092000   0.04650000   0.01620000 
-13.02550000   0.06755000   0.06108000   0.02636000 
-12.95550000   0.03063000   0.03240000   0.01385000 
-12.88650000   0.02050000   0.02497000   0.01075000 
-12.81750000   0.02125000   0.03709000   0.01458000 
-12.74750000   0.02606000   0.03329000   0.01157000 
-12.67850000   0.02597000   0.05910000   0.02091000 
-12.60950000   0.00852500   0.03285000   0.01150000 
-12.53950000   0.00330700   0.02951000   0.00971800 
-12.47050000   0.00234500   0.00373300   0.00222400 
-12.40150000   0.01061000   0.00629600   0.00493600 
-12.33150000   0.00270400   0.00501500   0.00280200 
-12.26250000   0.00194700   0.00404600   0.00223200 
-12.19350000   0.00138500   0.00328500   0.00183600 
-12.12350000   0.00080800   0.00284100   0.00146900 
-12.05450000   0.00059520   0.00095210   0.00066560 
-11.98550000   0.00047170   0.00082880   0.00057320 
-11.91550000   0.00037120   0.00077510   0.00053950 
-11.84650000   0.00027590   0.00072250   0.00051040 
-11.77750000   0.00017040   0.00095580   0.00070370 
-11.70750000   0.00007194   0.00056340   0.00042770 
-11.63850000   0.00000000   0.00000000   0.00000000 
-11.56950000   0.00001945   0.01102000   0.00208800 
-11.49950000   0.00009754   0.02391000   0.00584500 
-11.43050000   0.00024940   0.02474000   0.00700400 
-11.36150000   0.00045660   0.02436000   0.01006000 
-11.29150000   0.00582900   0.03060000   0.01758000 
-11.22250000   0.01334000   0.04106000   0.02929000 
-11.15350000   0.04824000   0.07927000   0.06969000 
-11.08350000   0.02384000   0.03496000   0.03283000 
-11.01450000   0.01896000   0.02688000   0.02756000 
-10.94550000   0.01965000   0.02182000   0.05122000 
-10.87550000   0.01542000   0.01731000   0.04163000 
-10.80650000   0.01047000   0.01390000   0.03530000 
-10.73750000   0.03583000   0.02033000   0.03798000 
-10.66750000   0.03123000   0.01997000   0.03220000 
-10.59850000   0.03419000   0.02013000   0.03136000 
-10.52950000   0.03920000   0.02472000   0.03574000 
-10.45950000   0.03883000   0.02717000   0.04780000 
-10.39050000   0.08497000   0.04363000   0.05672000 
-10.32150000   0.07150000   0.04769000   0.05375000 
-10.25150000   0.08737000   0.06168000   0.06769000 
-10.18250000   0.04494000   0.04513000   0.07013000 
-10.11350000   0.05441000   0.04860000   0.07760000 
-10.04350000   0.02934000   0.03204000   0.04784000 
 -9.97450000   0.09871000   0.06963000   0.21170000 
 -9.90550000   0.02740000   0.02518000   0.11260000 
 -9.83550000   0.02562000   0.04775000   0.05470000 
 -9.76650000   0.01592000   0.04352000   0.05388000 
 -9.69750000   0.00715600   0.03064000   0.01011000 
 -9.62750000   0.00504700   0.09433000   0.02202000 
 -9.55850000   0.00016330   0.00056620   0.00143600 
 -9.48950000   0.00010520   0.00044500   0.00081670 
 -9.41950000   0.00005874   0.00029210   0.00040510 
 -9.35050000   0.00001939   0.00015640   0.00012690 
 -9.28150000   0.00000000   0.00000000   0.00000000 
 -9.21150000   0.00000000   0.00000000   0.00000000 
 -9.14250000   0.00000000   0.00000000   0.00000000 
 -9.07250000   0.00000000   0.00000000   0.00000000 
 -9.00350000   0.00000000   0.00000000   0.00000000 
 -8.93450000   0.00000000   0.00000000   0.00000000 
 -8.86450000   0.00000000   0.00000000   0.00000000 
 -8.79550000   0.00000000   0.00000000   0.00000000 
 -8.72650000   0.00000000   0.00000000   0.00000000 
 -8.65650000   0.00000000   0.00000000   0.00000000 
 -8.58750000   0.00000000   0.00000000   0.00000000 
 -8.51850000   0.00000000   0.00000000   0.00000000 
 -8.44850000   0.00000000   0.00000000   0.00000000 
 -8.37950000   0.00000000   0.00000000   0.00000000 
 -8.31050000   0.00000000   0.00000000   0.00000000 
 -8.24050000   0.00000000   0.00000000   0.00000000 
 -8.17150000   0.00000000   0.00000000   0.00000000 
 -8.10250000   0.00000000   0.00000000   0.00000000 
 -8.03250000   0.00000000   0.00000000   0.00000000 
 -7.96350000   0.00000000   0.00000000   0.00000000 
 -7.89450000   0.00000000   0.00000000   0.00000000 
 -7.82450000   0.00000000   0.00000000   0.00000000 
 -7.75550000   0.00000000   0.00000000   0.00000000 
 -7.68650000   0.00000000   0.00000000   0.00000000 
 -7.61650000   0.00000000   0.00000000   0.00000000 
 -7.54750000   0.00000000   0.00000000   0.00000000 
 -7.47850000   0.00000000   0.00000000   0.00000000 
 -7.40850000   0.14010000   0.01679000   0.08006000 
 -7.33950000   0.09484000   0.01416000   0.05377000 
 -7.27050000   0.08671000   0.01505000   0.04925000 
 -7.20050000   0.08683000   0.01625000   0.05097000 
 -7.13150000   0.08813000   0.01659000   0.05386000 
 -7.06250000   0.10080000   0.02069000   0.06564000 
 -6.99250000   0.11400000   0.02518000   0.07782000 
 -6.92350000   0.14910000   0.04289000   0.14400000 
 -6.85450000   0.11540000   0.03337000   0.10470000 
 -6.78450000   0.16300000   0.05589000   0.16270000 
 -6.71550000   0.08238000   0.04528000   0.09148000 
 -6.64650000   0.10830000   0.05048000   0.14850000 
 -6.57650000   0.12470000   0.05549000   0.14230000 
 -6.50750000   0.05383000   0.02969000   0.08207000 
 -6.43850000   0.21080000   0.14170000   0.54380000 
 -6.36850000   0.01655000   0.00563800   0.01571000 
 -6.29950000   0.05981000   0.03422000   0.10880000 
 -6.23050000   0.18390000   0.10150000   0.30050000 
 -6.16050000   0.04478000   0.02150000   0.08903000 
 -6.09150000   0.16590000   0.06976000   0.31030000 
 -6.02250000   0.05550000   0.04189000   0.12370000 
 -5.95250000   0.09896000   0.06034000   0.21760000 
 -5.88350000   0.07392000   0.05226000   0.18130000 
 -5.81450000   0.09847000   0.07093000   0.30340000 
 -5.74450000   0.10860000   0.07468000   0.23080000 
 -5.67550000   0.00961000   0.00791200   0.04661000 
 -5.60650000   0.06955000   0.05874000   0.24920000 
 -5.53650000   0.10160000   0.07363000   0.33890000 
 -5.46750000   0.08858000   0.06297000   0.34550000 
 -5.39850000   0.04765000   0.04206000   0.13760000 
 -5.32850000   0.06427000   0.06922000   0.27770000 
 -5.25950000   0.05604000   0.06500000   0.23060000 
 -5.19050000   0.08384000   0.12280000   0.32410000 
 -5.12050000   0.07653000   0.16850000   0.37700000 
 -5.05150000   0.02322000   0.08735000   0.44180000 
 -4.98250000   0.03425000   0.10010000   0.43200000 
 -4.91250000   0.02114000   0.07974000   0.40430000 
 -4.84350000   0.02061000   0.05696000   0.47930000 
 -4.77350000   0.03351000   0.06868000   0.59210000 
 -4.70450000   0.05499000   0.10920000   0.81290000 
 -4.63550000   0.03627000   0.05683000   0.51780000 
 -4.56550000   0.05820000   0.10620000   0.66890000 
 -4.49650000   0.01783000   0.02610000   0.20490000 
 -4.42750000   0.07465000   0.08584000   1.09800000 
 -4.35750000   0.04787000   0.11220000   1.27700000 
 -4.28850000   0.04852000   0.09213000   1.33800000 
 -4.21950000   0.03987000   0.10830000   1.40700000 
 -4.14950000   0.02316000   0.08524000   1.00400000 
 -4.08050000   0.02779000   0.10860000   0.84210000 
 -4.01150000   0.02413000   0.06481000   1.11000000 
 -3.94150000   0.04962000   0.18950000   1.50500000 
 -3.87250000   0.01638000   0.11660000   1.41800000 
 -3.80350000   0.02573000   0.22700000   1.58800000 
 -3.73350000   0.04020000   0.13690000   1.04000000 
 -3.66450000   0.01965000   0.18460000   1.10100000 
 -3.59550000   0.01010000   0.07032000   0.68560000 
 -3.52550000   0.01046000   0.10610000   1.60500000 
 -3.45650000   0.01763000   0.12160000   2.85800000 
 -3.38750000   0.00528800   0.03656000   0.72360000 
 -3.31750000   0.01456000   0.11730000   3.16200000 
 -3.24850000   0.01373000   0.11310000   2.15900000 
 -3.17950000   0.01642000   0.17760000   2.04700000 
 -3.10950000   0.01456000   0.14080000   1.89900000 
 -3.04050000   0.00471400   0.04307000   0.90970000 
 -2.97150000   0.01398000   0.10240000   2.46200000 
 -2.90150000   0.01218000   0.08887000   2.28000000 
 -2.83250000   0.00257000   0.02850000   0.98640000 
 -2.76350000   0.02121000   0.11050000   3.36700000 
 -2.69350000   0.00842500   0.05118000   2.11100000 
 -2.62450000   0.01051000   0.06367000   3.40200000 
 -2.55550000   0.01200000   0.07676000   3.36500000 
 -2.48550000   0.01681000   0.03977000   2.87000000 
 -2.41650000   0.00839300   0.05524000   3.11800000 
 -2.34750000   0.00680000   0.03882000   2.79100000 
 -2.27750000   0.00751000   0.04318000   2.60600000 
 -2.20850000   0.01163000   0.09803000   2.53400000 
 -2.13950000   0.02314000   0.07885000   3.76100000 
 -2.06950000   0.01015000   0.03956000   1.83000000 
 -2.00050000   0.02176000   0.10050000   4.78800000 
 -1.93150000   0.00595200   0.02944000   1.77500000 
 -1.86150000   0.03296000   0.05218000   4.15700000 
 -1.79250000   0.01008000   0.03150000   4.00500000 
 -1.72350000   0.00902800   0.01566000   1.87800000 
 -1.65350000   0.01604000   0.03254000   2.20700000 
 -1.58450000   0.02188000   0.03944000   2.14900000 
 -1.51550000   0.01924000   0.03024000   1.15700000 
 -1.44550000   0.02511000   0.04796000   1.54600000 
 -1.37650000   0.01339000   0.03770000   0.97280000 
 -1.30750000   0.01638000   0.08699000   1.78600000 
 -1.23750000   0.00546900   0.03672000   0.43660000 
 -1.16850000   0.01166000   0.09880000   1.22800000 
 -1.09950000   0.01205000   0.03121000   0.45150000 
 -1.02950000   0.01090000   0.04443000   0.66850000 
 -0.96050000   0.02909000   0.05835000   0.99320000 
 -0.89150000   0.03490000   0.05163000   0.74850000 
 -0.82150000   0.01722000   0.04214000   0.79890000 
 -0.75250000   0.01202000   0.05292000   0.39750000 
 -0.68350000   0.02833000   0.08975000   1.94100000 
 -0.61350000   0.02477000   0.06916000   1.08800000 
 -0.54450000   0.02222000   0.08140000   0.96330000 
 -0.47450000   0.00705200   0.04755000   0.49520000 
 -0.40550000   0.00545400   0.01827000   0.34900000 
 -0.33650000   0.00457200   0.02501000   0.25590000 
 -0.26650000   0.01390000   0.05472000   0.60010000 
 -0.19750000   0.01334000   0.03580000   0.38360000 
 -0.12850000   0.01268000   0.02995000   0.38380000 
 -0.05850000   0.00890500   0.03360000   0.33780000 
  0.01050000   0.01702000   0.05429000   0.60850000 
  0.07950000   0.01381000   0.03989000   0.47390000 
  0.14950000   0.00692800   0.02798000   0.34240000 
  0.21850000   0.00752400   0.02609000   0.30530000 
  0.28750000   0.01845000   0.04126000   0.49550000 
  0.35750000   0.01402000   0.04748000   0.69550000 
  0.42650000   0.01244000   0.04423000   0.53250000 
  0.49550000   0.00901400   0.03516000   0.39220000 
  0.56550000   0.01559000   0.03702000   0.41760000 
  0.63450000   0.01353000   0.03870000   0.47910000 
  0.70350000   0.02054000   0.05771000   0.69400000 
  0.77350000   0.01566000   0.05871000   0.55000000 
  0.84250000   0.01246000   0.05099000   0.57840000 
  0.91150000   0.00892200   0.04427000   0.43700000 
  0.98150000   0.00763800   0.04540000   0.47020000 
  1.05050000   0.00929000   0.03926000   0.45110000 
  1.11950000   0.01100000   0.03324000   0.45480000 
  1.18950000   0.00925000   0.02825000   0.35540000 
  1.25850000   0.01456000   0.03787000   0.45280000 
  1.32750000   0.01488000   0.04719000   0.57900000 
  1.39750000   0.01073000   0.02479000   0.40930000 
  1.46650000   0.01301000   0.02685000   0.37220000 
  1.53550000   0.01222000   0.02897000   0.31510000 
  1.60550000   0.01306000   0.03885000   0.32250000 
  1.67450000   0.02478000   0.04291000   0.54940000 
  1.74350000   0.01862000   0.02560000   0.27860000 
  1.81350000   0.01229000   0.02527000   0.36210000 
  1.88250000   0.01019000   0.02061000   0.27540000 
  1.95150000   0.00818900   0.01803000   0.21180000 
  2.02150000   0.01452000   0.02625000   0.36710000 
  2.09050000   0.02128000   0.02999000   0.32150000 
  2.15950000   0.02443000   0.02362000   0.29780000 
  2.22950000   0.03921000   0.02654000   0.32180000 
  2.29850000   0.00905600   0.01174000   0.13010000 
  2.36750000   0.02335000   0.01551000   0.18850000 
  2.43750000   0.02023000   0.01857000   0.25320000 
  2.50650000   0.00979900   0.01039000   0.15770000 
  2.57550000   0.01123000   0.01237000   0.15710000 
  2.64550000   0.01637000   0.01958000   0.18500000 
  2.71450000   0.01265000   0.02248000   0.18270000 
  2.78350000   0.03591000   0.04719000   0.27040000 
  2.85350000   0.01265000   0.02323000   0.11920000 
  2.92250000   0.00907100   0.01623000   0.09123000 
  2.99150000   0.01118000   0.01999000   0.11590000 
  3.06150000   0.01346000   0.01779000   0.10150000 
  3.13050000   0.00949000   0.01733000   0.08791000 
  3.19950000   0.01694000   0.02016000   0.06953000 
  3.26950000   0.02394000   0.02756000   0.07849000 
  3.33850000   0.02521000   0.02006000   0.09128000 
  3.40750000   0.01545000   0.01282000   0.10130000 
  3.47750000   0.01558000   0.01395000   0.08038000 
  3.54650000   0.02521000   0.01071000   0.05475000 
  3.61550000   0.03950000   0.01390000   0.05386000 
  3.68550000   0.02255000   0.00650600   0.02788000 
  3.75450000   0.01252000   0.00574800   0.01906000 
  3.82450000   0.00938000   0.00335100   0.00986000 
  3.89350000   0.01439000   0.00489600   0.01410000 
  3.96250000   0.01954000   0.00632700   0.01769000 
  4.03250000   0.02141000   0.00663700   0.01810000 
  4.10150000   0.03362000   0.00831300   0.02140000 
  4.17050000   0.02305000   0.00632900   0.01406000 
  4.24050000   0.01111000   0.00317800   0.00995100 
  4.30950000   0.00534300   0.00138500   0.00487500 
  4.37850000   0.00000000   0.00000000   0.00000000 
  4.44850000   0.00000000   0.00000000   0.00000000 
  4.51750000   0.00000000   0.00000000   0.00000000 
  4.58650000   0.00000000   0.00000000   0.00000000 
  4.65650000   0.00000000   0.00000000   0.00000000 
  4.72550000   0.00000000   0.00000000   0.00000000 
  4.79450000   0.00000000   0.00000000   0.00000000 
  4.86450000   0.00000000   0.00000000   0.00000000 
  4.93350000   0.00000000   0.00000000   0.00000000 
  5.00250000   0.00000000   0.00000000   0.00000000 
  5.07250000   0.00000000   0.00000000   0.00000000 
  5.14150000   0.00000000   0.00000000   0.00000000 
  5.21050000   0.00000000   0.00000000   0.00000000 
  5.28050000   0.00000000   0.00000000   0.00000000 
  5.34950000   0.00000000   0.00000000   0.00000000 
