-15.45250000   0.00000000   0.00000000   0.00000000 
-15.38250000   0.00000000   0.00000000   0.00000000 
-15.31350000   0.00000000   0.00000000   0.00000000 
-15.24450000   0.00000000   0.00000000   0.00000000 
-15.17450000   0.00000000   0.00000000   0.00000000 
-15.10550000   0.00000000   0.00000000   0.00000000 
-15.03650000   0.00000000   0.00000000   0.00000000 
-14.96650000   0.00000000   0.00000000   0.00000000 
-14.89750000   0.00000000   0.00000000   0.00000000 
-14.82850000   0.00000000   0.00000000   0.00000000 
-14.75850000   0.00000000   0.00000000   0.00000000 
-14.68950000   0.00000000   0.00000000   0.00000000 
-14.62050000   0.00000000   0.00000000   0.00000000 
-14.55050000   0.00000000   0.00000000   0.00000000 
-14.48150000   0.00000000   0.00000000   0.00000000 
-14.41250000   0.03315000   0.00118400   0.00134500 
-14.34250000   0.04129000   0.00218200   0.00178000 
-14.27350000   0.03634000   0.00296400   0.00172700 
-14.20450000   0.03459000   0.00380600   0.00181300 
-14.13450000   0.03783000   0.00489900   0.00204200 
-14.06550000   0.03740000   0.00589900   0.00220100 
-13.99650000   0.03517000   0.00744400   0.00250000 
-13.92650000   0.03354000   0.00885500   0.00283300 
-13.85750000   0.05653000   0.01233000   0.00522100 
-13.78850000   0.02929000   0.01162000   0.00351500 
-13.71850000   0.03799000   0.01460000   0.00495700 
-13.64950000   0.07276000   0.01571000   0.00647700 
-13.58050000   0.08452000   0.01927000   0.00774900 
-13.51050000   0.02853000   0.00977400   0.00433000 
-13.44150000   0.03275000   0.01358000   0.00610900 
-13.37250000   0.04368000   0.01947000   0.00787100 
-13.30250000   0.03889000   0.01783000   0.00659100 
-13.23350000   0.04109000   0.02595000   0.00838600 
-13.16350000   0.04279000   0.03413000   0.01210000 
-13.09450000   0.05082000   0.04588000   0.01612000 
-13.02550000   0.06763000   0.06170000   0.02645000 
-12.95550000   0.03057000   0.03240000   0.01384000 
-12.88650000   0.01972000   0.02485000   0.01058000 
-12.81750000   0.02276000   0.03740000   0.01497000 
-12.74750000   0.02612000   0.03329000   0.01157000 
-12.67850000   0.02526000   0.05693000   0.02004000 
-12.60950000   0.00983000   0.03594000   0.01275000 
-12.53950000   0.00330300   0.02949000   0.00970100 
-12.47050000   0.00233800   0.00369500   0.00219700 
-12.40150000   0.01063000   0.00637200   0.00498900 
-12.33150000   0.00239700   0.00492400   0.00270000 
-12.26250000   0.00183600   0.00408200   0.00221100 
-12.19350000   0.00145200   0.00329400   0.00184600 
-12.12350000   0.00099780   0.00283800   0.00150400 
-12.05450000   0.00058060   0.00096900   0.00066170 
-11.98550000   0.00046190   0.00084450   0.00057380 
-11.91550000   0.00041670   0.00076870   0.00056830 
-11.84650000   0.00029280   0.00071830   0.00052010 
-11.77750000   0.00017040   0.00095590   0.00070370 
-11.70750000   0.00007194   0.00056340   0.00042770 
-11.63850000   0.00000000   0.00000000   0.00000000 
-11.56950000   0.00001945   0.01102000   0.00208800 
-11.49950000   0.00009754   0.02391000   0.00584500 
-11.43050000   0.00026810   0.02023000   0.00705000 
-11.36150000   0.00044810   0.02724000   0.01001000 
-11.29150000   0.00582000   0.03338000   0.01754000 
-11.22250000   0.01345000   0.03945000   0.02946000 
-11.15350000   0.04824000   0.07932000   0.06970000 
-11.08350000   0.02384000   0.03497000   0.03283000 
-11.01450000   0.01900000   0.02688000   0.02714000 
-10.94550000   0.01957000   0.02182000   0.05206000 
-10.87550000   0.01519000   0.01731000   0.04401000 
-10.80650000   0.01096000   0.01411000   0.03422000 
-10.73750000   0.03714000   0.02080000   0.03323000 
-10.66750000   0.03037000   0.01966000   0.03532000 
-10.59850000   0.03320000   0.01978000   0.03492000 
-10.52950000   0.03890000   0.02458000   0.03660000 
-10.45950000   0.03884000   0.02710000   0.04785000 
-10.39050000   0.08533000   0.04341000   0.05642000 
-10.32150000   0.07271000   0.04642000   0.05349000 
-10.25150000   0.08661000   0.06248000   0.06786000 
-10.18250000   0.04677000   0.04436000   0.06943000 
-10.11350000   0.05566000   0.04870000   0.07578000 
-10.04350000   0.03314000   0.03164000   0.04414000 
 -9.97450000   0.08447000   0.07398000   0.21850000 
 -9.90550000   0.02998000   0.02441000   0.11140000 
 -9.83550000   0.02604000   0.04756000   0.05447000 
 -9.76650000   0.01591000   0.04353000   0.05387000 
 -9.69750000   0.00715200   0.03065000   0.01011000 
 -9.62750000   0.00504900   0.09433000   0.02203000 
 -9.55850000   0.00016710   0.00056260   0.00143100 
 -9.48950000   0.00010520   0.00044500   0.00081670 
 -9.41950000   0.00005874   0.00029200   0.00040510 
 -9.35050000   0.00001939   0.00015640   0.00012690 
 -9.28150000   0.00000000   0.00000000   0.00000000 
 -9.21150000   0.00000000   0.00000000   0.00000000 
 -9.14250000   0.00000000   0.00000000   0.00000000 
 -9.07250000   0.00000000   0.00000000   0.00000000 
 -9.00350000   0.00000000   0.00000000   0.00000000 
 -8.93450000   0.00000000   0.00000000   0.00000000 
 -8.86450000   0.00000000   0.00000000   0.00000000 
 -8.79550000   0.00000000   0.00000000   0.00000000 
 -8.72650000   0.00000000   0.00000000   0.00000000 
 -8.65650000   0.00000000   0.00000000   0.00000000 
 -8.58750000   0.00000000   0.00000000   0.00000000 
 -8.51850000   0.00000000   0.00000000   0.00000000 
 -8.44850000   0.00000000   0.00000000   0.00000000 
 -8.37950000   0.00000000   0.00000000   0.00000000 
 -8.31050000   0.00000000   0.00000000   0.00000000 
 -8.24050000   0.00000000   0.00000000   0.00000000 
 -8.17150000   0.00000000   0.00000000   0.00000000 
 -8.10250000   0.00000000   0.00000000   0.00000000 
 -8.03250000   0.00000000   0.00000000   0.00000000 
 -7.96350000   0.00000000   0.00000000   0.00000000 
 -7.89450000   0.00000000   0.00000000   0.00000000 
 -7.82450000   0.00000000   0.00000000   0.00000000 
 -7.75550000   0.00000000   0.00000000   0.00000000 
 -7.68650000   0.00000000   0.00000000   0.00000000 
 -7.61650000   0.00000000   0.00000000   0.00000000 
 -7.54750000   0.00000000   0.00000000   0.00000000 
 -7.47850000   0.00000000   0.00000000   0.00000000 
 -7.40850000   0.13640000   0.01619000   0.07707000 
 -7.33950000   0.09407000   0.01403000   0.05315000 
 -7.27050000   0.08840000   0.01532000   0.05060000 
 -7.20050000   0.08836000   0.01649000   0.05219000 
 -7.13150000   0.08767000   0.01667000   0.05408000 
 -7.06250000   0.09636000   0.02064000   0.06466000 
 -6.99250000   0.10620000   0.02509000   0.07610000 
 -6.92350000   0.17630000   0.04248000   0.15080000 
 -6.85450000   0.12320000   0.03348000   0.10640000 
 -6.78450000   0.16300000   0.05368000   0.16310000 
 -6.71550000   0.08238000   0.04528000   0.09148000 
 -6.64650000   0.11010000   0.05231000   0.14450000 
 -6.57650000   0.12220000   0.05424000   0.14440000 
 -6.50750000   0.05575000   0.02903000   0.08491000 
 -6.43850000   0.20790000   0.14300000   0.54900000 
 -6.36850000   0.01655000   0.00563800   0.01571000 
 -6.29950000   0.05568000   0.03160000   0.09419000 
 -6.23050000   0.18940000   0.10540000   0.30660000 
 -6.16050000   0.04533000   0.02192000   0.09044000 
 -6.09150000   0.16810000   0.06861000   0.29500000 
 -6.02250000   0.05482000   0.04054000   0.12830000 
 -5.95250000   0.09932000   0.06018000   0.21600000 
 -5.88350000   0.07344000   0.05226000   0.18210000 
 -5.81450000   0.10000000   0.07232000   0.30470000 
 -5.74450000   0.10450000   0.03843000   0.23700000 
 -5.67550000   0.01415000   0.00777100   0.05116000 
 -5.60650000   0.06689000   0.05891000   0.25090000 
 -5.53650000   0.10240000   0.07447000   0.33120000 
 -5.46750000   0.08858000   0.06288000   0.34650000 
 -5.39850000   0.04933000   0.04119000   0.13810000 
 -5.32850000   0.06030000   0.06751000   0.28880000 
 -5.25950000   0.05538000   0.06389000   0.23270000 
 -5.19050000   0.08341000   0.12310000   0.32730000 
 -5.12050000   0.07486000   0.16900000   0.38990000 
 -5.05150000   0.02472000   0.08595000   0.42770000 
 -4.98250000   0.03397000   0.09975000   0.43500000 
 -4.91250000   0.02139000   0.08199000   0.40050000 
 -4.84350000   0.02074000   0.05700000   0.48020000 
 -4.77350000   0.03350000   0.06872000   0.59140000 
 -4.70450000   0.05454000   0.11000000   0.80670000 
 -4.63550000   0.03658000   0.05663000   0.55640000 
 -4.56550000   0.05823000   0.10670000   0.66830000 
 -4.49650000   0.01783000   0.02611000   0.20480000 
 -4.42750000   0.07334000   0.08705000   1.11400000 
 -4.35750000   0.04755000   0.11220000   1.25900000 
 -4.28850000   0.04836000   0.09312000   1.34100000 
 -4.21950000   0.04008000   0.10820000   1.40600000 
 -4.14950000   0.02335000   0.08903000   1.00300000 
 -4.08050000   0.02851000   0.10820000   0.92270000 
 -4.01150000   0.02410000   0.06486000   1.11000000 
 -3.94150000   0.05359000   0.19070000   1.49400000 
 -3.87250000   0.01789000   0.13310000   1.39400000 
 -3.80350000   0.02638000   0.21890000   1.61600000 
 -3.73350000   0.03950000   0.13520000   1.03100000 
 -3.66450000   0.01958000   0.18570000   1.06800000 
 -3.59550000   0.01024000   0.06888000   0.70200000 
 -3.52550000   0.01044000   0.10710000   1.60400000 
 -3.45650000   0.01774000   0.12160000   2.84400000 
 -3.38750000   0.00534200   0.03637000   0.72790000 
 -3.31750000   0.01615000   0.11880000   3.16200000 
 -3.24850000   0.01613000   0.10890000   2.12400000 
 -3.17950000   0.01674000   0.17870000   2.06100000 
 -3.10950000   0.01465000   0.14060000   1.88700000 
 -3.04050000   0.00471100   0.04229000   0.91980000 
 -2.97150000   0.01322000   0.09745000   2.50500000 
 -2.90150000   0.01204000   0.08944000   2.26400000 
 -2.83250000   0.00255500   0.02810000   0.97670000 
 -2.76350000   0.02094000   0.11100000   3.41500000 
 -2.69350000   0.00843700   0.05218000   2.12100000 
 -2.62450000   0.01042000   0.06557000   3.31400000 
 -2.55550000   0.01208000   0.07557000   3.35200000 
 -2.48550000   0.01679000   0.03879000   2.87400000 
 -2.41650000   0.00839600   0.05443000   3.16700000 
 -2.34750000   0.00696800   0.03889000   2.78300000 
 -2.27750000   0.00757500   0.04301000   2.65100000 
 -2.20850000   0.01151000   0.09723000   2.45500000 
 -2.13950000   0.02319000   0.08048000   3.73800000 
 -2.06950000   0.01178000   0.03899000   1.91400000 
 -2.00050000   0.02190000   0.10000000   4.76500000 
 -1.93150000   0.00773100   0.04151000   1.85000000 
 -1.86150000   0.03369000   0.05232000   4.16800000 
 -1.79250000   0.01163000   0.03090000   4.37200000 
 -1.72350000   0.00907300   0.01584000   1.88700000 
 -1.65350000   0.01603000   0.03279000   2.19800000 
 -1.58450000   0.02097000   0.03936000   2.13200000 
 -1.51550000   0.01868000   0.03002000   1.15100000 
 -1.44550000   0.02536000   0.04764000   1.55300000 
 -1.37650000   0.01332000   0.03576000   0.96060000 
 -1.30750000   0.01462000   0.08792000   1.82800000 
 -1.23750000   0.00519000   0.03663000   0.44260000 
 -1.16850000   0.01227000   0.09996000   1.22600000 
 -1.09950000   0.01101000   0.03003000   0.45190000 
 -1.02950000   0.01143000   0.04361000   0.67240000 
 -0.96050000   0.02866000   0.05476000   0.99610000 
 -0.89150000   0.03467000   0.05067000   0.74290000 
 -0.82150000   0.01919000   0.04246000   0.83310000 
 -0.75250000   0.01203000   0.04515000   0.40740000 
 -0.68350000   0.02833000   0.08946000   1.91700000 
 -0.61350000   0.02441000   0.06997000   1.10200000 
 -0.54450000   0.02321000   0.07928000   0.95850000 
 -0.47450000   0.00705400   0.04878000   0.49320000 
 -0.40550000   0.00524300   0.01780000   0.35370000 
 -0.33650000   0.00549900   0.02308000   0.28920000 
 -0.26650000   0.01220000   0.05716000   0.55930000 
 -0.19750000   0.01326000   0.03595000   0.37650000 
 -0.12850000   0.01269000   0.02877000   0.38930000 
 -0.05850000   0.00887000   0.03156000   0.33480000 
  0.01050000   0.01662000   0.05348000   0.60860000 
  0.07950000   0.01360000   0.03977000   0.47290000 
  0.14950000   0.00709400   0.02669000   0.34300000 
  0.21850000   0.00723400   0.02649000   0.30740000 
  0.28750000   0.02038000   0.04254000   0.49070000 
  0.35750000   0.01428000   0.04715000   0.69440000 
  0.42650000   0.01236000   0.04458000   0.52990000 
  0.49550000   0.00903500   0.03514000   0.39100000 
  0.56550000   0.01562000   0.03850000   0.40560000 
  0.63450000   0.01355000   0.03915000   0.47830000 
  0.70350000   0.02055000   0.05792000   0.69630000 
  0.77350000   0.01570000   0.05827000   0.55080000 
  0.84250000   0.01272000   0.05089000   0.58880000 
  0.91150000   0.00929100   0.04382000   0.45670000 
  0.98150000   0.00722400   0.04380000   0.47950000 
  1.05050000   0.00955200   0.03919000   0.45760000 
  1.11950000   0.01084000   0.03475000   0.44220000 
  1.18950000   0.00950200   0.02829000   0.34350000 
  1.25850000   0.01482000   0.03793000   0.44350000 
  1.32750000   0.01484000   0.04735000   0.58440000 
  1.39750000   0.01079000   0.02533000   0.41310000 
  1.46650000   0.01277000   0.02823000   0.37860000 
  1.53550000   0.01266000   0.02684000   0.30830000 
  1.60550000   0.01309000   0.03949000   0.32800000 
  1.67450000   0.02587000   0.04108000   0.53020000 
  1.74350000   0.01782000   0.02561000   0.27970000 
  1.81350000   0.01192000   0.02532000   0.36390000 
  1.88250000   0.00972400   0.02038000   0.27790000 
  1.95150000   0.00950500   0.01780000   0.20310000 
  2.02150000   0.01378000   0.02621000   0.36670000 
  2.09050000   0.02070000   0.02994000   0.32600000 
  2.15950000   0.02507000   0.02360000   0.28840000 
  2.22950000   0.03922000   0.02655000   0.32200000 
  2.29850000   0.00907600   0.01160000   0.14000000 
  2.36750000   0.02344000   0.01550000   0.18850000 
  2.43750000   0.02008000   0.01841000   0.24990000 
  2.50650000   0.00992100   0.01037000   0.15630000 
  2.57550000   0.01113000   0.01265000   0.15770000 
  2.64550000   0.01660000   0.01987000   0.18360000 
  2.71450000   0.01298000   0.02341000   0.17320000 
  2.78350000   0.03042000   0.04448000   0.30590000 
  2.85350000   0.01260000   0.02365000   0.12030000 
  2.92250000   0.00818500   0.01555000   0.09194000 
  2.99150000   0.00976900   0.01837000   0.11010000 
  3.06150000   0.01193000   0.01774000   0.09814000 
  3.13050000   0.01679000   0.02108000   0.08943000 
  3.19950000   0.01569000   0.01684000   0.07506000 
  3.26950000   0.02110000   0.02403000   0.07562000 
  3.33850000   0.02639000   0.01847000   0.10240000 
  3.40750000   0.01556000   0.01412000   0.11110000 
  3.47750000   0.02201000   0.01230000   0.09391000 
  3.54650000   0.02091000   0.01026000   0.04217000 
  3.61550000   0.03035000   0.01545000   0.04444000 
  3.68550000   0.01885000   0.00805200   0.02122000 
  3.75450000   0.02248000   0.00655500   0.01771000 
  3.82450000   0.01257000   0.00342200   0.00945300 
  3.89350000   0.01922000   0.00470500   0.01319000 
  3.96250000   0.02633000   0.00592200   0.01612000 
  4.03250000   0.02962000   0.00643100   0.01617000 
  4.10150000   0.04026000   0.00857900   0.02015000 
  4.17050000   0.02943000   0.00662800   0.01348000 
  4.24050000   0.01480000   0.00384900   0.00810100 
  4.30950000   0.00735800   0.00170200   0.00413200 
  4.37850000   0.00000000   0.00000000   0.00000000 
  4.44850000   0.00000000   0.00000000   0.00000000 
  4.51750000   0.00000000   0.00000000   0.00000000 
  4.58650000   0.00000000   0.00000000   0.00000000 
  4.65650000   0.00000000   0.00000000   0.00000000 
  4.72550000   0.00000000   0.00000000   0.00000000 
  4.79450000   0.00000000   0.00000000   0.00000000 
  4.86450000   0.00000000   0.00000000   0.00000000 
  4.93350000   0.00000000   0.00000000   0.00000000 
  5.00250000   0.00000000   0.00000000   0.00000000 
  5.07250000   0.00000000   0.00000000   0.00000000 
  5.14150000   0.00000000   0.00000000   0.00000000 
  5.21050000   0.00000000   0.00000000   0.00000000 
  5.28050000   0.00000000   0.00000000   0.00000000 
  5.34950000   0.00000000   0.00000000   0.00000000 
