-15.45250000   0.00000000   0.00000000   0.00000000 
-15.38250000   0.00000000   0.00000000   0.00000000 
-15.31350000   0.00000000   0.00000000   0.00000000 
-15.24450000   0.00000000   0.00000000   0.00000000 
-15.17450000   0.00000000   0.00000000   0.00000000 
-15.10550000   0.00000000   0.00000000   0.00000000 
-15.03650000   0.00000000   0.00000000   0.00000000 
-14.96650000   0.00000000   0.00000000   0.00000000 
-14.89750000   0.00000000   0.00000000   0.00000000 
-14.82850000   0.00000000   0.00000000   0.00000000 
-14.75850000   0.00000000   0.00000000   0.00000000 
-14.68950000   0.00000000   0.00000000   0.00000000 
-14.62050000   0.00000000   0.00000000   0.00000000 
-14.55050000   0.00000000   0.00000000   0.00000000 
-14.48150000   0.00000000   0.00000000   0.00000000 
-14.41250000   0.03124000   0.00099310   0.00062370 
-14.34250000   0.03898000   0.00176000   0.00087950 
-14.27350000   0.03451000   0.00230500   0.00088790 
-14.20450000   0.03312000   0.00290700   0.00092680 
-14.13450000   0.03635000   0.00366700   0.00110000 
-14.06550000   0.03829000   0.00373700   0.00140000 
-13.99650000   0.03909000   0.00423300   0.00158100 
-13.92650000   0.04033000   0.00468700   0.00175700 
-13.85750000   0.05063000   0.01114000   0.00274900 
-13.78850000   0.03803000   0.00680500   0.00197600 
-13.71850000   0.04307000   0.01009000   0.00284300 
-13.64950000   0.03756000   0.01957000   0.00472700 
-13.58050000   0.03963000   0.02410000   0.00588900 
-13.51050000   0.02210000   0.00871900   0.00277900 
-13.44150000   0.02354000   0.01167000   0.00422000 
-13.37250000   0.03106000   0.01679000   0.00552800 
-13.30250000   0.02008000   0.01706000   0.00553500 
-13.23350000   0.01922000   0.02303000   0.00784800 
-13.16350000   0.02077000   0.02734000   0.01097000 
-13.09450000   0.02243000   0.03397000   0.01535000 
-13.02550000   0.03333000   0.04972000   0.02394000 
-12.95550000   0.01626000   0.02568000   0.01258000 
-12.88650000   0.01060000   0.01954000   0.01010000 
-12.81750000   0.01320000   0.02984000   0.01422000 
-12.74750000   0.01192000   0.02927000   0.01420000 
-12.67850000   0.02069000   0.04361000   0.02437000 
-12.60950000   0.00936500   0.02814000   0.01300000 
-12.53950000   0.01148000   0.02901000   0.01135000 
-12.47050000   0.01213000   0.01126000   0.00483600 
-12.40150000   0.01442000   0.01338000   0.01159000 
-12.33150000   0.01295000   0.01015000   0.00731300 
-12.26250000   0.01164000   0.00848700   0.00744500 
-12.19350000   0.00916700   0.00629700   0.00687400 
-12.12350000   0.00612300   0.00400900   0.00618900 
-12.05450000   0.00253100   0.00205600   0.00242900 
-11.98550000   0.00218900   0.00183400   0.00224000 
-11.91550000   0.00238700   0.00187000   0.00236800 
-11.84650000   0.00201400   0.00165400   0.00232200 
-11.77750000   0.00231000   0.00199700   0.00346300 
-11.70750000   0.00133200   0.00117000   0.00216700 
-11.63850000   0.00000000   0.00000000   0.00000000 
-11.56950000   0.01265000   0.00093030   0.00682200 
-11.49950000   0.02798000   0.00278000   0.01498000 
-11.43050000   0.02229000   0.00477400   0.01220000 
-11.36150000   0.02924000   0.00702200   0.01719000 
-11.29150000   0.03873000   0.01271000   0.02314000 
-11.22250000   0.04633000   0.02286000   0.03036000 
-11.15350000   0.07519000   0.07256000   0.06328000 
-11.08350000   0.02867000   0.03986000   0.02582000 
-11.01450000   0.03739000   0.02192000   0.03238000 
-10.94550000   0.06919000   0.02926000   0.03975000 
-10.87550000   0.05333000   0.02787000   0.02873000 
-10.80650000   0.03689000   0.02502000   0.01931000 
-10.73750000   0.06643000   0.03338000   0.01804000 
-10.66750000   0.04823000   0.03877000   0.01525000 
-10.59850000   0.04870000   0.03888000   0.01588000 
-10.52950000   0.05236000   0.04411000   0.02040000 
-10.45950000   0.05211000   0.05267000   0.02723000 
-10.39050000   0.05509000   0.05608000   0.04408000 
-10.32150000   0.02900000   0.04626000   0.05147000 
-10.25150000   0.02520000   0.05839000   0.06580000 
-10.18250000   0.01461000   0.04862000   0.04550000 
-10.11350000   0.02783000   0.05169000   0.06201000 
-10.04350000   0.02504000   0.02841000   0.03859000 
 -9.97450000   0.08282000   0.08696000   0.13910000 
 -9.90550000   0.02951000   0.03574000   0.08524000 
 -9.83550000   0.01766000   0.03700000   0.04768000 
 -9.76650000   0.01338000   0.04727000   0.04390000 
 -9.69750000   0.00477000   0.01205000   0.02509000 
 -9.62750000   0.00788600   0.03452000   0.06853000 
 -9.55850000   0.00118300   0.00259200   0.00150500 
 -9.48950000   0.00093210   0.00202500   0.00147000 
 -9.41950000   0.00063880   0.00132600   0.00148600 
 -9.35050000   0.00011510   0.00028800   0.00051340 
 -9.28150000   0.00000000   0.00000000   0.00000000 
 -9.21150000   0.00000000   0.00000000   0.00000000 
 -9.14250000   0.00000000   0.00000000   0.00000000 
 -9.07250000   0.00000000   0.00000000   0.00000000 
 -9.00350000   0.00000000   0.00000000   0.00000000 
 -8.93450000   0.00000000   0.00000000   0.00000000 
 -8.86450000   0.00000000   0.00000000   0.00000000 
 -8.79550000   0.00000000   0.00000000   0.00000000 
 -8.72650000   0.00000000   0.00000000   0.00000000 
 -8.65650000   0.00000000   0.00000000   0.00000000 
 -8.58750000   0.00000000   0.00000000   0.00000000 
 -8.51850000   0.00000000   0.00000000   0.00000000 
 -8.44850000   0.00000000   0.00000000   0.00000000 
 -8.37950000   0.00000000   0.00000000   0.00000000 
 -8.31050000   0.00000000   0.00000000   0.00000000 
 -8.24050000   0.00000000   0.00000000   0.00000000 
 -8.17150000   0.00000000   0.00000000   0.00000000 
 -8.10250000   0.00000000   0.00000000   0.00000000 
 -8.03250000   0.00000000   0.00000000   0.00000000 
 -7.96350000   0.00000000   0.00000000   0.00000000 
 -7.89450000   0.00000000   0.00000000   0.00000000 
 -7.82450000   0.00000000   0.00000000   0.00000000 
 -7.75550000   0.00000000   0.00000000   0.00000000 
 -7.68650000   0.00000000   0.00000000   0.00000000 
 -7.61650000   0.00000000   0.00000000   0.00000000 
 -7.54750000   0.00000000   0.00000000   0.00000000 
 -7.47850000   0.00000000   0.00000000   0.00000000 
 -7.40850000   0.09648000   0.01275000   0.03722000 
 -7.33950000   0.07189000   0.01179000   0.02676000 
 -7.27050000   0.07037000   0.01327000   0.02667000 
 -7.20050000   0.06354000   0.01578000   0.02936000 
 -7.13150000   0.05955000   0.01726000   0.03084000 
 -7.06250000   0.06318000   0.02340000   0.03881000 
 -6.99250000   0.06839000   0.02978000   0.04927000 
 -6.92350000   0.09639000   0.06494000   0.13590000 
 -6.85450000   0.07906000   0.03988000   0.08217000 
 -6.78450000   0.11900000   0.06620000   0.10070000 
 -6.71550000   0.07281000   0.06051000   0.07167000 
 -6.64650000   0.15270000   0.05196000   0.13780000 
 -6.57650000   0.14610000   0.04738000   0.18510000 
 -6.50750000   0.07572000   0.03071000   0.08855000 
 -6.43850000   0.36380000   0.16010000   0.47890000 
 -6.36850000   0.01060000   0.00759100   0.01214000 
 -6.29950000   0.06178000   0.03810000   0.08855000 
 -6.23050000   0.19660000   0.10510000   0.27460000 
 -6.16050000   0.07105000   0.03174000   0.07751000 
 -6.09150000   0.18700000   0.09041000   0.27080000 
 -6.02250000   0.07325000   0.04403000   0.10990000 
 -5.95250000   0.07331000   0.06111000   0.22410000 
 -5.88350000   0.07483000   0.05869000   0.21630000 
 -5.81450000   0.08218000   0.08682000   0.21810000 
 -5.74450000   0.07795000   0.04978000   0.23660000 
 -5.67550000   0.03290000   0.01443000   0.07020000 
 -5.60650000   0.07710000   0.08316000   0.28250000 
 -5.53650000   0.08719000   0.08102000   0.36440000 
 -5.46750000   0.07647000   0.06481000   0.33910000 
 -5.39850000   0.04586000   0.03516000   0.17800000 
 -5.32850000   0.05609000   0.05684000   0.40870000 
 -5.25950000   0.04272000   0.05569000   0.31300000 
 -5.19050000   0.05682000   0.06486000   0.49180000 
 -5.12050000   0.04270000   0.06353000   0.49890000 
 -5.05150000   0.08335000   0.04589000   0.72290000 
 -4.98250000   0.04698000   0.04860000   0.45050000 
 -4.91250000   0.03771000   0.05192000   0.36510000 
 -4.84350000   0.04532000   0.05509000   0.38570000 
 -4.77350000   0.04564000   0.05417000   0.36650000 
 -4.70450000   0.05417000   0.05608000   0.70180000 
 -4.63550000   0.04113000   0.03827000   0.36470000 
 -4.56550000   0.03558000   0.07928000   0.84390000 
 -4.49650000   0.01118000   0.02389000   0.34020000 
 -4.42750000   0.03825000   0.16490000   1.16700000 
 -4.35750000   0.06565000   0.10420000   0.94270000 
 -4.28850000   0.04154000   0.09474000   0.74540000 
 -4.21950000   0.03514000   0.08347000   0.94520000 
 -4.14950000   0.03124000   0.12200000   0.91070000 
 -4.08050000   0.04349000   0.10510000   0.85870000 
 -4.01150000   0.03830000   0.08954000   0.72160000 
 -3.94150000   0.03253000   0.14170000   1.11900000 
 -3.87250000   0.04006000   0.10770000   0.56720000 
 -3.80350000   0.02258000   0.09052000   0.69450000 
 -3.73350000   0.01630000   0.11770000   0.86580000 
 -3.66450000   0.03229000   0.14540000   1.64800000 
 -3.59550000   0.01178000   0.05878000   0.68830000 
 -3.52550000   0.00954800   0.11310000   1.16300000 
 -3.45650000   0.03192000   0.06929000   1.53100000 
 -3.38750000   0.01038000   0.03422000   0.49800000 
 -3.31750000   0.04568000   0.08870000   1.63000000 
 -3.24850000   0.02763000   0.07293000   1.71100000 
 -3.17950000   0.02131000   0.06900000   1.41400000 
 -3.10950000   0.02693000   0.05874000   1.68800000 
 -3.04050000   0.02809000   0.04201000   1.13000000 
 -2.97150000   0.03530000   0.11010000   2.90400000 
 -2.90150000   0.01940000   0.10080000   1.94400000 
 -2.83250000   0.00816300   0.04383000   0.90010000 
 -2.76350000   0.01929000   0.15910000   3.31400000 
 -2.69350000   0.00798800   0.06913000   2.14400000 
 -2.62450000   0.01025000   0.07350000   2.72100000 
 -2.55550000   0.01676000   0.09691000   2.07100000 
 -2.48550000   0.01508000   0.05676000   2.37000000 
 -2.41650000   0.02253000   0.06486000   2.82600000 
 -2.34750000   0.02053000   0.08098000   3.41700000 
 -2.27750000   0.01787000   0.06562000   2.63600000 
 -2.20850000   0.02474000   0.12800000   5.38300000 
 -2.13950000   0.01521000   0.06591000   5.18200000 
 -2.06950000   0.01342000   0.04994000   2.44300000 
 -2.00050000   0.02115000   0.06452000   4.34800000 
 -1.93150000   0.01024000   0.02014000   1.51100000 
 -1.86150000   0.01174000   0.07694000   5.31900000 
 -1.79250000   0.01642000   0.03561000   3.81400000 
 -1.72350000   0.00769100   0.02799000   1.78900000 
 -1.65350000   0.01983000   0.05472000   2.28900000 
 -1.58450000   0.02852000   0.03649000   2.38700000 
 -1.51550000   0.03247000   0.03743000   1.94600000 
 -1.44550000   0.02760000   0.05933000   2.16500000 
 -1.37650000   0.02960000   0.05300000   1.96900000 
 -1.30750000   0.04015000   0.12770000   2.26000000 
 -1.23750000   0.01646000   0.06516000   1.00000000 
 -1.16850000   0.02205000   0.10320000   1.64600000 
 -1.09950000   0.01537000   0.03770000   0.77320000 
 -1.02950000   0.01362000   0.03283000   0.95470000 
 -0.96050000   0.02044000   0.06287000   1.36900000 
 -0.89150000   0.01875000   0.06567000   1.31800000 
 -0.82150000   0.02313000   0.02666000   0.86100000 
 -0.75250000   0.02667000   0.02401000   0.99110000 
 -0.68350000   0.05662000   0.06705000   1.89800000 
 -0.61350000   0.02975000   0.06093000   1.41800000 
 -0.54450000   0.03173000   0.07514000   1.55200000 
 -0.47450000   0.02910000   0.05089000   0.57730000 
 -0.40550000   0.01660000   0.01578000   0.33510000 
 -0.33650000   0.00916900   0.02168000   0.25230000 
 -0.26650000   0.01827000   0.06903000   0.53630000 
 -0.19750000   0.01230000   0.05160000   0.47210000 
 -0.12850000   0.01003000   0.04818000   0.38540000 
 -0.05850000   0.00772400   0.03341000   0.31850000 
  0.01050000   0.01843000   0.04215000   0.50170000 
  0.07950000   0.01326000   0.03829000   0.35020000 
  0.14950000   0.00996900   0.03168000   0.26200000 
  0.21850000   0.01178000   0.02504000   0.34310000 
  0.28750000   0.01968000   0.04115000   0.49390000 
  0.35750000   0.02267000   0.04699000   0.54810000 
  0.42650000   0.01616000   0.04357000   0.49180000 
  0.49550000   0.01747000   0.03459000   0.34420000 
  0.56550000   0.02149000   0.04119000   0.46300000 
  0.63450000   0.01819000   0.04013000   0.43050000 
  0.70350000   0.02795000   0.05733000   0.52130000 
  0.77350000   0.03352000   0.05380000   0.56980000 
  0.84250000   0.02727000   0.04789000   0.41400000 
  0.91150000   0.02086000   0.04270000   0.37650000 
  0.98150000   0.01388000   0.03963000   0.29380000 
  1.05050000   0.02439000   0.03474000   0.35720000 
  1.11950000   0.02055000   0.04734000   0.34090000 
  1.18950000   0.01749000   0.03028000   0.22050000 
  1.25850000   0.01959000   0.05372000   0.32550000 
  1.32750000   0.03279000   0.07579000   0.36930000 
  1.39750000   0.03256000   0.05950000   0.24390000 
  1.46650000   0.02424000   0.04644000   0.29120000 
  1.53550000   0.02176000   0.06289000   0.28970000 
  1.60550000   0.02342000   0.06791000   0.32500000 
  1.67450000   0.02230000   0.07980000   0.44680000 
  1.74350000   0.01603000   0.04990000   0.32410000 
  1.81350000   0.02364000   0.05590000   0.23510000 
  1.88250000   0.01861000   0.05169000   0.21170000 
  1.95150000   0.02157000   0.03907000   0.13960000 
  2.02150000   0.03166000   0.06231000   0.26150000 
  2.09050000   0.03054000   0.05826000   0.20230000 
  2.15950000   0.03082000   0.05522000   0.21760000 
  2.22950000   0.03754000   0.07308000   0.27320000 
  2.29850000   0.02216000   0.03356000   0.13920000 
  2.36750000   0.02202000   0.03071000   0.25050000 
  2.43750000   0.02454000   0.04067000   0.22910000 
  2.50650000   0.01864000   0.04044000   0.13490000 
  2.57550000   0.01969000   0.04036000   0.16240000 
  2.64550000   0.03340000   0.04022000   0.28660000 
  2.71450000   0.02544000   0.04563000   0.28060000 
  2.78350000   0.03871000   0.07012000   0.56790000 
  2.85350000   0.01846000   0.03094000   0.22220000 
  2.92250000   0.01467000   0.02543000   0.17480000 
  2.99150000   0.01263000   0.03065000   0.20510000 
  3.06150000   0.01830000   0.03653000   0.26890000 
  3.13050000   0.00686400   0.03237000   0.22770000 
  3.19950000   0.00841000   0.02996000   0.23100000 
  3.26950000   0.00772300   0.03093000   0.20500000 
  3.33850000   0.00928800   0.03157000   0.22180000 
  3.40750000   0.00591300   0.02782000   0.16190000 
  3.47750000   0.00790500   0.02224000   0.10280000 
  3.54650000   0.00440600   0.01475000   0.04787000 
  3.61550000   0.01118000   0.01622000   0.05750000 
  3.68550000   0.00545300   0.00612700   0.02958000 
  3.75450000   0.00752000   0.00516100   0.01964000 
  3.82450000   0.00675100   0.00369400   0.00910200 
  3.89350000   0.00971600   0.00506600   0.01199000 
  3.96250000   0.01245000   0.00606000   0.01390000 
  4.03250000   0.01366000   0.00627200   0.01378000 
  4.10150000   0.01410000   0.00780900   0.01615000 
  4.17050000   0.00753200   0.00476900   0.01054000 
  4.24050000   0.00382600   0.00303100   0.00505200 
  4.30950000   0.00186600   0.00140300   0.00240900 
  4.37850000   0.00000000   0.00000000   0.00000000 
  4.44850000   0.00000000   0.00000000   0.00000000 
  4.51750000   0.00000000   0.00000000   0.00000000 
  4.58650000   0.00000000   0.00000000   0.00000000 
  4.65650000   0.00000000   0.00000000   0.00000000 
  4.72550000   0.00000000   0.00000000   0.00000000 
  4.79450000   0.00000000   0.00000000   0.00000000 
  4.86450000   0.00000000   0.00000000   0.00000000 
  4.93350000   0.00000000   0.00000000   0.00000000 
  5.00250000   0.00000000   0.00000000   0.00000000 
  5.07250000   0.00000000   0.00000000   0.00000000 
  5.14150000   0.00000000   0.00000000   0.00000000 
  5.21050000   0.00000000   0.00000000   0.00000000 
  5.28050000   0.00000000   0.00000000   0.00000000 
  5.34950000   0.00000000   0.00000000   0.00000000 
