-15.45250000   0.00000000   0.00000000   0.00000000 
-15.38250000   0.00000000   0.00000000   0.00000000 
-15.31350000   0.00000000   0.00000000   0.00000000 
-15.24450000   0.00000000   0.00000000   0.00000000 
-15.17450000   0.00000000   0.00000000   0.00000000 
-15.10550000   0.00000000   0.00000000   0.00000000 
-15.03650000   0.00000000   0.00000000   0.00000000 
-14.96650000   0.00000000   0.00000000   0.00000000 
-14.89750000   0.00000000   0.00000000   0.00000000 
-14.82850000   0.00000000   0.00000000   0.00000000 
-14.75850000   0.00000000   0.00000000   0.00000000 
-14.68950000   0.00000000   0.00000000   0.00000000 
-14.62050000   0.00000000   0.00000000   0.00000000 
-14.55050000   0.00000000   0.00000000   0.00000000 
-14.48150000   0.00000000   0.00000000   0.00000000 
-14.41250000   0.01752000   0.00031580   0.00023750 
-14.34250000   0.02165000   0.00065520   0.00032350 
-14.27350000   0.01886000   0.00093960   0.00031750 
-14.20450000   0.01779000   0.00122800   0.00032800 
-14.13450000   0.01935000   0.00154800   0.00038280 
-14.06550000   0.01894000   0.00175500   0.00046530 
-13.99650000   0.01757000   0.00216600   0.00052320 
-13.92650000   0.01653000   0.00252900   0.00058280 
-13.85750000   0.03844000   0.00729100   0.00170700 
-13.78850000   0.01838000   0.00443500   0.00100500 
-13.71850000   0.02740000   0.00710700   0.00173200 
-13.64950000   0.05059000   0.00879200   0.00249200 
-13.58050000   0.06095000   0.01084000   0.00324200 
-13.51050000   0.02198000   0.00574700   0.00177700 
-13.44150000   0.02692000   0.00794400   0.00263500 
-13.37250000   0.03170000   0.00974500   0.00335200 
-13.30250000   0.02790000   0.00990500   0.00361200 
-13.23350000   0.02979000   0.01289000   0.00441600 
-13.16350000   0.03124000   0.01301000   0.00463800 
-13.09450000   0.02713000   0.01343000   0.00493200 
-13.02550000   0.07580000   0.01781000   0.00949300 
-12.95550000   0.04658000   0.01050000   0.00578300 
-12.88650000   0.04268000   0.01239000   0.00670400 
-12.81750000   0.06468000   0.01610000   0.00873900 
-12.74750000   0.06974000   0.03258000   0.01312000 
-12.67850000   0.06732000   0.05569000   0.02397000 
-12.60950000   0.03743000   0.02675000   0.01144000 
-12.53950000   0.04340000   0.05072000   0.02165000 
-12.47050000   0.02853000   0.03885000   0.01710000 
-12.40150000   0.09217000   0.04214000   0.02349000 
-12.33150000   0.03085000   0.04696000   0.02251000 
-12.26250000   0.02796000   0.04332000   0.02170000 
-12.19350000   0.02038000   0.03666000   0.01821000 
-12.12350000   0.01310000   0.02839000   0.01338000 
-12.05450000   0.00761500   0.01041000   0.00405000 
-11.98550000   0.00599800   0.00963800   0.00372100 
-11.91550000   0.00526700   0.00970800   0.00400500 
-11.84650000   0.00370600   0.00960400   0.00381900 
-11.77750000   0.00245000   0.01391000   0.00522100 
-11.70750000   0.00098990   0.00859200   0.00316000 
-11.63850000   0.00000000   0.00000000   0.00000000 
-11.56950000   0.00036840   0.00986900   0.00114900 
-11.49950000   0.00088110   0.02151000   0.00329500 
-11.43050000   0.00095340   0.01874000   0.00424200 
-11.36150000   0.00178200   0.02438000   0.00552100 
-11.29150000   0.00373400   0.02974000   0.00976600 
-11.22250000   0.00814200   0.03582000   0.01623000 
-11.15350000   0.03810000   0.06982000   0.03959000 
-11.08350000   0.01997000   0.02862000   0.01924000 
-11.01450000   0.02470000   0.02502000   0.01570000 
-10.94550000   0.02239000   0.01825000   0.03525000 
-10.87550000   0.01675000   0.01342000   0.02986000 
-10.80650000   0.01198000   0.01030000   0.02379000 
-10.73750000   0.05031000   0.02793000   0.03918000 
-10.66750000   0.04368000   0.02563000   0.03966000 
-10.59850000   0.04296000   0.02707000   0.04265000 
-10.52950000   0.05044000   0.03439000   0.05237000 
-10.45950000   0.04777000   0.03801000   0.06769000 
-10.39050000   0.04968000   0.04652000   0.07063000 
-10.32150000   0.05360000   0.04334000   0.07236000 
-10.25150000   0.03782000   0.04800000   0.08939000 
-10.18250000   0.02898000   0.03116000   0.07291000 
-10.11350000   0.03425000   0.04865000   0.07633000 
-10.04350000   0.02032000   0.02599000   0.04044000 
 -9.97450000   0.05643000   0.06199000   0.08358000 
 -9.90550000   0.01586000   0.03706000   0.02823000 
 -9.83550000   0.01341000   0.03100000   0.02784000 
 -9.76650000   0.01136000   0.05308000   0.04805000 
 -9.69750000   0.00541100   0.01190000   0.00991200 
 -9.62750000   0.00829700   0.01699000   0.01995000 
 -9.55850000   0.00822300   0.01027000   0.01589000 
 -9.48950000   0.00455800   0.00881100   0.01533000 
 -9.41950000   0.00189300   0.00767600   0.01407000 
 -9.35050000   0.00061670   0.00314500   0.00478900 
 -9.28150000   0.00000000   0.00000000   0.00000000 
 -9.21150000   0.00000000   0.00000000   0.00000000 
 -9.14250000   0.00000000   0.00000000   0.00000000 
 -9.07250000   0.00000000   0.00000000   0.00000000 
 -9.00350000   0.00000000   0.00000000   0.00000000 
 -8.93450000   0.00000000   0.00000000   0.00000000 
 -8.86450000   0.00000000   0.00000000   0.00000000 
 -8.79550000   0.00000000   0.00000000   0.00000000 
 -8.72650000   0.00000000   0.00000000   0.00000000 
 -8.65650000   0.00000000   0.00000000   0.00000000 
 -8.58750000   0.00000000   0.00000000   0.00000000 
 -8.51850000   0.00000000   0.00000000   0.00000000 
 -8.44850000   0.00000000   0.00000000   0.00000000 
 -8.37950000   0.00000000   0.00000000   0.00000000 
 -8.31050000   0.00000000   0.00000000   0.00000000 
 -8.24050000   0.00000000   0.00000000   0.00000000 
 -8.17150000   0.00000000   0.00000000   0.00000000 
 -8.10250000   0.00000000   0.00000000   0.00000000 
 -8.03250000   0.00000000   0.00000000   0.00000000 
 -7.96350000   0.00000000   0.00000000   0.00000000 
 -7.89450000   0.00000000   0.00000000   0.00000000 
 -7.82450000   0.00000000   0.00000000   0.00000000 
 -7.75550000   0.00000000   0.00000000   0.00000000 
 -7.68650000   0.00000000   0.00000000   0.00000000 
 -7.61650000   0.00000000   0.00000000   0.00000000 
 -7.54750000   0.00000000   0.00000000   0.00000000 
 -7.47850000   0.00000000   0.00000000   0.00000000 
 -7.40850000   0.01624000   0.00599300   0.01617000 
 -7.33950000   0.01808000   0.00603200   0.01188000 
 -7.27050000   0.02508000   0.00713000   0.01292000 
 -7.20050000   0.06680000   0.01049000   0.02753000 
 -7.13150000   0.07888000   0.01226000   0.03270000 
 -7.06250000   0.08330000   0.01758000   0.03572000 
 -6.99250000   0.10130000   0.02338000   0.04482000 
 -6.92350000   0.28700000   0.06042000   0.12430000 
 -6.85450000   0.14270000   0.03654000   0.07410000 
 -6.78450000   0.31050000   0.05375000   0.16900000 
 -6.71550000   0.15070000   0.04329000   0.07017000 
 -6.64650000   0.14220000   0.06393000   0.14840000 
 -6.57650000   0.14780000   0.06155000   0.17770000 
 -6.50750000   0.05876000   0.03565000   0.08463000 
 -6.43850000   0.21680000   0.17950000   0.44010000 
 -6.36850000   0.02200000   0.00903500   0.01691000 
 -6.29950000   0.06531000   0.03108000   0.10740000 
 -6.23050000   0.15970000   0.07876000   0.28020000 
 -6.16050000   0.03948000   0.02387000   0.08503000 
 -6.09150000   0.15710000   0.09680000   0.32570000 
 -6.02250000   0.06217000   0.03981000   0.14670000 
 -5.95250000   0.08715000   0.05762000   0.23280000 
 -5.88350000   0.07157000   0.05741000   0.19470000 
 -5.81450000   0.09679000   0.08134000   0.32460000 
 -5.74450000   0.03189000   0.04604000   0.16100000 
 -5.67550000   0.01168000   0.00988300   0.03861000 
 -5.60650000   0.04748000   0.06071000   0.26370000 
 -5.53650000   0.06511000   0.05604000   0.35150000 
 -5.46750000   0.07030000   0.05812000   0.28540000 
 -5.39850000   0.02175000   0.03039000   0.14800000 
 -5.32850000   0.06336000   0.05441000   0.27390000 
 -5.25950000   0.04365000   0.04894000   0.21120000 
 -5.19050000   0.09801000   0.06857000   0.34740000 
 -5.12050000   0.04458000   0.06085000   0.30590000 
 -5.05150000   0.04443000   0.06507000   0.27560000 
 -4.98250000   0.09638000   0.07658000   0.34230000 
 -4.91250000   0.04914000   0.05800000   0.34390000 
 -4.84350000   0.07873000   0.05772000   0.40810000 
 -4.77350000   0.05159000   0.04963000   0.59580000 
 -4.70450000   0.10410000   0.09228000   0.88450000 
 -4.63550000   0.04917000   0.05535000   0.49430000 
 -4.56550000   0.06343000   0.05951000   0.81260000 
 -4.49650000   0.02881000   0.02721000   0.28610000 
 -4.42750000   0.06388000   0.14210000   1.14300000 
 -4.35750000   0.07847000   0.12760000   1.72600000 
 -4.28850000   0.05052000   0.09211000   0.93570000 
 -4.21950000   0.03763000   0.08333000   0.78600000 
 -4.14950000   0.03028000   0.13840000   0.92100000 
 -4.08050000   0.03401000   0.07099000   1.10600000 
 -4.01150000   0.02502000   0.09936000   1.07000000 
 -3.94150000   0.07223000   0.19670000   1.32500000 
 -3.87250000   0.03594000   0.12190000   0.79100000 
 -3.80350000   0.08122000   0.20060000   1.94600000 
 -3.73350000   0.04407000   0.11860000   1.46300000 
 -3.66450000   0.04016000   0.11530000   1.50900000 
 -3.59550000   0.01790000   0.05877000   0.70750000 
 -3.52550000   0.03143000   0.09737000   0.89250000 
 -3.45650000   0.02235000   0.11450000   1.07400000 
 -3.38750000   0.00840300   0.05881000   0.42470000 
 -3.31750000   0.01693000   0.07994000   1.46100000 
 -3.24850000   0.02319000   0.15360000   2.79100000 
 -3.17950000   0.02372000   0.13120000   1.90900000 
 -3.10950000   0.01925000   0.12160000   1.65100000 
 -3.04050000   0.01537000   0.15220000   1.78100000 
 -2.97150000   0.01596000   0.12650000   2.65800000 
 -2.90150000   0.01040000   0.09081000   1.63100000 
 -2.83250000   0.00610200   0.02312000   0.67810000 
 -2.76350000   0.01722000   0.07949000   2.38600000 
 -2.69350000   0.01689000   0.06239000   1.50400000 
 -2.62450000   0.01768000   0.06672000   2.47000000 
 -2.55550000   0.01888000   0.06414000   3.32900000 
 -2.48550000   0.02183000   0.03670000   2.35500000 
 -2.41650000   0.02499000   0.04813000   2.66400000 
 -2.34750000   0.02054000   0.04640000   3.80600000 
 -2.27750000   0.00832900   0.03401000   1.79300000 
 -2.20850000   0.03543000   0.06167000   6.71300000 
 -2.13950000   0.02102000   0.08811000   5.60500000 
 -2.06950000   0.00608000   0.03364000   1.91200000 
 -2.00050000   0.01990000   0.09413000   4.35400000 
 -1.93150000   0.00641400   0.02398000   1.46800000 
 -1.86150000   0.01402000   0.05724000   3.96000000 
 -1.79250000   0.01318000   0.03947000   1.91200000 
 -1.72350000   0.01207000   0.03330000   1.94400000 
 -1.65350000   0.03305000   0.05659000   2.93000000 
 -1.58450000   0.02944000   0.07406000   3.45900000 
 -1.51550000   0.01379000   0.04636000   1.89400000 
 -1.44550000   0.01329000   0.07510000   2.73400000 
 -1.37650000   0.01907000   0.07959000   1.60700000 
 -1.30750000   0.01925000   0.12040000   2.28700000 
 -1.23750000   0.00678200   0.05464000   0.91590000 
 -1.16850000   0.03825000   0.08691000   1.78900000 
 -1.09950000   0.01793000   0.05218000   0.69810000 
 -1.02950000   0.01484000   0.02788000   0.50070000 
 -0.96050000   0.02020000   0.08473000   1.23400000 
 -0.89150000   0.01670000   0.05578000   0.89440000 
 -0.82150000   0.00624200   0.05170000   0.73010000 
 -0.75250000   0.01669000   0.04725000   0.66960000 
 -0.68350000   0.04214000   0.07911000   1.14700000 
 -0.61350000   0.03040000   0.08328000   0.97830000 
 -0.54450000   0.04325000   0.09525000   0.96180000 
 -0.47450000   0.01920000   0.07742000   0.50930000 
 -0.40550000   0.01402000   0.02659000   0.47360000 
 -0.33650000   0.00779800   0.03059000   0.31370000 
 -0.26650000   0.01280000   0.07498000   0.73870000 
 -0.19750000   0.01071000   0.07941000   0.57860000 
 -0.12850000   0.00598400   0.04199000   0.34190000 
 -0.05850000   0.00498200   0.03050000   0.30200000 
  0.01050000   0.01147000   0.04969000   0.40490000 
  0.07950000   0.01086000   0.03138000   0.28220000 
  0.14950000   0.00766000   0.03032000   0.25490000 
  0.21850000   0.01379000   0.02710000   0.26560000 
  0.28750000   0.01847000   0.04328000   0.37830000 
  0.35750000   0.02791000   0.05783000   0.54840000 
  0.42650000   0.02383000   0.04279000   0.45360000 
  0.49550000   0.01591000   0.03401000   0.34790000 
  0.56550000   0.01349000   0.04069000   0.44280000 
  0.63450000   0.01452000   0.04346000   0.47220000 
  0.70350000   0.02228000   0.05493000   0.54760000 
  0.77350000   0.02931000   0.06918000   0.68570000 
  0.84250000   0.02061000   0.06519000   0.59300000 
  0.91150000   0.01217000   0.05640000   0.47700000 
  0.98150000   0.01473000   0.04863000   0.34460000 
  1.05050000   0.01441000   0.04282000   0.29940000 
  1.11950000   0.01129000   0.03726000   0.38510000 
  1.18950000   0.00973400   0.03149000   0.31690000 
  1.25850000   0.01058000   0.04068000   0.35860000 
  1.32750000   0.01407000   0.06038000   0.53200000 
  1.39750000   0.00883700   0.03448000   0.30860000 
  1.46650000   0.00860800   0.03741000   0.31410000 
  1.53550000   0.00995400   0.03985000   0.28380000 
  1.60550000   0.01563000   0.04440000   0.37710000 
  1.67450000   0.03429000   0.06905000   0.42510000 
  1.74350000   0.02609000   0.04414000   0.36600000 
  1.81350000   0.01467000   0.04320000   0.35980000 
  1.88250000   0.01495000   0.03535000   0.29330000 
  1.95150000   0.01357000   0.02853000   0.27230000 
  2.02150000   0.02321000   0.03808000   0.33100000 
  2.09050000   0.02227000   0.04228000   0.35770000 
  2.15950000   0.02622000   0.03652000   0.36100000 
  2.22950000   0.06529000   0.03529000   0.46580000 
  2.29850000   0.01248000   0.02090000   0.16910000 
  2.36750000   0.01626000   0.02565000   0.20390000 
  2.43750000   0.02202000   0.03031000   0.22960000 
  2.50650000   0.00980400   0.01793000   0.10400000 
  2.57550000   0.00821000   0.01890000   0.12740000 
  2.64550000   0.01890000   0.02643000   0.21010000 
  2.71450000   0.01771000   0.02862000   0.19690000 
  2.78350000   0.03057000   0.05796000   0.32660000 
  2.85350000   0.01062000   0.02762000   0.14040000 
  2.92250000   0.01004000   0.01816000   0.11050000 
  2.99150000   0.01464000   0.02174000   0.13230000 
  3.06150000   0.01294000   0.02558000   0.13990000 
  3.13050000   0.01426000   0.02232000   0.14200000 
  3.19950000   0.00731200   0.01688000   0.15330000 
  3.26950000   0.01283000   0.02444000   0.14440000 
  3.33850000   0.01526000   0.02484000   0.16320000 
  3.40750000   0.01177000   0.01972000   0.11340000 
  3.47750000   0.00668500   0.02048000   0.10870000 
  3.54650000   0.00750800   0.01696000   0.08521000 
  3.61550000   0.01156000   0.02193000   0.10660000 
  3.68550000   0.00590500   0.00817600   0.03986000 
  3.75450000   0.00734800   0.00573300   0.03179000 
  3.82450000   0.00705200   0.00380800   0.01528000 
  3.89350000   0.00986600   0.00478300   0.01960000 
  3.96250000   0.01142000   0.00536800   0.02120000 
  4.03250000   0.01190000   0.00520200   0.01950000 
  4.10150000   0.01090000   0.00586000   0.01989000 
  4.17050000   0.00511700   0.00413600   0.01158000 
  4.24050000   0.00239700   0.00212300   0.00636400 
  4.30950000   0.00091020   0.00098590   0.00298800 
  4.37850000   0.00000000   0.00000000   0.00000000 
  4.44850000   0.00000000   0.00000000   0.00000000 
  4.51750000   0.00000000   0.00000000   0.00000000 
  4.58650000   0.00000000   0.00000000   0.00000000 
  4.65650000   0.00000000   0.00000000   0.00000000 
  4.72550000   0.00000000   0.00000000   0.00000000 
  4.79450000   0.00000000   0.00000000   0.00000000 
  4.86450000   0.00000000   0.00000000   0.00000000 
  4.93350000   0.00000000   0.00000000   0.00000000 
  5.00250000   0.00000000   0.00000000   0.00000000 
  5.07250000   0.00000000   0.00000000   0.00000000 
  5.14150000   0.00000000   0.00000000   0.00000000 
  5.21050000   0.00000000   0.00000000   0.00000000 
  5.28050000   0.00000000   0.00000000   0.00000000 
  5.34950000   0.00000000   0.00000000   0.00000000 
