-15.45250000   0.00000000   0.00000000   0.00000000 
-15.38250000   0.00000000   0.00000000   0.00000000 
-15.31350000   0.00000000   0.00000000   0.00000000 
-15.24450000   0.00000000   0.00000000   0.00000000 
-15.17450000   0.00000000   0.00000000   0.00000000 
-15.10550000   0.00000000   0.00000000   0.00000000 
-15.03650000   0.00000000   0.00000000   0.00000000 
-14.96650000   0.00000000   0.00000000   0.00000000 
-14.89750000   0.00000000   0.00000000   0.00000000 
-14.82850000   0.00000000   0.00000000   0.00000000 
-14.75850000   0.00000000   0.00000000   0.00000000 
-14.68950000   0.00000000   0.00000000   0.00000000 
-14.62050000   0.00000000   0.00000000   0.00000000 
-14.55050000   0.00000000   0.00000000   0.00000000 
-14.48150000   0.00000000   0.00000000   0.00000000 
-14.41250000   0.01754000   0.00031750   0.00023350 
-14.34250000   0.02169000   0.00065690   0.00031780 
-14.27350000   0.01887000   0.00092900   0.00032580 
-14.20450000   0.01777000   0.00119900   0.00035570 
-14.13450000   0.01929000   0.00151900   0.00043040 
-14.06550000   0.01896000   0.00178600   0.00046540 
-13.99650000   0.01756000   0.00219700   0.00051770 
-13.92650000   0.01650000   0.00255800   0.00056910 
-13.85750000   0.03850000   0.00733200   0.00170500 
-13.78850000   0.01831000   0.00448000   0.00100100 
-13.71850000   0.02875000   0.00725700   0.00179700 
-13.64950000   0.05345000   0.00891200   0.00273900 
-13.58050000   0.06062000   0.01086000   0.00325900 
-13.51050000   0.01946000   0.00566200   0.00163700 
-13.44150000   0.02535000   0.00795100   0.00238200 
-13.37250000   0.02942000   0.00982500   0.00320200 
-13.30250000   0.02733000   0.01006000   0.00340700 
-13.23350000   0.03204000   0.01282000   0.00446700 
-13.16350000   0.03398000   0.01293000   0.00457900 
-13.09450000   0.02852000   0.01457000   0.00542800 
-13.02550000   0.07763000   0.01689000   0.00931200 
-12.95550000   0.05172000   0.01023000   0.00576300 
-12.88650000   0.05584000   0.01209000   0.00641400 
-12.81750000   0.05717000   0.01663000   0.00828300 
-12.74750000   0.05951000   0.03351000   0.01380000 
-12.67850000   0.06896000   0.05612000   0.02394000 
-12.60950000   0.03311000   0.02608000   0.01149000 
-12.53950000   0.03790000   0.05138000   0.02189000 
-12.47050000   0.02652000   0.03992000   0.01650000 
-12.40150000   0.09208000   0.04245000   0.02238000 
-12.33150000   0.03529000   0.04640000   0.02311000 
-12.26250000   0.02386000   0.04468000   0.02201000 
-12.19350000   0.01757000   0.03718000   0.01821000 
-12.12350000   0.01113000   0.02771000   0.01370000 
-12.05450000   0.00778500   0.01044000   0.00429900 
-11.98550000   0.00613300   0.00965500   0.00387200 
-11.91550000   0.00458900   0.00948300   0.00376900 
-11.84650000   0.00346000   0.00956000   0.00375700 
-11.77750000   0.00244400   0.01401000   0.00530200 
-11.70750000   0.00099040   0.00867400   0.00321000 
-11.63850000   0.00000000   0.00000000   0.00000000 
-11.56950000   0.00037280   0.00986100   0.00107700 
-11.49950000   0.00089250   0.02164000   0.00305200 
-11.43050000   0.00099370   0.01822000   0.00416100 
-11.36150000   0.00174100   0.02436000   0.00629600 
-11.29150000   0.00571000   0.03108000   0.00990400 
-11.22250000   0.01161000   0.03789000   0.01560000 
-11.15350000   0.03710000   0.07152000   0.03770000 
-11.08350000   0.02044000   0.03186000   0.01748000 
-11.01450000   0.01550000   0.01389000   0.02047000 
-10.94550000   0.02097000   0.01669000   0.03552000 
-10.87550000   0.01678000   0.01376000   0.02971000 
-10.80650000   0.01183000   0.01012000   0.02453000 
-10.73750000   0.05653000   0.02771000   0.04001000 
-10.66750000   0.04279000   0.02564000   0.04008000 
-10.59850000   0.04543000   0.02785000   0.04195000 
-10.52950000   0.04812000   0.03496000   0.05331000 
-10.45950000   0.04628000   0.03926000   0.06755000 
-10.39050000   0.05646000   0.04673000   0.07305000 
-10.32150000   0.04654000   0.04815000   0.06915000 
-10.25150000   0.04281000   0.04478000   0.09382000 
-10.18250000   0.02195000   0.03038000   0.07203000 
-10.11350000   0.03751000   0.04349000   0.07094000 
-10.04350000   0.01772000   0.02653000   0.04048000 
 -9.97450000   0.06017000   0.06064000   0.07762000 
 -9.90550000   0.01555000   0.03754000   0.02957000 
 -9.83550000   0.01388000   0.03010000   0.02874000 
 -9.76650000   0.01101000   0.05351000   0.04796000 
 -9.69750000   0.00531600   0.01178000   0.00982500 
 -9.62750000   0.00781600   0.01699000   0.02001000 
 -9.55850000   0.00822500   0.01001000   0.01582000 
 -9.48950000   0.00456700   0.00875000   0.01532000 
 -9.41950000   0.00184400   0.00773900   0.01423000 
 -9.35050000   0.00055220   0.00331100   0.00497700 
 -9.28150000   0.00000000   0.00000000   0.00000000 
 -9.21150000   0.00000000   0.00000000   0.00000000 
 -9.14250000   0.00000000   0.00000000   0.00000000 
 -9.07250000   0.00000000   0.00000000   0.00000000 
 -9.00350000   0.00000000   0.00000000   0.00000000 
 -8.93450000   0.00000000   0.00000000   0.00000000 
 -8.86450000   0.00000000   0.00000000   0.00000000 
 -8.79550000   0.00000000   0.00000000   0.00000000 
 -8.72650000   0.00000000   0.00000000   0.00000000 
 -8.65650000   0.00000000   0.00000000   0.00000000 
 -8.58750000   0.00000000   0.00000000   0.00000000 
 -8.51850000   0.00000000   0.00000000   0.00000000 
 -8.44850000   0.00000000   0.00000000   0.00000000 
 -8.37950000   0.00000000   0.00000000   0.00000000 
 -8.31050000   0.00000000   0.00000000   0.00000000 
 -8.24050000   0.00000000   0.00000000   0.00000000 
 -8.17150000   0.00000000   0.00000000   0.00000000 
 -8.10250000   0.00000000   0.00000000   0.00000000 
 -8.03250000   0.00000000   0.00000000   0.00000000 
 -7.96350000   0.00000000   0.00000000   0.00000000 
 -7.89450000   0.00000000   0.00000000   0.00000000 
 -7.82450000   0.00000000   0.00000000   0.00000000 
 -7.75550000   0.00000000   0.00000000   0.00000000 
 -7.68650000   0.00000000   0.00000000   0.00000000 
 -7.61650000   0.00000000   0.00000000   0.00000000 
 -7.54750000   0.00000000   0.00000000   0.00000000 
 -7.47850000   0.00000000   0.00000000   0.00000000 
 -7.40850000   0.01682000   0.00570600   0.01662000 
 -7.33950000   0.01751000   0.00630400   0.01215000 
 -7.27050000   0.02432000   0.00763500   0.01286000 
 -7.20050000   0.06836000   0.01017000   0.02725000 
 -7.13150000   0.08052000   0.01193000   0.03278000 
 -7.06250000   0.08864000   0.01658000   0.03712000 
 -6.99250000   0.10920000   0.02206000   0.04679000 
 -6.92350000   0.26520000   0.06956000   0.11650000 
 -6.85450000   0.11400000   0.04278000   0.06576000 
 -6.78450000   0.31600000   0.05540000   0.16320000 
 -6.71550000   0.14770000   0.04804000   0.06685000 
 -6.64650000   0.13460000   0.06665000   0.14830000 
 -6.57650000   0.14440000   0.06464000   0.17920000 
 -6.50750000   0.06103000   0.03222000   0.08084000 
 -6.43850000   0.22640000   0.17180000   0.45870000 
 -6.36850000   0.01849000   0.01080000   0.01519000 
 -6.29950000   0.06262000   0.03330000   0.10530000 
 -6.23050000   0.14070000   0.08776000   0.28740000 
 -6.16050000   0.04194000   0.02188000   0.08667000 
 -6.09150000   0.15740000   0.10200000   0.31160000 
 -6.02250000   0.05352000   0.03970000   0.15130000 
 -5.95250000   0.08894000   0.05580000   0.23630000 
 -5.88350000   0.07806000   0.05261000   0.19380000 
 -5.81450000   0.09561000   0.08018000   0.32770000 
 -5.74450000   0.03509000   0.02916000   0.18750000 
 -5.67550000   0.01298000   0.00958000   0.04141000 
 -5.60650000   0.04360000   0.05887000   0.26400000 
 -5.53650000   0.06832000   0.05716000   0.34520000 
 -5.46750000   0.06923000   0.05647000   0.30580000 
 -5.39850000   0.02270000   0.03171000   0.15060000 
 -5.32850000   0.06834000   0.05195000   0.28160000 
 -5.25950000   0.03481000   0.05064000   0.23280000 
 -5.19050000   0.06549000   0.07217000   0.36670000 
 -5.12050000   0.05011000   0.05887000   0.29700000 
 -5.05150000   0.05208000   0.06017000   0.29500000 
 -4.98250000   0.09778000   0.07690000   0.33110000 
 -4.91250000   0.05355000   0.05716000   0.33350000 
 -4.84350000   0.07723000   0.05800000   0.40880000 
 -4.77350000   0.06127000   0.04887000   0.57550000 
 -4.70450000   0.09653000   0.10200000   0.86380000 
 -4.63550000   0.04906000   0.05900000   0.51200000 
 -4.56550000   0.08030000   0.06382000   0.82650000 
 -4.49650000   0.02015000   0.02756000   0.32470000 
 -4.42750000   0.08279000   0.12190000   1.25100000 
 -4.35750000   0.06457000   0.13200000   1.74200000 
 -4.28850000   0.06098000   0.09225000   0.97700000 
 -4.21950000   0.05109000   0.07548000   0.77280000 
 -4.14950000   0.03355000   0.14420000   1.02200000 
 -4.08050000   0.03249000   0.07231000   1.13900000 
 -4.01150000   0.02599000   0.10640000   1.09600000 
 -3.94150000   0.06568000   0.17880000   1.29700000 
 -3.87250000   0.03089000   0.10420000   0.86220000 
 -3.80350000   0.08062000   0.21280000   1.85600000 
 -3.73350000   0.03835000   0.10960000   1.32300000 
 -3.66450000   0.03832000   0.11450000   1.52200000 
 -3.59550000   0.01686000   0.06143000   0.69110000 
 -3.52550000   0.02680000   0.08195000   0.89010000 
 -3.45650000   0.02083000   0.10080000   1.22700000 
 -3.38750000   0.00754100   0.05887000   0.41480000 
 -3.31750000   0.01912000   0.07376000   1.49600000 
 -3.24850000   0.02272000   0.15970000   2.64400000 
 -3.17950000   0.02192000   0.12860000   1.82200000 
 -3.10950000   0.02401000   0.12650000   1.37800000 
 -3.04050000   0.01646000   0.15490000   1.55800000 
 -2.97150000   0.01420000   0.12820000   2.59300000 
 -2.90150000   0.01004000   0.08351000   1.85800000 
 -2.83250000   0.00543800   0.02107000   0.74460000 
 -2.76350000   0.01956000   0.08136000   2.32800000 
 -2.69350000   0.01782000   0.06227000   1.61400000 
 -2.62450000   0.01670000   0.06255000   2.52300000 
 -2.55550000   0.01980000   0.07280000   2.92500000 
 -2.48550000   0.02048000   0.03625000   2.40500000 
 -2.41650000   0.02535000   0.04768000   2.73300000 
 -2.34750000   0.02146000   0.04608000   3.87700000 
 -2.27750000   0.00833200   0.03256000   1.77400000 
 -2.20850000   0.03821000   0.06219000   6.68400000 
 -2.13950000   0.02066000   0.09226000   5.69300000 
 -2.06950000   0.00694900   0.03259000   1.81600000 
 -2.00050000   0.02019000   0.08933000   4.53500000 
 -1.93150000   0.00393500   0.02268000   1.34800000 
 -1.86150000   0.01364000   0.06298000   3.85100000 
 -1.79250000   0.01338000   0.03515000   2.07200000 
 -1.72350000   0.01303000   0.03204000   1.97600000 
 -1.65350000   0.02910000   0.06061000   2.98400000 
 -1.58450000   0.03011000   0.07033000   3.29400000 
 -1.51550000   0.01363000   0.04859000   1.87600000 
 -1.44550000   0.01200000   0.06646000   2.77000000 
 -1.37650000   0.01693000   0.07318000   1.59600000 
 -1.30750000   0.01940000   0.12780000   2.04400000 
 -1.23750000   0.00802800   0.06013000   0.92240000 
 -1.16850000   0.04039000   0.10660000   1.73200000 
 -1.09950000   0.01853000   0.05009000   0.72450000 
 -1.02950000   0.01400000   0.02795000   0.49030000 
 -0.96050000   0.01730000   0.07693000   1.21000000 
 -0.89150000   0.01499000   0.05904000   0.87330000 
 -0.82150000   0.00621900   0.04586000   0.75670000 
 -0.75250000   0.01456000   0.04846000   0.59150000 
 -0.68350000   0.03737000   0.08239000   1.17100000 
 -0.61350000   0.02734000   0.06917000   0.91920000 
 -0.54450000   0.03425000   0.10400000   0.86550000 
 -0.47450000   0.01697000   0.07807000   0.51160000 
 -0.40550000   0.01430000   0.02456000   0.46640000 
 -0.33650000   0.00883200   0.03361000   0.33000000 
 -0.26650000   0.01246000   0.07740000   0.71950000 
 -0.19750000   0.00999200   0.06331000   0.62720000 
 -0.12850000   0.00598600   0.04855000   0.34420000 
 -0.05850000   0.00490000   0.03120000   0.29180000 
  0.01050000   0.01154000   0.05089000   0.43520000 
  0.07950000   0.01063000   0.03098000   0.27300000 
  0.14950000   0.00723900   0.03038000   0.25510000 
  0.21850000   0.01158000   0.02656000   0.26530000 
  0.28750000   0.02211000   0.03931000   0.37360000 
  0.35750000   0.03190000   0.06329000   0.57860000 
  0.42650000   0.02470000   0.04204000   0.44630000 
  0.49550000   0.01581000   0.03393000   0.33470000 
  0.56550000   0.01233000   0.03903000   0.43620000 
  0.63450000   0.01504000   0.04263000   0.46450000 
  0.70350000   0.01851000   0.05732000   0.54500000 
  0.77350000   0.02947000   0.07254000   0.77560000 
  0.84250000   0.02029000   0.06604000   0.59700000 
  0.91150000   0.01233000   0.05617000   0.42750000 
  0.98150000   0.01530000   0.05069000   0.33520000 
  1.05050000   0.01630000   0.04337000   0.32750000 
  1.11950000   0.01192000   0.03409000   0.40180000 
  1.18950000   0.00956900   0.03125000   0.32950000 
  1.25850000   0.01110000   0.03860000   0.35210000 
  1.32750000   0.01683000   0.05860000   0.50530000 
  1.39750000   0.00641200   0.03362000   0.32010000 
  1.46650000   0.00820600   0.03891000   0.31640000 
  1.53550000   0.00999800   0.04101000   0.29300000 
  1.60550000   0.01566000   0.04252000   0.37700000 
  1.67450000   0.03195000   0.05867000   0.44660000 
  1.74350000   0.02499000   0.04536000   0.36200000 
  1.81350000   0.01177000   0.04459000   0.39000000 
  1.88250000   0.01410000   0.03260000   0.30450000 
  1.95150000   0.01460000   0.02982000   0.25310000 
  2.02150000   0.02192000   0.03652000   0.33940000 
  2.09050000   0.02458000   0.04246000   0.34930000 
  2.15950000   0.02463000   0.03877000   0.35270000 
  2.22950000   0.06560000   0.03428000   0.46630000 
  2.29850000   0.01386000   0.02089000   0.15050000 
  2.36750000   0.01698000   0.02993000   0.20470000 
  2.43750000   0.01813000   0.02780000   0.24050000 
  2.50650000   0.01173000   0.01694000   0.10390000 
  2.57550000   0.01246000   0.01814000   0.12820000 
  2.64550000   0.01408000   0.02578000   0.22250000 
  2.71450000   0.01430000   0.02646000   0.19090000 
  2.78350000   0.02776000   0.05602000   0.33480000 
  2.85350000   0.01191000   0.02633000   0.14720000 
  2.92250000   0.00950100   0.01797000   0.10510000 
  2.99150000   0.01262000   0.02543000   0.12830000 
  3.06150000   0.01314000   0.02507000   0.14560000 
  3.13050000   0.00773900   0.01982000   0.16820000 
  3.19950000   0.00944900   0.02199000   0.14810000 
  3.26950000   0.01688000   0.02212000   0.12560000 
  3.33850000   0.01613000   0.02802000   0.17520000 
  3.40750000   0.01251000   0.01992000   0.12780000 
  3.47750000   0.00832400   0.02150000   0.13300000 
  3.54650000   0.00718800   0.01834000   0.09563000 
  3.61550000   0.01415000   0.02203000   0.11400000 
  3.68550000   0.00672000   0.01095000   0.05172000 
  3.75450000   0.00682900   0.00635200   0.02915000 
  3.82450000   0.00550400   0.00371500   0.01163000 
  3.89350000   0.00755300   0.00487500   0.01618000 
  3.96250000   0.00915000   0.00573500   0.01949000 
  4.03250000   0.01032000   0.00564900   0.01894000 
  4.10150000   0.01039000   0.00650000   0.02077000 
  4.17050000   0.00517600   0.00412700   0.01192000 
  4.24050000   0.00227900   0.00165600   0.00652400 
  4.30950000   0.00087090   0.00071060   0.00313000 
  4.37850000   0.00000000   0.00000000   0.00000000 
  4.44850000   0.00000000   0.00000000   0.00000000 
  4.51750000   0.00000000   0.00000000   0.00000000 
  4.58650000   0.00000000   0.00000000   0.00000000 
  4.65650000   0.00000000   0.00000000   0.00000000 
  4.72550000   0.00000000   0.00000000   0.00000000 
  4.79450000   0.00000000   0.00000000   0.00000000 
  4.86450000   0.00000000   0.00000000   0.00000000 
  4.93350000   0.00000000   0.00000000   0.00000000 
  5.00250000   0.00000000   0.00000000   0.00000000 
  5.07250000   0.00000000   0.00000000   0.00000000 
  5.14150000   0.00000000   0.00000000   0.00000000 
  5.21050000   0.00000000   0.00000000   0.00000000 
  5.28050000   0.00000000   0.00000000   0.00000000 
  5.34950000   0.00000000   0.00000000   0.00000000 
