-15.45250000   0.00000000   0.00000000   0.00000000 
-15.38250000   0.00000000   0.00000000   0.00000000 
-15.31350000   0.00000000   0.00000000   0.00000000 
-15.24450000   0.00000000   0.00000000   0.00000000 
-15.17450000   0.00000000   0.00000000   0.00000000 
-15.10550000   0.00000000   0.00000000   0.00000000 
-15.03650000   0.00000000   0.00000000   0.00000000 
-14.96650000   0.00000000   0.00000000   0.00000000 
-14.89750000   0.00000000   0.00000000   0.00000000 
-14.82850000   0.00000000   0.00000000   0.00000000 
-14.75850000   0.00000000   0.00000000   0.00000000 
-14.68950000   0.00000000   0.00000000   0.00000000 
-14.62050000   0.00000000   0.00000000   0.00000000 
-14.55050000   0.00000000   0.00000000   0.00000000 
-14.48150000   0.00000000   0.00000000   0.00000000 
-14.41250000   0.01752000   0.00031580   0.00023750 
-14.34250000   0.02165000   0.00065520   0.00032350 
-14.27350000   0.01982000   0.00089250   0.00033420 
-14.20450000   0.02051000   0.00109600   0.00037490 
-14.13450000   0.02197000   0.00142200   0.00042810 
-14.06550000   0.01636000   0.00188500   0.00042030 
-13.99650000   0.01554000   0.00226700   0.00048800 
-13.92650000   0.01522000   0.00264200   0.00056050 
-13.85750000   0.03812000   0.00743100   0.00170200 
-13.78850000   0.01834000   0.00458800   0.00100600 
-13.71850000   0.02982000   0.00752500   0.00177200 
-13.64950000   0.05520000   0.00943300   0.00257000 
-13.58050000   0.06080000   0.01050000   0.00324400 
-13.51050000   0.01905000   0.00518300   0.00173400 
-13.44150000   0.03178000   0.00745900   0.00269100 
-13.37250000   0.03180000   0.00958900   0.00335300 
-13.30250000   0.02351000   0.00990500   0.00354100 
-13.23350000   0.02785000   0.01288000   0.00438300 
-13.16350000   0.03071000   0.01301000   0.00462900 
-13.09450000   0.02716000   0.01512000   0.00544200 
-13.02550000   0.07581000   0.01607000   0.00896600 
-12.95550000   0.04690000   0.01050000   0.00579200 
-12.88650000   0.04813000   0.01219000   0.00689600 
-12.81750000   0.05194000   0.01673000   0.00826300 
-12.74750000   0.06963000   0.03256000   0.01312000 
-12.67850000   0.06715000   0.05606000   0.02415000 
-12.60950000   0.03713000   0.02615000   0.01118000 
-12.53950000   0.04342000   0.05101000   0.02169000 
-12.47050000   0.02855000   0.03930000   0.01716000 
-12.40150000   0.09211000   0.04126000   0.02338000 
-12.33150000   0.03444000   0.04696000   0.02251000 
-12.26250000   0.02880000   0.04581000   0.02248000 
-12.19350000   0.01980000   0.03672000   0.01824000 
-12.12350000   0.01153000   0.02630000   0.01281000 
-12.05450000   0.00779000   0.01041000   0.00420800 
-11.98550000   0.00610500   0.00956300   0.00385600 
-11.91550000   0.00446700   0.00947400   0.00370500 
-11.84650000   0.00341700   0.00953600   0.00369700 
-11.77750000   0.00245000   0.01391000   0.00522100 
-11.70750000   0.00098990   0.00859200   0.00316000 
-11.63850000   0.00000000   0.00000000   0.00000000 
-11.56950000   0.00036840   0.00986900   0.00114900 
-11.49950000   0.00088120   0.02151000   0.00329500 
-11.43050000   0.00126700   0.02171000   0.00368700 
-11.36150000   0.00158700   0.02248000   0.00589000 
-11.29150000   0.00354500   0.02790000   0.01012000 
-11.22250000   0.00839400   0.03697000   0.01604000 
-11.15350000   0.03809000   0.06979000   0.03959000 
-11.08350000   0.01997000   0.02862000   0.01924000 
-11.01450000   0.02477000   0.02498000   0.01589000 
-10.94550000   0.02225000   0.01833000   0.03489000 
-10.87550000   0.01636000   0.01363000   0.02883000 
-10.80650000   0.01199000   0.01058000   0.02463000 
-10.73750000   0.05072000   0.02834000   0.04205000 
-10.66750000   0.04341000   0.02536000   0.03777000 
-10.59850000   0.04265000   0.02676000   0.04050000 
-10.52950000   0.05017000   0.03431000   0.05254000 
-10.45950000   0.04775000   0.03798000   0.06830000 
-10.39050000   0.04998000   0.04642000   0.07285000 
-10.32150000   0.04601000   0.05034000   0.07197000 
-10.25150000   0.04267000   0.04352000   0.08975000 
-10.18250000   0.03300000   0.02899000   0.07342000 
-10.11350000   0.03655000   0.04786000   0.07552000 
-10.04350000   0.02123000   0.02619000   0.03949000 
 -9.97450000   0.05174000   0.06250000   0.08529000 
 -9.90550000   0.01633000   0.03688000   0.02788000 
 -9.83550000   0.01470000   0.03125000   0.02790000 
 -9.76650000   0.01135000   0.05308000   0.04806000 
 -9.69750000   0.00541200   0.01190000   0.00991600 
 -9.62750000   0.00832200   0.01701000   0.01992000 
 -9.55850000   0.00818500   0.01024000   0.01591000 
 -9.48950000   0.00455800   0.00881100   0.01533000 
 -9.41950000   0.00189300   0.00767600   0.01407000 
 -9.35050000   0.00061660   0.00314500   0.00478900 
 -9.28150000   0.00000000   0.00000000   0.00000000 
 -9.21150000   0.00000000   0.00000000   0.00000000 
 -9.14250000   0.00000000   0.00000000   0.00000000 
 -9.07250000   0.00000000   0.00000000   0.00000000 
 -9.00350000   0.00000000   0.00000000   0.00000000 
 -8.93450000   0.00000000   0.00000000   0.00000000 
 -8.86450000   0.00000000   0.00000000   0.00000000 
 -8.79550000   0.00000000   0.00000000   0.00000000 
 -8.72650000   0.00000000   0.00000000   0.00000000 
 -8.65650000   0.00000000   0.00000000   0.00000000 
 -8.58750000   0.00000000   0.00000000   0.00000000 
 -8.51850000   0.00000000   0.00000000   0.00000000 
 -8.44850000   0.00000000   0.00000000   0.00000000 
 -8.37950000   0.00000000   0.00000000   0.00000000 
 -8.31050000   0.00000000   0.00000000   0.00000000 
 -8.24050000   0.00000000   0.00000000   0.00000000 
 -8.17150000   0.00000000   0.00000000   0.00000000 
 -8.10250000   0.00000000   0.00000000   0.00000000 
 -8.03250000   0.00000000   0.00000000   0.00000000 
 -7.96350000   0.00000000   0.00000000   0.00000000 
 -7.89450000   0.00000000   0.00000000   0.00000000 
 -7.82450000   0.00000000   0.00000000   0.00000000 
 -7.75550000   0.00000000   0.00000000   0.00000000 
 -7.68650000   0.00000000   0.00000000   0.00000000 
 -7.61650000   0.00000000   0.00000000   0.00000000 
 -7.54750000   0.00000000   0.00000000   0.00000000 
 -7.47850000   0.00000000   0.00000000   0.00000000 
 -7.40850000   0.02103000   0.00516300   0.01798000 
 -7.33950000   0.01907000   0.00586000   0.01225000 
 -7.27050000   0.02292000   0.00750600   0.01210000 
 -7.20050000   0.06485000   0.01083000   0.02679000 
 -7.13150000   0.07946000   0.01237000   0.03265000 
 -7.06250000   0.08903000   0.01748000   0.03673000 
 -6.99250000   0.11130000   0.02321000   0.04659000 
 -6.92350000   0.27150000   0.05987000   0.11670000 
 -6.85450000   0.13290000   0.03668000   0.07241000 
 -6.78450000   0.30610000   0.05544000   0.16200000 
 -6.71550000   0.15070000   0.04329000   0.07017000 
 -6.64650000   0.14190000   0.06352000   0.15570000 
 -6.57650000   0.15590000   0.06135000   0.17420000 
 -6.50750000   0.04363000   0.03671000   0.07917000 
 -6.43850000   0.21560000   0.18020000   0.44120000 
 -6.36850000   0.02200000   0.00903500   0.01691000 
 -6.29950000   0.06836000   0.03101000   0.10750000 
 -6.23050000   0.16010000   0.07827000   0.28530000 
 -6.16050000   0.03917000   0.02388000   0.08568000 
 -6.09150000   0.14710000   0.09861000   0.33860000 
 -6.02250000   0.06160000   0.03987000   0.13800000 
 -5.95250000   0.08965000   0.05827000   0.23360000 
 -5.88350000   0.06862000   0.05638000   0.19300000 
 -5.81450000   0.09668000   0.08235000   0.32790000 
 -5.74450000   0.03154000   0.03525000   0.24110000 
 -5.67550000   0.00734500   0.00931000   0.04002000 
 -5.60650000   0.04669000   0.06092000   0.26280000 
 -5.53650000   0.06370000   0.05709000   0.34480000 
 -5.46750000   0.07062000   0.05805000   0.28660000 
 -5.39850000   0.02197000   0.03047000   0.14680000 
 -5.32850000   0.06264000   0.05389000   0.27790000 
 -5.25950000   0.04402000   0.05044000   0.21110000 
 -5.19050000   0.09791000   0.06870000   0.34840000 
 -5.12050000   0.04457000   0.06232000   0.30680000 
 -5.05150000   0.04442000   0.06364000   0.27870000 
 -4.98250000   0.09640000   0.07651000   0.34140000 
 -4.91250000   0.04841000   0.05662000   0.34440000 
 -4.84350000   0.08123000   0.05844000   0.41070000 
 -4.77350000   0.05059000   0.04984000   0.59420000 
 -4.70450000   0.09854000   0.09237000   0.90020000 
 -4.63550000   0.04871000   0.05557000   0.50160000 
 -4.56550000   0.06461000   0.05933000   0.81190000 
 -4.49650000   0.02884000   0.02721000   0.28610000 
 -4.42750000   0.06406000   0.14260000   1.12800000 
 -4.35750000   0.08004000   0.13180000   1.82500000 
 -4.28850000   0.05023000   0.09195000   0.93580000 
 -4.21950000   0.03780000   0.08391000   0.77860000 
 -4.14950000   0.03041000   0.13930000   0.92330000 
 -4.08050000   0.03358000   0.07087000   1.10900000 
 -4.01150000   0.02501000   0.09916000   1.06900000 
 -3.94150000   0.06868000   0.19660000   1.39500000 
 -3.87250000   0.02710000   0.12110000   0.82800000 
 -3.80350000   0.07976000   0.20010000   1.91100000 
 -3.73350000   0.04428000   0.11910000   1.44400000 
 -3.66450000   0.03905000   0.10970000   1.55300000 
 -3.59550000   0.01776000   0.06212000   0.67980000 
 -3.52550000   0.03184000   0.09926000   0.89520000 
 -3.45650000   0.02234000   0.11400000   1.06600000 
 -3.38750000   0.00841000   0.05899000   0.42170000 
 -3.31750000   0.01776000   0.08056000   1.46500000 
 -3.24850000   0.02128000   0.16090000   3.19400000 
 -3.17950000   0.02522000   0.13730000   1.89600000 
 -3.10950000   0.02007000   0.12200000   1.63100000 
 -3.04050000   0.01535000   0.15310000   1.77800000 
 -2.97150000   0.01486000   0.12460000   2.62500000 
 -2.90150000   0.01081000   0.09194000   1.64900000 
 -2.83250000   0.00637000   0.02350000   0.68340000 
 -2.76350000   0.01724000   0.07713000   2.37900000 
 -2.69350000   0.01695000   0.06425000   1.49600000 
 -2.62450000   0.01677000   0.06491000   2.49700000 
 -2.55550000   0.01967000   0.06455000   3.32800000 
 -2.48550000   0.02153000   0.03655000   2.36500000 
 -2.41650000   0.02506000   0.04705000   2.69100000 
 -2.34750000   0.02178000   0.04618000   3.72000000 
 -2.27750000   0.00832200   0.03365000   1.78900000 
 -2.20850000   0.03615000   0.06176000   6.44600000 
 -2.13950000   0.02111000   0.08898000   5.57800000 
 -2.06950000   0.00575700   0.03337000   1.78400000 
 -2.00050000   0.01992000   0.09240000   4.38500000 
 -1.93150000   0.00618100   0.02474000   1.48100000 
 -1.86150000   0.01401000   0.05629000   3.94000000 
 -1.79250000   0.00902900   0.04094000   1.86700000 
 -1.72350000   0.01196000   0.03358000   1.91500000 
 -1.65350000   0.02946000   0.05825000   2.91100000 
 -1.58450000   0.02991000   0.07488000   3.45800000 
 -1.51550000   0.01356000   0.04599000   1.90800000 
 -1.44550000   0.01329000   0.07358000   2.65400000 
 -1.37650000   0.01793000   0.07532000   1.64000000 
 -1.30750000   0.02043000   0.12010000   2.25100000 
 -1.23750000   0.01043000   0.06558000   0.94010000 
 -1.16850000   0.03876000   0.08631000   1.74000000 
 -1.09950000   0.01745000   0.05275000   0.73230000 
 -1.02950000   0.01518000   0.02702000   0.49940000 
 -0.96050000   0.02045000   0.08706000   1.27500000 
 -0.89150000   0.01659000   0.05537000   0.89660000 
 -0.82150000   0.00661300   0.05130000   0.71110000 
 -0.75250000   0.01387000   0.04666000   0.65070000 
 -0.68350000   0.04246000   0.07952000   1.13500000 
 -0.61350000   0.03015000   0.08267000   0.97450000 
 -0.54450000   0.04365000   0.09883000   0.97110000 
 -0.47450000   0.01912000   0.07511000   0.50470000 
 -0.40550000   0.01354000   0.02596000   0.49560000 
 -0.33650000   0.00806200   0.02961000   0.35840000 
 -0.26650000   0.01242000   0.07578000   0.71240000 
 -0.19750000   0.01058000   0.07637000   0.57380000 
 -0.12850000   0.00599800   0.04309000   0.35000000 
 -0.05850000   0.00504500   0.03279000   0.32040000 
  0.01050000   0.01150000   0.04882000   0.42530000 
  0.07950000   0.01121000   0.03140000   0.28170000 
  0.14950000   0.00764700   0.02689000   0.26580000 
  0.21850000   0.01396000   0.02887000   0.26190000 
  0.28750000   0.01774000   0.04350000   0.37940000 
  0.35750000   0.02776000   0.05821000   0.57110000 
  0.42650000   0.02375000   0.04181000   0.43290000 
  0.49550000   0.01576000   0.03386000   0.34790000 
  0.56550000   0.01197000   0.04077000   0.44360000 
  0.63450000   0.01456000   0.04359000   0.47140000 
  0.70350000   0.02275000   0.05508000   0.54670000 
  0.77350000   0.02871000   0.06881000   0.68640000 
  0.84250000   0.02057000   0.06477000   0.59660000 
  0.91150000   0.01218000   0.05585000   0.48520000 
  0.98150000   0.01480000   0.05014000   0.34640000 
  1.05050000   0.01359000   0.04218000   0.29620000 
  1.11950000   0.01232000   0.03693000   0.38860000 
  1.18950000   0.00984200   0.03136000   0.31640000 
  1.25850000   0.01068000   0.04052000   0.35770000 
  1.32750000   0.01410000   0.06024000   0.53150000 
  1.39750000   0.00889300   0.03496000   0.30280000 
  1.46650000   0.00888200   0.03742000   0.31320000 
  1.53550000   0.00952700   0.03978000   0.28850000 
  1.60550000   0.01609000   0.04425000   0.37180000 
  1.67450000   0.03166000   0.06796000   0.44030000 
  1.74350000   0.02683000   0.04503000   0.36120000 
  1.81350000   0.01470000   0.04286000   0.35960000 
  1.88250000   0.01510000   0.03528000   0.28890000 
  1.95150000   0.01331000   0.02950000   0.27550000 
  2.02150000   0.02490000   0.03825000   0.32770000 
  2.09050000   0.02254000   0.04194000   0.35710000 
  2.15950000   0.02618000   0.03670000   0.36110000 
  2.22950000   0.06514000   0.03536000   0.46520000 
  2.29850000   0.01241000   0.02098000   0.16960000 
  2.36750000   0.01645000   0.02681000   0.20400000 
  2.43750000   0.02176000   0.02975000   0.23140000 
  2.50650000   0.00960200   0.01771000   0.10510000 
  2.57550000   0.00792500   0.01889000   0.12770000 
  2.64550000   0.01967000   0.02609000   0.20760000 
  2.71450000   0.01847000   0.02800000   0.18160000 
  2.78350000   0.03188000   0.06211000   0.35200000 
  2.85350000   0.00986000   0.02853000   0.14150000 
  2.92250000   0.00983600   0.01757000   0.10310000 
  2.99150000   0.01279000   0.02586000   0.13040000 
  3.06150000   0.01232000   0.02576000   0.14730000 
  3.13050000   0.01360000   0.02136000   0.16590000 
  3.19950000   0.00896500   0.01810000   0.14420000 
  3.26950000   0.01490000   0.02225000   0.15190000 
  3.33850000   0.01262000   0.02430000   0.15540000 
  3.40750000   0.00979700   0.02107000   0.12370000 
  3.47750000   0.00846200   0.02326000   0.13210000 
  3.54650000   0.00771300   0.01784000   0.08866000 
  3.61550000   0.01416000   0.01948000   0.11920000 
  3.68550000   0.01163000   0.00798600   0.04329000 
  3.75450000   0.00991800   0.00539200   0.03057000 
  3.82450000   0.00658500   0.00334500   0.01287000 
  3.89350000   0.00951100   0.00421300   0.01634000 
  3.96250000   0.01170000   0.00487500   0.01835000 
  4.03250000   0.01289000   0.00484800   0.01795000 
  4.10150000   0.01308000   0.00538900   0.02018000 
  4.17050000   0.00621000   0.00340500   0.01215000 
  4.24050000   0.00232500   0.00194800   0.00646500 
  4.30950000   0.00106000   0.00085700   0.00296200 
  4.37850000   0.00000000   0.00000000   0.00000000 
  4.44850000   0.00000000   0.00000000   0.00000000 
  4.51750000   0.00000000   0.00000000   0.00000000 
  4.58650000   0.00000000   0.00000000   0.00000000 
  4.65650000   0.00000000   0.00000000   0.00000000 
  4.72550000   0.00000000   0.00000000   0.00000000 
  4.79450000   0.00000000   0.00000000   0.00000000 
  4.86450000   0.00000000   0.00000000   0.00000000 
  4.93350000   0.00000000   0.00000000   0.00000000 
  5.00250000   0.00000000   0.00000000   0.00000000 
  5.07250000   0.00000000   0.00000000   0.00000000 
  5.14150000   0.00000000   0.00000000   0.00000000 
  5.21050000   0.00000000   0.00000000   0.00000000 
  5.28050000   0.00000000   0.00000000   0.00000000 
  5.34950000   0.00000000   0.00000000   0.00000000 
