-15.45250000   0.00000000   0.00000000   0.00000000 
-15.38250000   0.00000000   0.00000000   0.00000000 
-15.31350000   0.00000000   0.00000000   0.00000000 
-15.24450000   0.00000000   0.00000000   0.00000000 
-15.17450000   0.00000000   0.00000000   0.00000000 
-15.10550000   0.00000000   0.00000000   0.00000000 
-15.03650000   0.00000000   0.00000000   0.00000000 
-14.96650000   0.00000000   0.00000000   0.00000000 
-14.89750000   0.00000000   0.00000000   0.00000000 
-14.82850000   0.00000000   0.00000000   0.00000000 
-14.75850000   0.00000000   0.00000000   0.00000000 
-14.68950000   0.00000000   0.00000000   0.00000000 
-14.62050000   0.00000000   0.00000000   0.00000000 
-14.55050000   0.00000000   0.00000000   0.00000000 
-14.48150000   0.00000000   0.00000000   0.00000000 
-14.41250000   0.01008000   0.00052940   0.00019350 
-14.34250000   0.01236000   0.00082490   0.00027570 
-14.27350000   0.01119000   0.00095010   0.00028610 
-14.20450000   0.01150000   0.00110600   0.00031060 
-14.13450000   0.01222000   0.00134300   0.00035920 
-14.06550000   0.00944700   0.00135300   0.00038980 
-13.99650000   0.00950900   0.00144200   0.00042390 
-13.92650000   0.00994100   0.00152000   0.00045700 
-13.85750000   0.05502000   0.00259300   0.00169800 
-13.78850000   0.02305000   0.00216100   0.00082540 
-13.71850000   0.04611000   0.00330400   0.00165600 
-13.64950000   0.06019000   0.00734800   0.00282500 
-13.58050000   0.06061000   0.00991700   0.00333300 
-13.51050000   0.02610000   0.00390200   0.00151800 
-13.44150000   0.03713000   0.00660400   0.00244600 
-13.37250000   0.04222000   0.00735700   0.00284700 
-13.30250000   0.04088000   0.00659800   0.00298600 
-13.23350000   0.04817000   0.00855300   0.00383300 
-13.16350000   0.03985000   0.01014000   0.00445100 
-13.09450000   0.04694000   0.01063000   0.00370900 
-13.02550000   0.03996000   0.02803000   0.00733200 
-12.95550000   0.01874000   0.01935000   0.00565500 
-12.88650000   0.01869000   0.02355000   0.00704100 
-12.81750000   0.02898000   0.02514000   0.00919500 
-12.74750000   0.06194000   0.04095000   0.01548000 
-12.67850000   0.07163000   0.06205000   0.02385000 
-12.60950000   0.03257000   0.03058000   0.01208000 
-12.53950000   0.06199000   0.04801000   0.02534000 
-12.47050000   0.03266000   0.04519000   0.01878000 
-12.40150000   0.02473000   0.05705000   0.03808000 
-12.33150000   0.03457000   0.06500000   0.03093000 
-12.26250000   0.02498000   0.06117000   0.02987000 
-12.19350000   0.01848000   0.04930000   0.02510000 
-12.12350000   0.01411000   0.03710000   0.01908000 
-12.05450000   0.00872500   0.00984200   0.01247000 
-11.98550000   0.00726300   0.00791000   0.01160000 
-11.91550000   0.00379800   0.00701500   0.01006000 
-11.84650000   0.00338300   0.00630200   0.01037000 
-11.77750000   0.00337200   0.00778100   0.01532000 
-11.70750000   0.00157500   0.00456500   0.00944200 
-11.63850000   0.00000000   0.00000000   0.00000000 
-11.56950000   0.00694600   0.00030090   0.00242500 
-11.49950000   0.01405000   0.00119900   0.00538300 
-11.43050000   0.01224000   0.00200800   0.00505700 
-11.36150000   0.01096000   0.00324300   0.00561900 
-11.29150000   0.01181000   0.00524000   0.00707800 
-11.22250000   0.01205000   0.00866900   0.00881400 
-11.15350000   0.01617000   0.02020000   0.01420000 
-11.08350000   0.00482100   0.00871000   0.00570800 
-11.01450000   0.00315000   0.00621300   0.00483800 
-10.94550000   0.00827100   0.00648700   0.00867500 
-10.87550000   0.00615700   0.00528300   0.00657300 
-10.80650000   0.00469400   0.00421900   0.00476800 
-10.73750000   0.03663000   0.02373000   0.02601000 
-10.66750000   0.03348000   0.02204000   0.02387000 
-10.59850000   0.03514000   0.02389000   0.02752000 
-10.52950000   0.04440000   0.03276000   0.03706000 
-10.45950000   0.04610000   0.03803000   0.04362000 
-10.39050000   0.05938000   0.04965000   0.05340000 
-10.32150000   0.05897000   0.04954000   0.06797000 
-10.25150000   0.05407000   0.05621000   0.08119000 
-10.18250000   0.03260000   0.04968000   0.05931000 
-10.11350000   0.07098000   0.06992000   0.07385000 
-10.04350000   0.02163000   0.03644000   0.04364000 
 -9.97450000   0.07944000   0.08814000   0.07604000 
 -9.90550000   0.03319000   0.04207000   0.05197000 
 -9.83550000   0.02846000   0.04036000   0.04621000 
 -9.76650000   0.02268000   0.06102000   0.06499000 
 -9.69750000   0.01276000   0.01782000   0.02094000 
 -9.62750000   0.02026000   0.02134000   0.03680000 
 -9.55850000   0.02040000   0.01714000   0.04588000 
 -9.48950000   0.01377000   0.01626000   0.03915000 
 -9.41950000   0.00979500   0.01909000   0.02835000 
 -9.35050000   0.00720800   0.01366000   0.01344000 
 -9.28150000   0.00000000   0.00000000   0.00000000 
 -9.21150000   0.00000000   0.00000000   0.00000000 
 -9.14250000   0.00000000   0.00000000   0.00000000 
 -9.07250000   0.00000000   0.00000000   0.00000000 
 -9.00350000   0.00000000   0.00000000   0.00000000 
 -8.93450000   0.00000000   0.00000000   0.00000000 
 -8.86450000   0.00000000   0.00000000   0.00000000 
 -8.79550000   0.00000000   0.00000000   0.00000000 
 -8.72650000   0.00000000   0.00000000   0.00000000 
 -8.65650000   0.00000000   0.00000000   0.00000000 
 -8.58750000   0.00000000   0.00000000   0.00000000 
 -8.51850000   0.00000000   0.00000000   0.00000000 
 -8.44850000   0.00000000   0.00000000   0.00000000 
 -8.37950000   0.00000000   0.00000000   0.00000000 
 -8.31050000   0.00000000   0.00000000   0.00000000 
 -8.24050000   0.00000000   0.00000000   0.00000000 
 -8.17150000   0.00000000   0.00000000   0.00000000 
 -8.10250000   0.00000000   0.00000000   0.00000000 
 -8.03250000   0.00000000   0.00000000   0.00000000 
 -7.96350000   0.00000000   0.00000000   0.00000000 
 -7.89450000   0.00000000   0.00000000   0.00000000 
 -7.82450000   0.00000000   0.00000000   0.00000000 
 -7.75550000   0.00000000   0.00000000   0.00000000 
 -7.68650000   0.00000000   0.00000000   0.00000000 
 -7.61650000   0.00000000   0.00000000   0.00000000 
 -7.54750000   0.00000000   0.00000000   0.00000000 
 -7.47850000   0.00000000   0.00000000   0.00000000 
 -7.40850000   0.00778100   0.00190700   0.01040000 
 -7.33950000   0.01059000   0.00224100   0.00789600 
 -7.27050000   0.01761000   0.00345300   0.00894800 
 -7.20050000   0.06937000   0.00860400   0.02493000 
 -7.13150000   0.08369000   0.01131000   0.02954000 
 -7.06250000   0.09001000   0.01640000   0.03074000 
 -6.99250000   0.10880000   0.02267000   0.03743000 
 -6.92350000   0.20810000   0.05891000   0.08537000 
 -6.85450000   0.10490000   0.03146000   0.05998000 
 -6.78450000   0.26010000   0.04947000   0.14830000 
 -6.71550000   0.07007000   0.03565000   0.04813000 
 -6.64650000   0.06768000   0.05698000   0.11550000 
 -6.57650000   0.07582000   0.06499000   0.14140000 
 -6.50750000   0.04205000   0.02816000   0.06006000 
 -6.43850000   0.18120000   0.15650000   0.30830000 
 -6.36850000   0.02443000   0.01071000   0.01731000 
 -6.29950000   0.07556000   0.03892000   0.07322000 
 -6.23050000   0.17010000   0.08643000   0.25760000 
 -6.16050000   0.05097000   0.02604000   0.08150000 
 -6.09150000   0.21690000   0.10830000   0.35010000 
 -6.02250000   0.07502000   0.04481000   0.13340000 
 -5.95250000   0.09804000   0.06168000   0.19740000 
 -5.88350000   0.07487000   0.06392000   0.23260000 
 -5.81450000   0.08811000   0.06662000   0.32970000 
 -5.74450000   0.01695000   0.04624000   0.14970000 
 -5.67550000   0.01329000   0.01803000   0.04218000 
 -5.60650000   0.08019000   0.05583000   0.28570000 
 -5.53650000   0.11500000   0.06888000   0.30070000 
 -5.46750000   0.08149000   0.06487000   0.25130000 
 -5.39850000   0.04870000   0.02618000   0.11690000 
 -5.32850000   0.06601000   0.03601000   0.34790000 
 -5.25950000   0.07517000   0.03316000   0.20750000 
 -5.19050000   0.05179000   0.06798000   0.32540000 
 -5.12050000   0.05826000   0.05006000   0.35410000 
 -5.05150000   0.08550000   0.03800000   0.60960000 
 -4.98250000   0.10280000   0.07880000   0.56020000 
 -4.91250000   0.06885000   0.06208000   0.46430000 
 -4.84350000   0.05610000   0.08240000   0.57000000 
 -4.77350000   0.05875000   0.07476000   0.61770000 
 -4.70450000   0.07979000   0.10280000   1.03600000 
 -4.63550000   0.04714000   0.05900000   0.52530000 
 -4.56550000   0.08142000   0.05339000   0.72040000 
 -4.49650000   0.02460000   0.02205000   0.26880000 
 -4.42750000   0.12070000   0.12810000   1.06800000 
 -4.35750000   0.06117000   0.12910000   1.30500000 
 -4.28850000   0.05146000   0.09249000   1.02600000 
 -4.21950000   0.04347000   0.07760000   0.83100000 
 -4.14950000   0.03321000   0.09742000   1.10400000 
 -4.08050000   0.01819000   0.09782000   0.81260000 
 -4.01150000   0.04109000   0.10040000   1.23300000 
 -3.94150000   0.08116000   0.14670000   1.83400000 
 -3.87250000   0.06694000   0.10140000   0.91740000 
 -3.80350000   0.03326000   0.15330000   1.25000000 
 -3.73350000   0.02539000   0.13990000   0.75940000 
 -3.66450000   0.03411000   0.12800000   1.12600000 
 -3.59550000   0.01705000   0.06582000   0.65440000 
 -3.52550000   0.01585000   0.06660000   0.58920000 
 -3.45650000   0.02628000   0.08399000   0.75210000 
 -3.38750000   0.00896800   0.04518000   0.37880000 
 -3.31750000   0.02025000   0.07165000   1.03500000 
 -3.24850000   0.03084000   0.15240000   2.13100000 
 -3.17950000   0.02528000   0.12970000   2.14600000 
 -3.10950000   0.03003000   0.11030000   2.02200000 
 -3.04050000   0.02042000   0.17900000   2.42600000 
 -2.97150000   0.03212000   0.13020000   2.51800000 
 -2.90150000   0.02885000   0.07870000   1.57600000 
 -2.83250000   0.00715200   0.02048000   0.71150000 
 -2.76350000   0.01407000   0.08036000   1.96400000 
 -2.69350000   0.01924000   0.04055000   2.02900000 
 -2.62450000   0.04503000   0.06624000   3.59700000 
 -2.55550000   0.01749000   0.12300000   3.44800000 
 -2.48550000   0.01214000   0.05756000   3.02300000 
 -2.41650000   0.00870200   0.05997000   2.94500000 
 -2.34750000   0.01371000   0.05804000   3.34400000 
 -2.27750000   0.00609000   0.03538000   2.34400000 
 -2.20850000   0.02628000   0.09334000   5.50200000 
 -2.13950000   0.02001000   0.07582000   4.81500000 
 -2.06950000   0.00822300   0.03236000   1.76000000 
 -2.00050000   0.01354000   0.09239000   5.47400000 
 -1.93150000   0.00329300   0.03544000   1.87700000 
 -1.86150000   0.02475000   0.08585000   4.14400000 
 -1.79250000   0.00736300   0.03465000   2.48300000 
 -1.72350000   0.00776200   0.04950000   1.76900000 
 -1.65350000   0.01653000   0.06132000   2.77000000 
 -1.58450000   0.02404000   0.06653000   2.58900000 
 -1.51550000   0.03303000   0.04363000   1.44500000 
 -1.44550000   0.04503000   0.06840000   2.18400000 
 -1.37650000   0.06115000   0.06080000   2.37600000 
 -1.30750000   0.05835000   0.10040000   2.72900000 
 -1.23750000   0.01248000   0.04799000   0.63650000 
 -1.16850000   0.01840000   0.04667000   1.22700000 
 -1.09950000   0.00884800   0.04436000   0.67350000 
 -1.02950000   0.00555400   0.03926000   0.41850000 
 -0.96050000   0.02736000   0.07111000   0.92870000 
 -0.89150000   0.01878000   0.05443000   1.03600000 
 -0.82150000   0.01220000   0.05786000   0.54930000 
 -0.75250000   0.02035000   0.06129000   0.63100000 
 -0.68350000   0.02345000   0.13020000   1.52600000 
 -0.61350000   0.03047000   0.09870000   1.21600000 
 -0.54450000   0.02486000   0.12990000   1.35400000 
 -0.47450000   0.00945800   0.09997000   0.67960000 
 -0.40550000   0.00390100   0.04673000   0.33150000 
 -0.33650000   0.00611100   0.04173000   0.27040000 
 -0.26650000   0.02170000   0.08348000   0.58750000 
 -0.19750000   0.01229000   0.07663000   0.69230000 
 -0.12850000   0.00845400   0.04820000   0.35430000 
 -0.05850000   0.00791600   0.04651000   0.27740000 
  0.01050000   0.01661000   0.07090000   0.49230000 
  0.07950000   0.00960900   0.02841000   0.34790000 
  0.14950000   0.00822600   0.02036000   0.27870000 
  0.21850000   0.00777600   0.02497000   0.29680000 
  0.28750000   0.01629000   0.03925000   0.46000000 
  0.35750000   0.02571000   0.04843000   0.67620000 
  0.42650000   0.01632000   0.03460000   0.45410000 
  0.49550000   0.01688000   0.03438000   0.36040000 
  0.56550000   0.01748000   0.04280000   0.46820000 
  0.63450000   0.01742000   0.03817000   0.46390000 
  0.70350000   0.02322000   0.05125000   0.52020000 
  0.77350000   0.03895000   0.06771000   0.75880000 
  0.84250000   0.01769000   0.06870000   0.54000000 
  0.91150000   0.01953000   0.05882000   0.42180000 
  0.98150000   0.01394000   0.04311000   0.31570000 
  1.05050000   0.01261000   0.04187000   0.29520000 
  1.11950000   0.01306000   0.03552000   0.27310000 
  1.18950000   0.01609000   0.03383000   0.21220000 
  1.25850000   0.01632000   0.04369000   0.27470000 
  1.32750000   0.02840000   0.06895000   0.40600000 
  1.39750000   0.01802000   0.03930000   0.23690000 
  1.46650000   0.01873000   0.04157000   0.22190000 
  1.53550000   0.02060000   0.03739000   0.20980000 
  1.60550000   0.03130000   0.04689000   0.25430000 
  1.67450000   0.04183000   0.08098000   0.40840000 
  1.74350000   0.02536000   0.04933000   0.29880000 
  1.81350000   0.01879000   0.04631000   0.27520000 
  1.88250000   0.01945000   0.04473000   0.28190000 
  1.95150000   0.01255000   0.03184000   0.25210000 
  2.02150000   0.01541000   0.06151000   0.33160000 
  2.09050000   0.01595000   0.05472000   0.41210000 
  2.15950000   0.01228000   0.05555000   0.42040000 
  2.22950000   0.01651000   0.04616000   0.42650000 
  2.29850000   0.00831900   0.02178000   0.19480000 
  2.36750000   0.01447000   0.03266000   0.22050000 
  2.43750000   0.01755000   0.04762000   0.22240000 
  2.50650000   0.00845700   0.02330000   0.11620000 
  2.57550000   0.00957100   0.02194000   0.12700000 
  2.64550000   0.01891000   0.02676000   0.17530000 
  2.71450000   0.01393000   0.02839000   0.16280000 
  2.78350000   0.03580000   0.06253000   0.32730000 
  2.85350000   0.01384000   0.02721000   0.14180000 
  2.92250000   0.01207000   0.02041000   0.14200000 
  2.99150000   0.01662000   0.02777000   0.18660000 
  3.06150000   0.01754000   0.03104000   0.16320000 
  3.13050000   0.00736900   0.04345000   0.14250000 
  3.19950000   0.00923000   0.02946000   0.17930000 
  3.26950000   0.01193000   0.03237000   0.20000000 
  3.33850000   0.01587000   0.03718000   0.28270000 
  3.40750000   0.01041000   0.02954000   0.19260000 
  3.47750000   0.00826200   0.02002000   0.14090000 
  3.54650000   0.00832100   0.01628000   0.11160000 
  3.61550000   0.01021000   0.01854000   0.14850000 
  3.68550000   0.00532600   0.00870100   0.05924000 
  3.75450000   0.00387000   0.00583100   0.03343000 
  3.82450000   0.00339400   0.00377200   0.01354000 
  3.89350000   0.00437400   0.00495600   0.01705000 
  3.96250000   0.00496900   0.00589800   0.01915000 
  4.03250000   0.00511000   0.00607200   0.01826000 
  4.10150000   0.00585300   0.00728300   0.02035000 
  4.17050000   0.00406800   0.00442300   0.01249000 
  4.24050000   0.00159600   0.00172200   0.00627500 
  4.30950000   0.00066600   0.00076380   0.00279700 
  4.37850000   0.00000000   0.00000000   0.00000000 
  4.44850000   0.00000000   0.00000000   0.00000000 
  4.51750000   0.00000000   0.00000000   0.00000000 
  4.58650000   0.00000000   0.00000000   0.00000000 
  4.65650000   0.00000000   0.00000000   0.00000000 
  4.72550000   0.00000000   0.00000000   0.00000000 
  4.79450000   0.00000000   0.00000000   0.00000000 
  4.86450000   0.00000000   0.00000000   0.00000000 
  4.93350000   0.00000000   0.00000000   0.00000000 
  5.00250000   0.00000000   0.00000000   0.00000000 
  5.07250000   0.00000000   0.00000000   0.00000000 
  5.14150000   0.00000000   0.00000000   0.00000000 
  5.21050000   0.00000000   0.00000000   0.00000000 
  5.28050000   0.00000000   0.00000000   0.00000000 
  5.34950000   0.00000000   0.00000000   0.00000000 
