-15.45250000   0.00000000   0.00000000   0.00000000 
-15.38250000   0.00000000   0.00000000   0.00000000 
-15.31350000   0.00000000   0.00000000   0.00000000 
-15.24450000   0.00000000   0.00000000   0.00000000 
-15.17450000   0.00000000   0.00000000   0.00000000 
-15.10550000   0.00000000   0.00000000   0.00000000 
-15.03650000   0.00000000   0.00000000   0.00000000 
-14.96650000   0.00000000   0.00000000   0.00000000 
-14.89750000   0.00000000   0.00000000   0.00000000 
-14.82850000   0.00000000   0.00000000   0.00000000 
-14.75850000   0.00000000   0.00000000   0.00000000 
-14.68950000   0.00000000   0.00000000   0.00000000 
-14.62050000   0.00000000   0.00000000   0.00000000 
-14.55050000   0.00000000   0.00000000   0.00000000 
-14.48150000   0.00000000   0.00000000   0.00000000 
-14.41250000   0.01011000   0.00053760   0.00018770 
-14.34250000   0.01240000   0.00083580   0.00026750 
-14.27350000   0.01069000   0.00096130   0.00028840 
-14.20450000   0.01001000   0.00112200   0.00032380 
-14.13450000   0.01076000   0.00134600   0.00040170 
-14.06550000   0.01092000   0.00133800   0.00041810 
-13.99650000   0.01066000   0.00143800   0.00044190 
-13.92650000   0.01060000   0.00153100   0.00046000 
-13.85750000   0.05511000   0.00261600   0.00171700 
-13.78850000   0.02282000   0.00218800   0.00083650 
-13.71850000   0.04381000   0.00344400   0.00156800 
-13.64950000   0.05615000   0.00748800   0.00272700 
-13.58050000   0.06145000   0.00992400   0.00340000 
-13.51050000   0.02902000   0.00382100   0.00164900 
-13.44150000   0.03861000   0.00591900   0.00238200 
-13.37250000   0.04272000   0.00732100   0.00290500 
-13.30250000   0.04189000   0.00708700   0.00295200 
-13.23350000   0.04961000   0.00858700   0.00386100 
-13.16350000   0.04133000   0.01007000   0.00430700 
-13.09450000   0.04186000   0.01099000   0.00364900 
-13.02550000   0.04634000   0.02781000   0.00742800 
-12.95550000   0.02685000   0.01760000   0.00607900 
-12.88650000   0.03480000   0.01992000   0.00756900 
-12.81750000   0.03077000   0.02587000   0.00947900 
-12.74750000   0.04137000   0.04664000   0.01405000 
-12.67850000   0.07540000   0.06365000   0.02353000 
-12.60950000   0.02663000   0.02966000   0.01273000 
-12.53950000   0.05408000   0.04998000   0.02432000 
-12.47050000   0.03091000   0.04559000   0.01800000 
-12.40150000   0.02539000   0.06175000   0.03700000 
-12.33150000   0.03219000   0.06688000   0.03039000 
-12.26250000   0.02186000   0.05517000   0.03048000 
-12.19350000   0.01688000   0.04752000   0.02527000 
-12.12350000   0.01289000   0.03804000   0.01982000 
-12.05450000   0.00840500   0.00976000   0.01274000 
-11.98550000   0.00701800   0.00789300   0.01175000 
-11.91550000   0.00427400   0.00703600   0.00994700 
-11.84650000   0.00357300   0.00629800   0.01038000 
-11.77750000   0.00339700   0.00773500   0.01549000 
-11.70750000   0.00161900   0.00453300   0.00956400 
-11.63850000   0.00000000   0.00000000   0.00000000 
-11.56950000   0.00681200   0.00031520   0.00239600 
-11.49950000   0.01383000   0.00130100   0.00528200 
-11.43050000   0.01058000   0.00197100   0.00459700 
-11.36150000   0.01228000   0.00296700   0.00627200 
-11.29150000   0.01303000   0.00533400   0.00736800 
-11.22250000   0.01227000   0.00880100   0.00856200 
-11.15350000   0.01672000   0.02001000   0.01457000 
-11.08350000   0.00422600   0.00901100   0.00618000 
-11.01450000   0.00236600   0.00563800   0.00459600 
-10.94550000   0.00862600   0.00633900   0.00842900 
-10.87550000   0.00667100   0.00520300   0.00657700 
-10.80650000   0.00472200   0.00430600   0.00492300 
-10.73750000   0.04345000   0.02486000   0.02577000 
-10.66750000   0.03274000   0.02220000   0.02379000 
-10.59850000   0.03673000   0.02519000   0.02667000 
-10.52950000   0.04326000   0.03387000   0.03632000 
-10.45950000   0.04414000   0.03972000   0.04246000 
-10.39050000   0.06809000   0.04795000   0.05621000 
-10.32150000   0.05987000   0.05066000   0.06147000 
-10.25150000   0.05487000   0.05823000   0.08224000 
-10.18250000   0.02070000   0.04804000   0.06440000 
-10.11350000   0.06174000   0.06284000   0.07382000 
-10.04350000   0.02401000   0.03471000   0.04299000 
 -9.97450000   0.06806000   0.08463000   0.08278000 
 -9.90550000   0.03403000   0.04336000   0.05136000 
 -9.83550000   0.02739000   0.04060000   0.04773000 
 -9.76650000   0.02479000   0.06258000   0.06580000 
 -9.69750000   0.01166000   0.01701000   0.02068000 
 -9.62750000   0.02091000   0.02235000   0.03693000 
 -9.55850000   0.02117000   0.01704000   0.04691000 
 -9.48950000   0.01411000   0.01627000   0.03881000 
 -9.41950000   0.01068000   0.01985000   0.02893000 
 -9.35050000   0.00776300   0.01455000   0.01462000 
 -9.28150000   0.00000000   0.00000000   0.00000000 
 -9.21150000   0.00000000   0.00000000   0.00000000 
 -9.14250000   0.00000000   0.00000000   0.00000000 
 -9.07250000   0.00000000   0.00000000   0.00000000 
 -9.00350000   0.00000000   0.00000000   0.00000000 
 -8.93450000   0.00000000   0.00000000   0.00000000 
 -8.86450000   0.00000000   0.00000000   0.00000000 
 -8.79550000   0.00000000   0.00000000   0.00000000 
 -8.72650000   0.00000000   0.00000000   0.00000000 
 -8.65650000   0.00000000   0.00000000   0.00000000 
 -8.58750000   0.00000000   0.00000000   0.00000000 
 -8.51850000   0.00000000   0.00000000   0.00000000 
 -8.44850000   0.00000000   0.00000000   0.00000000 
 -8.37950000   0.00000000   0.00000000   0.00000000 
 -8.31050000   0.00000000   0.00000000   0.00000000 
 -8.24050000   0.00000000   0.00000000   0.00000000 
 -8.17150000   0.00000000   0.00000000   0.00000000 
 -8.10250000   0.00000000   0.00000000   0.00000000 
 -8.03250000   0.00000000   0.00000000   0.00000000 
 -7.96350000   0.00000000   0.00000000   0.00000000 
 -7.89450000   0.00000000   0.00000000   0.00000000 
 -7.82450000   0.00000000   0.00000000   0.00000000 
 -7.75550000   0.00000000   0.00000000   0.00000000 
 -7.68650000   0.00000000   0.00000000   0.00000000 
 -7.61650000   0.00000000   0.00000000   0.00000000 
 -7.54750000   0.00000000   0.00000000   0.00000000 
 -7.47850000   0.00000000   0.00000000   0.00000000 
 -7.40850000   0.00595600   0.00212200   0.00969100 
 -7.33950000   0.00977600   0.00243400   0.00794600 
 -7.27050000   0.01808000   0.00343300   0.00947000 
 -7.20050000   0.07103000   0.00835200   0.02502000 
 -7.13150000   0.08315000   0.01112000   0.02976000 
 -7.06250000   0.08376000   0.01585000   0.03185000 
 -6.99250000   0.09770000   0.02163000   0.03924000 
 -6.92350000   0.20030000   0.06156000   0.09374000 
 -6.85450000   0.12800000   0.03830000   0.04837000 
 -6.78450000   0.27650000   0.04883000   0.14740000 
 -6.71550000   0.07802000   0.03455000   0.04477000 
 -6.64650000   0.05302000   0.05692000   0.10820000 
 -6.57650000   0.07707000   0.06313000   0.14140000 
 -6.50750000   0.03800000   0.02965000   0.06247000 
 -6.43850000   0.19150000   0.15830000   0.31900000 
 -6.36850000   0.02470000   0.00870900   0.01896000 
 -6.29950000   0.06967000   0.03884000   0.07987000 
 -6.23050000   0.17730000   0.09964000   0.24010000 
 -6.16050000   0.05807000   0.02386000   0.07760000 
 -6.09150000   0.22560000   0.10550000   0.38240000 
 -6.02250000   0.06079000   0.04549000   0.13620000 
 -5.95250000   0.10070000   0.06262000   0.20610000 
 -5.88350000   0.07423000   0.06188000   0.22810000 
 -5.81450000   0.09973000   0.06317000   0.32640000 
 -5.74450000   0.07247000   0.04524000   0.11650000 
 -5.67550000   0.01236000   0.01852000   0.04246000 
 -5.60650000   0.08161000   0.05851000   0.29460000 
 -5.53650000   0.10840000   0.06725000   0.30520000 
 -5.46750000   0.08069000   0.06785000   0.27080000 
 -5.39850000   0.03913000   0.02512000   0.12370000 
 -5.32850000   0.06787000   0.03628000   0.35520000 
 -5.25950000   0.05743000   0.03452000   0.20860000 
 -5.19050000   0.05961000   0.06314000   0.33690000 
 -5.12050000   0.07253000   0.04962000   0.34900000 
 -5.05150000   0.08219000   0.04217000   0.61740000 
 -4.98250000   0.11070000   0.08080000   0.51880000 
 -4.91250000   0.06269000   0.06137000   0.47330000 
 -4.84350000   0.05427000   0.07872000   0.57020000 
 -4.77350000   0.06797000   0.07723000   0.61830000 
 -4.70450000   0.09404000   0.10310000   0.98170000 
 -4.63550000   0.04026000   0.06119000   0.50660000 
 -4.56550000   0.07945000   0.04851000   0.71430000 
 -4.49650000   0.02506000   0.02372000   0.31180000 
 -4.42750000   0.09679000   0.13700000   1.10100000 
 -4.35750000   0.05480000   0.13110000   1.30000000 
 -4.28850000   0.04627000   0.09779000   0.98870000 
 -4.21950000   0.04801000   0.07510000   0.80280000 
 -4.14950000   0.03923000   0.09244000   1.07700000 
 -4.08050000   0.01896000   0.09409000   0.88110000 
 -4.01150000   0.04096000   0.10610000   1.19300000 
 -3.94150000   0.06841000   0.14140000   1.82900000 
 -3.87250000   0.04544000   0.09787000   0.78250000 
 -3.80350000   0.03223000   0.15430000   1.31400000 
 -3.73350000   0.02655000   0.14440000   0.75240000 
 -3.66450000   0.03384000   0.13170000   1.14600000 
 -3.59550000   0.01631000   0.06844000   0.61990000 
 -3.52550000   0.01410000   0.06229000   0.55830000 
 -3.45650000   0.02535000   0.08166000   0.72220000 
 -3.38750000   0.00784500   0.04642000   0.39120000 
 -3.31750000   0.01839000   0.07439000   1.11600000 
 -3.24850000   0.02421000   0.12010000   2.03900000 
 -3.17950000   0.02449000   0.13390000   1.95900000 
 -3.10950000   0.02349000   0.10570000   1.91300000 
 -3.04050000   0.02075000   0.17970000   2.22800000 
 -2.97150000   0.03151000   0.13310000   2.67400000 
 -2.90150000   0.01933000   0.06812000   1.70900000 
 -2.83250000   0.00802900   0.02210000   0.74920000 
 -2.76350000   0.01908000   0.07184000   1.95000000 
 -2.69350000   0.02022000   0.04302000   2.00000000 
 -2.62450000   0.03744000   0.06747000   3.46400000 
 -2.55550000   0.01550000   0.11990000   3.38300000 
 -2.48550000   0.01254000   0.06035000   3.05100000 
 -2.41650000   0.00828400   0.06145000   2.85200000 
 -2.34750000   0.01385000   0.05675000   3.62400000 
 -2.27750000   0.00592300   0.03551000   2.34600000 
 -2.20850000   0.02567000   0.09435000   5.45500000 
 -2.13950000   0.02301000   0.06924000   4.66200000 
 -2.06950000   0.00649700   0.03343000   1.73400000 
 -2.00050000   0.01282000   0.09958000   5.54200000 
 -1.93150000   0.00298100   0.02784000   1.79200000 
 -1.86150000   0.02529000   0.08518000   4.36500000 
 -1.79250000   0.00609500   0.04508000   2.70600000 
 -1.72350000   0.00760800   0.04652000   1.76600000 
 -1.65350000   0.01636000   0.06522000   2.70500000 
 -1.58450000   0.02499000   0.06399000   2.53600000 
 -1.51550000   0.03231000   0.04566000   1.35400000 
 -1.44550000   0.04811000   0.06625000   2.30500000 
 -1.37650000   0.05992000   0.05999000   2.33000000 
 -1.30750000   0.06109000   0.09512000   2.68200000 
 -1.23750000   0.01655000   0.03280000   0.69940000 
 -1.16850000   0.02497000   0.04693000   1.19800000 
 -1.09950000   0.00889700   0.03969000   0.65140000 
 -1.02950000   0.00615700   0.03988000   0.40340000 
 -0.96050000   0.02896000   0.07054000   0.88760000 
 -0.89150000   0.01819000   0.06270000   1.00900000 
 -0.82150000   0.01158000   0.05198000   0.55750000 
 -0.75250000   0.02505000   0.06010000   0.68720000 
 -0.68350000   0.02755000   0.15140000   1.54300000 
 -0.61350000   0.02972000   0.10010000   1.16000000 
 -0.54450000   0.02406000   0.15120000   1.31300000 
 -0.47450000   0.01033000   0.10280000   0.67850000 
 -0.40550000   0.00379600   0.04913000   0.34310000 
 -0.33650000   0.00391500   0.03962000   0.29150000 
 -0.26650000   0.02302000   0.08034000   0.55660000 
 -0.19750000   0.01290000   0.06890000   0.67580000 
 -0.12850000   0.00599700   0.05525000   0.38790000 
 -0.05850000   0.00834900   0.04533000   0.27350000 
  0.01050000   0.01238000   0.06978000   0.53030000 
  0.07950000   0.01113000   0.02747000   0.32330000 
  0.14950000   0.00895900   0.01991000   0.26250000 
  0.21850000   0.00757100   0.02326000   0.30320000 
  0.28750000   0.01551000   0.04103000   0.49900000 
  0.35750000   0.02422000   0.04912000   0.66730000 
  0.42650000   0.01849000   0.03429000   0.44280000 
  0.49550000   0.01776000   0.03367000   0.35310000 
  0.56550000   0.01701000   0.04304000   0.46080000 
  0.63450000   0.01911000   0.04125000   0.47060000 
  0.70350000   0.02272000   0.05144000   0.54840000 
  0.77350000   0.03066000   0.07092000   0.76700000 
  0.84250000   0.02438000   0.06484000   0.54600000 
  0.91150000   0.01666000   0.06138000   0.42000000 
  0.98150000   0.01321000   0.04103000   0.30240000 
  1.05050000   0.01177000   0.04275000   0.26970000 
  1.11950000   0.01256000   0.03575000   0.29210000 
  1.18950000   0.01607000   0.03330000   0.20990000 
  1.25850000   0.01561000   0.04485000   0.28100000 
  1.32750000   0.03211000   0.06972000   0.40920000 
  1.39750000   0.01513000   0.03910000   0.23510000 
  1.46650000   0.01855000   0.04233000   0.22180000 
  1.53550000   0.02030000   0.03833000   0.21190000 
  1.60550000   0.03159000   0.04491000   0.25430000 
  1.67450000   0.04638000   0.06983000   0.40470000 
  1.74350000   0.02183000   0.05118000   0.30080000 
  1.81350000   0.01979000   0.04806000   0.29860000 
  1.88250000   0.02078000   0.03502000   0.28250000 
  1.95150000   0.01117000   0.03407000   0.25620000 
  2.02150000   0.01623000   0.05579000   0.33740000 
  2.09050000   0.01588000   0.05946000   0.39450000 
  2.15950000   0.01291000   0.05631000   0.42890000 
  2.22950000   0.01694000   0.04780000   0.42280000 
  2.29850000   0.00828600   0.02315000   0.18060000 
  2.36750000   0.01291000   0.03865000   0.22580000 
  2.43750000   0.01778000   0.03651000   0.22490000 
  2.50650000   0.00907800   0.02447000   0.11000000 
  2.57550000   0.01164000   0.02134000   0.12160000 
  2.64550000   0.02603000   0.03375000   0.16910000 
  2.71450000   0.01356000   0.02583000   0.15770000 
  2.78350000   0.02864000   0.06590000   0.31210000 
  2.85350000   0.01694000   0.02387000   0.14650000 
  2.92250000   0.01284000   0.02030000   0.14480000 
  2.99150000   0.01651000   0.02836000   0.21670000 
  3.06150000   0.01622000   0.03257000   0.15080000 
  3.13050000   0.00888300   0.03968000   0.13940000 
  3.19950000   0.00897100   0.03013000   0.16420000 
  3.26950000   0.01302000   0.03099000   0.22400000 
  3.33850000   0.01661000   0.03528000   0.27320000 
  3.40750000   0.01011000   0.02846000   0.15850000 
  3.47750000   0.00865900   0.01996000   0.13670000 
  3.54650000   0.00626000   0.01792000   0.11620000 
  3.61550000   0.00743800   0.01860000   0.15150000 
  3.68550000   0.00622700   0.00903800   0.05598000 
  3.75450000   0.00557000   0.00595500   0.04101000 
  3.82450000   0.00413400   0.00431000   0.01656000 
  3.89350000   0.00525500   0.00600000   0.02019000 
  3.96250000   0.00616100   0.00722700   0.02202000 
  4.03250000   0.00666000   0.00711600   0.02007000 
  4.10150000   0.00789800   0.00772000   0.02060000 
  4.17050000   0.00455600   0.00455600   0.01190000 
  4.24050000   0.00186500   0.00223600   0.00486500 
  4.30950000   0.00077010   0.00092410   0.00210300 
  4.37850000   0.00000000   0.00000000   0.00000000 
  4.44850000   0.00000000   0.00000000   0.00000000 
  4.51750000   0.00000000   0.00000000   0.00000000 
  4.58650000   0.00000000   0.00000000   0.00000000 
  4.65650000   0.00000000   0.00000000   0.00000000 
  4.72550000   0.00000000   0.00000000   0.00000000 
  4.79450000   0.00000000   0.00000000   0.00000000 
  4.86450000   0.00000000   0.00000000   0.00000000 
  4.93350000   0.00000000   0.00000000   0.00000000 
  5.00250000   0.00000000   0.00000000   0.00000000 
  5.07250000   0.00000000   0.00000000   0.00000000 
  5.14150000   0.00000000   0.00000000   0.00000000 
  5.21050000   0.00000000   0.00000000   0.00000000 
  5.28050000   0.00000000   0.00000000   0.00000000 
  5.34950000   0.00000000   0.00000000   0.00000000 
