-15.45250000   0.00000000   0.00000000   0.00000000 
-15.38250000   0.00000000   0.00000000   0.00000000 
-15.31350000   0.00000000   0.00000000   0.00000000 
-15.24450000   0.00000000   0.00000000   0.00000000 
-15.17450000   0.00000000   0.00000000   0.00000000 
-15.10550000   0.00000000   0.00000000   0.00000000 
-15.03650000   0.00000000   0.00000000   0.00000000 
-14.96650000   0.00000000   0.00000000   0.00000000 
-14.89750000   0.00000000   0.00000000   0.00000000 
-14.82850000   0.00000000   0.00000000   0.00000000 
-14.75850000   0.00000000   0.00000000   0.00000000 
-14.68950000   0.00000000   0.00000000   0.00000000 
-14.62050000   0.00000000   0.00000000   0.00000000 
-14.55050000   0.00000000   0.00000000   0.00000000 
-14.48150000   0.00000000   0.00000000   0.00000000 
-14.41250000   0.01011000   0.00053760   0.00018770 
-14.34250000   0.01240000   0.00083580   0.00026750 
-14.27350000   0.01119000   0.00094610   0.00029930 
-14.20450000   0.01142000   0.00107900   0.00035460 
-14.13450000   0.01212000   0.00130600   0.00043140 
-14.06550000   0.00956300   0.00138000   0.00038860 
-13.99650000   0.00960400   0.00147100   0.00041880 
-13.92650000   0.01000000   0.00155100   0.00044640 
-13.85750000   0.05515000   0.00261800   0.00171600 
-13.78850000   0.02305000   0.00218600   0.00083970 
-13.71850000   0.04334000   0.00346900   0.00165400 
-13.64950000   0.05505000   0.00753500   0.00288500 
-13.58050000   0.06094000   0.00992300   0.00338600 
-13.51050000   0.02945000   0.00379000   0.00154300 
-13.44150000   0.03914000   0.00648700   0.00233100 
-13.37250000   0.04298000   0.00740200   0.00287300 
-13.30250000   0.04205000   0.00677800   0.00291900 
-13.23350000   0.04969000   0.00845700   0.00384400 
-13.16350000   0.04135000   0.01003000   0.00430200 
-13.09450000   0.04106000   0.01092000   0.00384100 
-13.02550000   0.04717000   0.02787000   0.00722900 
-12.95550000   0.02682000   0.01755000   0.00607200 
-12.88650000   0.03412000   0.01899000   0.00744400 
-12.81750000   0.03247000   0.02817000   0.00977400 
-12.74750000   0.04137000   0.04664000   0.01405000 
-12.67850000   0.07541000   0.06366000   0.02353000 
-12.60950000   0.02662000   0.02965000   0.01273000 
-12.53950000   0.05395000   0.04977000   0.02432000 
-12.47050000   0.03070000   0.04525000   0.01801000 
-12.40150000   0.02579000   0.06241000   0.03698000 
-12.33150000   0.03200000   0.06660000   0.02949000 
-12.26250000   0.02188000   0.05653000   0.02995000 
-12.19350000   0.01673000   0.04743000   0.02519000 
-12.12350000   0.01221000   0.03685000   0.01971000 
-12.05450000   0.00729500   0.00999900   0.01167000 
-11.98550000   0.00576200   0.00819900   0.01066000 
-11.91550000   0.00612800   0.00684400   0.01192000 
-11.84650000   0.00439200   0.00618700   0.01121000 
-11.77750000   0.00339700   0.00773400   0.01549000 
-11.70750000   0.00161900   0.00453300   0.00956400 
-11.63850000   0.00000000   0.00000000   0.00000000 
-11.56950000   0.00681200   0.00031520   0.00239600 
-11.49950000   0.01383000   0.00130100   0.00528200 
-11.43050000   0.01232000   0.00187700   0.00564900 
-11.36150000   0.01114000   0.00304500   0.00559100 
-11.29150000   0.01194000   0.00540100   0.00671400 
-11.22250000   0.01218000   0.00908200   0.00854500 
-11.15350000   0.01670000   0.02001000   0.01455000 
-11.08350000   0.00422600   0.00901100   0.00618000 
-11.01450000   0.00240300   0.00564100   0.00467000 
-10.94550000   0.00855100   0.00633200   0.00827900 
-10.87550000   0.00645900   0.00518400   0.00615600 
-10.80650000   0.00467500   0.00427000   0.00471400 
-10.73750000   0.04355000   0.02480000   0.02571000 
-10.66750000   0.03268000   0.02224000   0.02383000 
-10.59850000   0.03666000   0.02523000   0.02671000 
-10.52950000   0.04365000   0.03383000   0.03605000 
-10.45950000   0.04408000   0.03973000   0.04255000 
-10.39050000   0.06698000   0.04812000   0.05724000 
-10.32150000   0.06138000   0.04968000   0.06663000 
-10.25150000   0.05390000   0.05886000   0.07896000 
-10.18250000   0.02248000   0.04464000   0.06684000 
-10.11350000   0.05754000   0.06535000   0.07644000 
-10.04350000   0.02439000   0.03511000   0.04273000 
 -9.97450000   0.07115000   0.08582000   0.07779000 
 -9.90550000   0.03198000   0.04295000   0.05222000 
 -9.83550000   0.03183000   0.04118000   0.04803000 
 -9.76650000   0.02465000   0.06251000   0.06574000 
 -9.69750000   0.01161000   0.01699000   0.02067000 
 -9.62750000   0.02078000   0.02226000   0.03714000 
 -9.55850000   0.02144000   0.01720000   0.04662000 
 -9.48950000   0.01411000   0.01627000   0.03881000 
 -9.41950000   0.01068000   0.01985000   0.02893000 
 -9.35050000   0.00776300   0.01455000   0.01462000 
 -9.28150000   0.00000000   0.00000000   0.00000000 
 -9.21150000   0.00000000   0.00000000   0.00000000 
 -9.14250000   0.00000000   0.00000000   0.00000000 
 -9.07250000   0.00000000   0.00000000   0.00000000 
 -9.00350000   0.00000000   0.00000000   0.00000000 
 -8.93450000   0.00000000   0.00000000   0.00000000 
 -8.86450000   0.00000000   0.00000000   0.00000000 
 -8.79550000   0.00000000   0.00000000   0.00000000 
 -8.72650000   0.00000000   0.00000000   0.00000000 
 -8.65650000   0.00000000   0.00000000   0.00000000 
 -8.58750000   0.00000000   0.00000000   0.00000000 
 -8.51850000   0.00000000   0.00000000   0.00000000 
 -8.44850000   0.00000000   0.00000000   0.00000000 
 -8.37950000   0.00000000   0.00000000   0.00000000 
 -8.31050000   0.00000000   0.00000000   0.00000000 
 -8.24050000   0.00000000   0.00000000   0.00000000 
 -8.17150000   0.00000000   0.00000000   0.00000000 
 -8.10250000   0.00000000   0.00000000   0.00000000 
 -8.03250000   0.00000000   0.00000000   0.00000000 
 -7.96350000   0.00000000   0.00000000   0.00000000 
 -7.89450000   0.00000000   0.00000000   0.00000000 
 -7.82450000   0.00000000   0.00000000   0.00000000 
 -7.75550000   0.00000000   0.00000000   0.00000000 
 -7.68650000   0.00000000   0.00000000   0.00000000 
 -7.61650000   0.00000000   0.00000000   0.00000000 
 -7.54750000   0.00000000   0.00000000   0.00000000 
 -7.47850000   0.00000000   0.00000000   0.00000000 
 -7.40850000   0.00934700   0.00181600   0.01050000 
 -7.33950000   0.01048000   0.00237000   0.00811400 
 -7.27050000   0.01655000   0.00357100   0.00910200 
 -7.20050000   0.06965000   0.00847700   0.02469000 
 -7.13150000   0.08305000   0.01107000   0.02977000 
 -7.06250000   0.08558000   0.01542000   0.03245000 
 -6.99250000   0.10090000   0.02087000   0.04029000 
 -6.92350000   0.19760000   0.06097000   0.08978000 
 -6.85450000   0.12470000   0.03905000   0.04735000 
 -6.78450000   0.29140000   0.04914000   0.14270000 
 -6.71550000   0.07802000   0.03455000   0.04477000 
 -6.64650000   0.05301000   0.05897000   0.10760000 
 -6.57650000   0.07536000   0.06153000   0.14200000 
 -6.50750000   0.04135000   0.02925000   0.06235000 
 -6.43850000   0.19190000   0.15830000   0.31520000 
 -6.36850000   0.02470000   0.00870900   0.01896000 
 -6.29950000   0.07274000   0.03811000   0.07975000 
 -6.23050000   0.17410000   0.09987000   0.24030000 
 -6.16050000   0.05778000   0.02392000   0.07741000 
 -6.09150000   0.23020000   0.10220000   0.37930000 
 -6.02250000   0.05996000   0.04586000   0.13890000 
 -5.95250000   0.10110000   0.06344000   0.21200000 
 -5.88350000   0.07316000   0.05961000   0.22110000 
 -5.81450000   0.10300000   0.06397000   0.32140000 
 -5.74450000   0.06421000   0.02852000   0.15850000 
 -5.67550000   0.01101000   0.01595000   0.05122000 
 -5.60650000   0.08155000   0.05875000   0.29320000 
 -5.53650000   0.11110000   0.06679000   0.30420000 
 -5.46750000   0.08018000   0.06790000   0.27110000 
 -5.39850000   0.03915000   0.02525000   0.12390000 
 -5.32850000   0.06881000   0.03686000   0.33010000 
 -5.25950000   0.06583000   0.03406000   0.20990000 
 -5.19050000   0.05704000   0.06325000   0.33750000 
 -5.12050000   0.07090000   0.05061000   0.35730000 
 -5.05150000   0.08494000   0.04004000   0.60180000 
 -4.98250000   0.10740000   0.08136000   0.51420000 
 -4.91250000   0.06559000   0.06003000   0.48120000 
 -4.84350000   0.05394000   0.07960000   0.56900000 
 -4.77350000   0.06916000   0.07729000   0.61790000 
 -4.70450000   0.09315000   0.10360000   0.99010000 
 -4.63550000   0.04217000   0.06260000   0.49190000 
 -4.56550000   0.07947000   0.04828000   0.71340000 
 -4.49650000   0.02506000   0.02371000   0.31180000 
 -4.42750000   0.09582000   0.14090000   1.09800000 
 -4.35750000   0.05250000   0.12320000   1.33800000 
 -4.28850000   0.04491000   0.09779000   0.99110000 
 -4.21950000   0.04801000   0.07492000   0.80520000 
 -4.14950000   0.03858000   0.09299000   1.07400000 
 -4.08050000   0.01853000   0.09275000   0.87220000 
 -4.01150000   0.04136000   0.10580000   1.19500000 
 -3.94150000   0.06992000   0.14220000   1.84600000 
 -3.87250000   0.03892000   0.09631000   0.78520000 
 -3.80350000   0.03388000   0.15230000   1.31800000 
 -3.73350000   0.02714000   0.14140000   0.74390000 
 -3.66450000   0.03430000   0.13440000   1.17100000 
 -3.59550000   0.01652000   0.06682000   0.60860000 
 -3.52550000   0.01424000   0.06165000   0.55410000 
 -3.45650000   0.02611000   0.08237000   0.71980000 
 -3.38750000   0.00782900   0.04645000   0.39320000 
 -3.31750000   0.01869000   0.07360000   1.12000000 
 -3.24850000   0.02628000   0.14050000   2.38400000 
 -3.17950000   0.02433000   0.13370000   2.00200000 
 -3.10950000   0.02209000   0.10380000   1.89500000 
 -3.04050000   0.02073000   0.17950000   2.24300000 
 -2.97150000   0.03094000   0.13290000   2.68200000 
 -2.90150000   0.01985000   0.06881000   1.71200000 
 -2.83250000   0.00816600   0.01952000   0.73420000 
 -2.76350000   0.01951000   0.07144000   1.96600000 
 -2.69350000   0.02055000   0.04304000   2.00800000 
 -2.62450000   0.03853000   0.06774000   3.46300000 
 -2.55550000   0.01569000   0.12440000   3.40800000 
 -2.48550000   0.01251000   0.06040000   3.05400000 
 -2.41650000   0.00808400   0.05983000   2.91900000 
 -2.34750000   0.01377000   0.05591000   3.54400000 
 -2.27750000   0.00592500   0.03561000   2.35100000 
 -2.20850000   0.02467000   0.09480000   5.41900000 
 -2.13950000   0.02333000   0.07404000   4.73100000 
 -2.06950000   0.00647100   0.03254000   1.79300000 
 -2.00050000   0.01232000   0.09884000   5.49300000 
 -1.93150000   0.00278400   0.02787000   1.84100000 
 -1.86150000   0.02463000   0.08587000   4.40000000 
 -1.79250000   0.00602100   0.04352000   2.71600000 
 -1.72350000   0.00870900   0.04625000   1.77600000 
 -1.65350000   0.01620000   0.06376000   2.74300000 
 -1.58450000   0.02532000   0.06526000   2.55100000 
 -1.51550000   0.03215000   0.04953000   1.37300000 
 -1.44550000   0.04845000   0.06527000   2.32500000 
 -1.37650000   0.06118000   0.06559000   2.37100000 
 -1.30750000   0.06139000   0.09739000   2.55100000 
 -1.23750000   0.01642000   0.03163000   0.70350000 
 -1.16850000   0.02464000   0.04685000   1.20600000 
 -1.09950000   0.00964800   0.03927000   0.65100000 
 -1.02950000   0.00612000   0.04016000   0.40890000 
 -0.96050000   0.02896000   0.06873000   0.86050000 
 -0.89150000   0.01827000   0.06251000   1.01300000 
 -0.82150000   0.01183000   0.05200000   0.55170000 
 -0.75250000   0.02632000   0.06084000   0.69170000 
 -0.68350000   0.02664000   0.14690000   1.52300000 
 -0.61350000   0.02973000   0.10030000   1.16000000 
 -0.54450000   0.02425000   0.15300000   1.28700000 
 -0.47450000   0.01026000   0.10220000   0.67450000 
 -0.40550000   0.00399200   0.04888000   0.33600000 
 -0.33650000   0.00390500   0.03807000   0.27160000 
 -0.26650000   0.02335000   0.08145000   0.56780000 
 -0.19750000   0.01388000   0.06908000   0.66710000 
 -0.12850000   0.00559200   0.05577000   0.38920000 
 -0.05850000   0.00863700   0.04565000   0.27620000 
  0.01050000   0.01350000   0.07274000   0.55640000 
  0.07950000   0.01086000   0.02723000   0.32000000 
  0.14950000   0.00936000   0.02072000   0.26080000 
  0.21850000   0.00753200   0.02306000   0.30440000 
  0.28750000   0.01549000   0.03985000   0.51260000 
  0.35750000   0.02506000   0.04861000   0.66690000 
  0.42650000   0.01755000   0.03464000   0.44050000 
  0.49550000   0.01777000   0.03392000   0.35600000 
  0.56550000   0.01728000   0.04389000   0.46440000 
  0.63450000   0.01900000   0.04057000   0.46010000 
  0.70350000   0.02260000   0.05072000   0.53880000 
  0.77350000   0.03056000   0.07144000   0.76840000 
  0.84250000   0.02412000   0.06570000   0.54370000 
  0.91150000   0.01624000   0.06260000   0.41490000 
  0.98150000   0.01355000   0.04370000   0.29580000 
  1.05050000   0.01158000   0.04020000   0.27070000 
  1.11950000   0.01227000   0.03725000   0.29840000 
  1.18950000   0.01646000   0.03286000   0.20720000 
  1.25850000   0.01596000   0.04438000   0.27830000 
  1.32750000   0.03201000   0.06966000   0.40940000 
  1.39750000   0.01538000   0.03932000   0.23450000 
  1.46650000   0.01861000   0.04248000   0.22170000 
  1.53550000   0.02127000   0.03847000   0.21120000 
  1.60550000   0.03022000   0.04472000   0.25450000 
  1.67450000   0.04906000   0.06861000   0.40000000 
  1.74350000   0.02122000   0.05219000   0.30280000 
  1.81350000   0.01977000   0.04803000   0.29730000 
  1.88250000   0.02058000   0.03461000   0.28550000 
  1.95150000   0.01169000   0.03450000   0.25610000 
  2.02150000   0.01640000   0.05737000   0.34030000 
  2.09050000   0.01607000   0.05945000   0.39310000 
  2.15950000   0.01260000   0.05687000   0.43330000 
  2.22950000   0.01691000   0.04782000   0.42310000 
  2.29850000   0.00853900   0.02108000   0.18340000 
  2.36750000   0.01276000   0.03566000   0.23650000 
  2.43750000   0.01782000   0.03619000   0.22010000 
  2.50650000   0.00921200   0.02501000   0.10710000 
  2.57550000   0.01188000   0.02163000   0.12200000 
  2.64550000   0.02491000   0.03351000   0.16660000 
  2.71450000   0.01400000   0.02509000   0.15100000 
  2.78350000   0.02604000   0.06700000   0.34150000 
  2.85350000   0.01826000   0.02422000   0.14730000 
  2.92250000   0.01256000   0.02008000   0.14310000 
  2.99150000   0.01210000   0.02720000   0.19080000 
  3.06150000   0.01893000   0.03341000   0.16890000 
  3.13050000   0.00465400   0.03354000   0.15780000 
  3.19950000   0.01090000   0.03196000   0.15850000 
  3.26950000   0.01456000   0.03268000   0.23270000 
  3.33850000   0.01357000   0.03161000   0.22270000 
  3.40750000   0.01450000   0.03265000   0.18290000 
  3.47750000   0.00913500   0.01784000   0.13830000 
  3.54650000   0.00645000   0.01628000   0.10370000 
  3.61550000   0.01317000   0.02244000   0.14560000 
  3.68550000   0.00683000   0.00836900   0.06262000 
  3.75450000   0.00639900   0.00677300   0.04197000 
  3.82450000   0.00439400   0.00424000   0.01690000 
  3.89350000   0.00574000   0.00541300   0.02058000 
  3.96250000   0.00671000   0.00618600   0.02174000 
  4.03250000   0.00705300   0.00622700   0.01943000 
  4.10150000   0.00793800   0.00667400   0.01910000 
  4.17050000   0.00455000   0.00435800   0.01218000 
  4.24050000   0.00274900   0.00237300   0.00633300 
  4.30950000   0.00130500   0.00113300   0.00282800 
  4.37850000   0.00000000   0.00000000   0.00000000 
  4.44850000   0.00000000   0.00000000   0.00000000 
  4.51750000   0.00000000   0.00000000   0.00000000 
  4.58650000   0.00000000   0.00000000   0.00000000 
  4.65650000   0.00000000   0.00000000   0.00000000 
  4.72550000   0.00000000   0.00000000   0.00000000 
  4.79450000   0.00000000   0.00000000   0.00000000 
  4.86450000   0.00000000   0.00000000   0.00000000 
  4.93350000   0.00000000   0.00000000   0.00000000 
  5.00250000   0.00000000   0.00000000   0.00000000 
  5.07250000   0.00000000   0.00000000   0.00000000 
  5.14150000   0.00000000   0.00000000   0.00000000 
  5.21050000   0.00000000   0.00000000   0.00000000 
  5.28050000   0.00000000   0.00000000   0.00000000 
  5.34950000   0.00000000   0.00000000   0.00000000 
