-15.45250000   0.00000000   0.00000000   0.00000000 
-15.38250000   0.00000000   0.00000000   0.00000000 
-15.31350000   0.00000000   0.00000000   0.00000000 
-15.24450000   0.00000000   0.00000000   0.00000000 
-15.17450000   0.00000000   0.00000000   0.00000000 
-15.10550000   0.00000000   0.00000000   0.00000000 
-15.03650000   0.00000000   0.00000000   0.00000000 
-14.96650000   0.00000000   0.00000000   0.00000000 
-14.89750000   0.00000000   0.00000000   0.00000000 
-14.82850000   0.00000000   0.00000000   0.00000000 
-14.75850000   0.00000000   0.00000000   0.00000000 
-14.68950000   0.00000000   0.00000000   0.00000000 
-14.62050000   0.00000000   0.00000000   0.00000000 
-14.55050000   0.00000000   0.00000000   0.00000000 
-14.48150000   0.00000000   0.00000000   0.00000000 
-14.41250000   0.00269700   0.00015980   0.00005558 
-14.34250000   0.00330200   0.00023890   0.00007404 
-14.27350000   0.00297900   0.00026160   0.00007659 
-14.20450000   0.00304400   0.00029460   0.00008685 
-14.13450000   0.00322900   0.00034770   0.00010110 
-14.06550000   0.00236800   0.00037370   0.00008826 
-13.99650000   0.00221500   0.00041680   0.00009649 
-13.92650000   0.00214800   0.00046060   0.00010550 
-13.85750000   0.04148000   0.00153200   0.00144000 
-13.78850000   0.01424000   0.00122200   0.00056110 
-13.71850000   0.03197000   0.00236500   0.00136400 
-13.64950000   0.04655000   0.00393900   0.00205500 
-13.58050000   0.05299000   0.00551700   0.00227700 
-13.51050000   0.02353000   0.00276100   0.00117900 
-13.44150000   0.03176000   0.00465700   0.00171900 
-13.37250000   0.03032000   0.00615900   0.00208000 
-13.30250000   0.02357000   0.00738700   0.00209700 
-13.23350000   0.02623000   0.00920800   0.00266000 
-13.16350000   0.03046000   0.00739600   0.00279400 
-13.09450000   0.02530000   0.01045000   0.00329600 
-13.02550000   0.07841000   0.01700000   0.01103000 
-12.95550000   0.05196000   0.01029000   0.00772800 
-12.88650000   0.05486000   0.01264000   0.00872500 
-12.81750000   0.06040000   0.01921000   0.01105000 
-12.74750000   0.05610000   0.03315000   0.01298000 
-12.67850000   0.07359000   0.03688000   0.01564000 
-12.60950000   0.03363000   0.01920000   0.01068000 
-12.53950000   0.03975000   0.02532000   0.01275000 
-12.47050000   0.03129000   0.02928000   0.01563000 
-12.40150000   0.12520000   0.05781000   0.03293000 
-12.33150000   0.06740000   0.08996000   0.04508000 
-12.26250000   0.04432000   0.06969000   0.03524000 
-12.19350000   0.03505000   0.06377000   0.03122000 
-12.12350000   0.02592000   0.05971000   0.02902000 
-12.05450000   0.01403000   0.02910000   0.01737000 
-11.98550000   0.00988500   0.02367000   0.01424000 
-11.91550000   0.00813200   0.02014000   0.01339000 
-11.84650000   0.00547200   0.01719000   0.01168000 
-11.77750000   0.00337600   0.02001000   0.01421000 
-11.70750000   0.00141500   0.01158000   0.00841900 
-11.63850000   0.00000000   0.00000000   0.00000000 
-11.56950000   0.00007130   0.00254100   0.00066220 
-11.49950000   0.00014880   0.00558200   0.00162800 
-11.43050000   0.00011290   0.00532300   0.00179100 
-11.36150000   0.00014450   0.00555200   0.00227000 
-11.29150000   0.00058420   0.00641400   0.00292100 
-11.22250000   0.00157700   0.00716900   0.00360500 
-11.15350000   0.00662900   0.01007000   0.00540600 
-11.08350000   0.00294700   0.00465700   0.00178000 
-11.01450000   0.00187000   0.00135700   0.00093820 
-10.94550000   0.00328000   0.00197700   0.00340000 
-10.87550000   0.00240800   0.00159800   0.00277400 
-10.80650000   0.00164100   0.00125000   0.00233000 
-10.73750000   0.01358000   0.00836700   0.00734800 
-10.66750000   0.01131000   0.00792000   0.00697300 
-10.59850000   0.01128000   0.00867000   0.00771300 
-10.52950000   0.01266000   0.01165000   0.01023000 
-10.45950000   0.01250000   0.01380000   0.01208000 
-10.39050000   0.01724000   0.01688000   0.01351000 
-10.32150000   0.01752000   0.02052000   0.01505000 
-10.25150000   0.01714000   0.02942000   0.01478000 
-10.18250000   0.01223000   0.02651000   0.00934200 
-10.11350000   0.16050000   0.08306000   0.08521000 
-10.04350000   0.04602000   0.03952000   0.04353000 
 -9.97450000   0.17220000   0.11640000   0.12650000 
 -9.90550000   0.08767000   0.06704000   0.10770000 
 -9.83550000   0.07790000   0.06294000   0.09550000 
 -9.76650000   0.04118000   0.04692000   0.08589000 
 -9.69750000   0.02977000   0.03401000   0.05432000 
 -9.62750000   0.04019000   0.05611000   0.09465000 
 -9.55850000   0.02449000   0.05289000   0.11490000 
 -9.48950000   0.01609000   0.05236000   0.09096000 
 -9.41950000   0.00968100   0.05906000   0.07520000 
 -9.35050000   0.00482200   0.06071000   0.04238000 
 -9.28150000   0.00000000   0.00000000   0.00000000 
 -9.21150000   0.00000000   0.00000000   0.00000000 
 -9.14250000   0.00000000   0.00000000   0.00000000 
 -9.07250000   0.00000000   0.00000000   0.00000000 
 -9.00350000   0.00000000   0.00000000   0.00000000 
 -8.93450000   0.00000000   0.00000000   0.00000000 
 -8.86450000   0.00000000   0.00000000   0.00000000 
 -8.79550000   0.00000000   0.00000000   0.00000000 
 -8.72650000   0.00000000   0.00000000   0.00000000 
 -8.65650000   0.00000000   0.00000000   0.00000000 
 -8.58750000   0.00000000   0.00000000   0.00000000 
 -8.51850000   0.00000000   0.00000000   0.00000000 
 -8.44850000   0.00000000   0.00000000   0.00000000 
 -8.37950000   0.00000000   0.00000000   0.00000000 
 -8.31050000   0.00000000   0.00000000   0.00000000 
 -8.24050000   0.00000000   0.00000000   0.00000000 
 -8.17150000   0.00000000   0.00000000   0.00000000 
 -8.10250000   0.00000000   0.00000000   0.00000000 
 -8.03250000   0.00000000   0.00000000   0.00000000 
 -7.96350000   0.00000000   0.00000000   0.00000000 
 -7.89450000   0.00000000   0.00000000   0.00000000 
 -7.82450000   0.00000000   0.00000000   0.00000000 
 -7.75550000   0.00000000   0.00000000   0.00000000 
 -7.68650000   0.00000000   0.00000000   0.00000000 
 -7.61650000   0.00000000   0.00000000   0.00000000 
 -7.54750000   0.00000000   0.00000000   0.00000000 
 -7.47850000   0.00000000   0.00000000   0.00000000 
 -7.40850000   0.00122200   0.00058290   0.00175300 
 -7.33950000   0.00157300   0.00088200   0.00162100 
 -7.27050000   0.00404000   0.00147600   0.00285500 
 -7.20050000   0.02416000   0.00510700   0.01529000 
 -7.13150000   0.02819000   0.00698300   0.01817000 
 -7.06250000   0.02935000   0.00962300   0.01945000 
 -6.99250000   0.03611000   0.01310000   0.02457000 
 -6.92350000   0.06001000   0.03741000   0.05795000 
 -6.85450000   0.05594000   0.01968000   0.03898000 
 -6.78450000   0.06654000   0.03266000   0.05675000 
 -6.71550000   0.16330000   0.01959000   0.05128000 
 -6.64650000   0.19100000   0.02799000   0.07981000 
 -6.57650000   0.19200000   0.03011000   0.07877000 
 -6.50750000   0.05744000   0.01463000   0.03284000 
 -6.43850000   0.18990000   0.07234000   0.22140000 
 -6.36850000   0.00865800   0.00644100   0.01338000 
 -6.29950000   0.05490000   0.02463000   0.06948000 
 -6.23050000   0.17690000   0.06847000   0.16960000 
 -6.16050000   0.04496000   0.01575000   0.05572000 
 -6.09150000   0.23080000   0.06695000   0.34590000 
 -6.02250000   0.08642000   0.03982000   0.10020000 
 -5.95250000   0.11170000   0.04506000   0.16860000 
 -5.88350000   0.13730000   0.06143000   0.19840000 
 -5.81450000   0.14650000   0.05717000   0.25080000 
 -5.74450000   0.05859000   0.02620000   0.15740000 
 -5.67550000   0.02294000   0.01300000   0.05582000 
 -5.60650000   0.14080000   0.07334000   0.28010000 
 -5.53650000   0.12620000   0.06469000   0.29110000 
 -5.46750000   0.08252000   0.05766000   0.26500000 
 -5.39850000   0.03192000   0.04088000   0.13690000 
 -5.32850000   0.06585000   0.07058000   0.21730000 
 -5.25950000   0.03864000   0.04216000   0.16620000 
 -5.19050000   0.05670000   0.07958000   0.26730000 
 -5.12050000   0.06241000   0.06366000   0.23950000 
 -5.05150000   0.10210000   0.07503000   0.23720000 
 -4.98250000   0.14990000   0.10840000   0.50890000 
 -4.91250000   0.06394000   0.05768000   0.42420000 
 -4.84350000   0.08994000   0.08181000   0.42190000 
 -4.77350000   0.05331000   0.06545000   0.45910000 
 -4.70450000   0.07111000   0.09423000   0.59310000 
 -4.63550000   0.04054000   0.04735000   0.39780000 
 -4.56550000   0.04876000   0.07992000   0.83940000 
 -4.49650000   0.01684000   0.02944000   0.24580000 
 -4.42750000   0.03363000   0.08801000   1.21700000 
 -4.35750000   0.10720000   0.15670000   1.29100000 
 -4.28850000   0.02361000   0.07161000   0.91280000 
 -4.21950000   0.02544000   0.07210000   0.94080000 
 -4.14950000   0.03436000   0.09201000   1.01100000 
 -4.08050000   0.03554000   0.06662000   1.01400000 
 -4.01150000   0.02957000   0.12600000   1.16100000 
 -3.94150000   0.03839000   0.26730000   1.92700000 
 -3.87250000   0.02744000   0.14810000   1.41600000 
 -3.80350000   0.02399000   0.16390000   1.27900000 
 -3.73350000   0.02023000   0.11730000   0.85660000 
 -3.66450000   0.02164000   0.19480000   1.55000000 
 -3.59550000   0.00857200   0.07687000   0.61630000 
 -3.52550000   0.00993500   0.05769000   0.67670000 
 -3.45650000   0.03159000   0.03725000   0.81400000 
 -3.38750000   0.02057000   0.01808000   0.66380000 
 -3.31750000   0.01302000   0.04377000   0.70860000 
 -3.24850000   0.06786000   0.07905000   2.28500000 
 -3.17950000   0.04297000   0.07359000   1.81600000 
 -3.10950000   0.04238000   0.10380000   2.10000000 
 -3.04050000   0.05455000   0.17140000   3.00900000 
 -2.97150000   0.04498000   0.22580000   3.76500000 
 -2.90150000   0.01968000   0.13310000   1.96300000 
 -2.83250000   0.00982300   0.02615000   0.93920000 
 -2.76350000   0.01926000   0.07450000   1.79900000 
 -2.69350000   0.02488000   0.06151000   1.71500000 
 -2.62450000   0.02292000   0.09623000   2.59000000 
 -2.55550000   0.02205000   0.05570000   2.36900000 
 -2.48550000   0.01407000   0.04816000   1.71400000 
 -2.41650000   0.02120000   0.05190000   1.65800000 
 -2.34750000   0.02272000   0.06895000   2.63900000 
 -2.27750000   0.01830000   0.04907000   1.73000000 
 -2.20850000   0.03913000   0.08290000   6.22800000 
 -2.13950000   0.03552000   0.09421000   5.99500000 
 -2.06950000   0.00872200   0.03135000   1.91300000 
 -2.00050000   0.01627000   0.06234000   4.46500000 
 -1.93150000   0.00559800   0.02093000   1.46500000 
 -1.86150000   0.02543000   0.09295000   4.43900000 
 -1.79250000   0.01411000   0.04483000   2.61300000 
 -1.72350000   0.01572000   0.03734000   3.17100000 
 -1.65350000   0.01759000   0.07082000   3.81000000 
 -1.58450000   0.02258000   0.07412000   3.67900000 
 -1.51550000   0.01702000   0.03262000   1.52100000 
 -1.44550000   0.02702000   0.06637000   2.09900000 
 -1.37650000   0.02604000   0.05551000   1.97800000 
 -1.30750000   0.02704000   0.05387000   1.62100000 
 -1.23750000   0.00853400   0.05076000   0.92690000 
 -1.16850000   0.03411000   0.12190000   1.97900000 
 -1.09950000   0.02264000   0.07729000   1.28300000 
 -1.02950000   0.01797000   0.05852000   0.95130000 
 -0.96050000   0.02741000   0.07104000   1.42200000 
 -0.89150000   0.01653000   0.07688000   0.99390000 
 -0.82150000   0.02593000   0.03616000   0.66520000 
 -0.75250000   0.02358000   0.08360000   0.81150000 
 -0.68350000   0.03964000   0.10950000   1.18700000 
 -0.61350000   0.02887000   0.10070000   1.11800000 
 -0.54450000   0.02053000   0.13850000   1.93900000 
 -0.47450000   0.02707000   0.06715000   0.89900000 
 -0.40550000   0.00769300   0.03089000   0.59490000 
 -0.33650000   0.01103000   0.03857000   0.33010000 
 -0.26650000   0.02993000   0.12610000   1.06300000 
 -0.19750000   0.01346000   0.09491000   0.85400000 
 -0.12850000   0.00936700   0.04632000   0.42810000 
 -0.05850000   0.00624700   0.06545000   0.32550000 
  0.01050000   0.01720000   0.09183000   0.60330000 
  0.07950000   0.01073000   0.04286000   0.33290000 
  0.14950000   0.00577300   0.03510000   0.26980000 
  0.21850000   0.00427400   0.02867000   0.25060000 
  0.28750000   0.01355000   0.03180000   0.26310000 
  0.35750000   0.01052000   0.05131000   0.41120000 
  0.42650000   0.00960500   0.03973000   0.31940000 
  0.49550000   0.00926100   0.03593000   0.30370000 
  0.56550000   0.01342000   0.04333000   0.35840000 
  0.63450000   0.01329000   0.03450000   0.31430000 
  0.70350000   0.02149000   0.05870000   0.48960000 
  0.77350000   0.02175000   0.08164000   0.64750000 
  0.84250000   0.01899000   0.06751000   0.56580000 
  0.91150000   0.01321000   0.05010000   0.46540000 
  0.98150000   0.01048000   0.04381000   0.35750000 
  1.05050000   0.01214000   0.03927000   0.36360000 
  1.11950000   0.01238000   0.03755000   0.36940000 
  1.18950000   0.00970600   0.02970000   0.31230000 
  1.25850000   0.01121000   0.04428000   0.38030000 
  1.32750000   0.01498000   0.08429000   0.64310000 
  1.39750000   0.00942600   0.03967000   0.30760000 
  1.46650000   0.00886300   0.03481000   0.36450000 
  1.53550000   0.00768000   0.02669000   0.25690000 
  1.60550000   0.00928500   0.03280000   0.24900000 
  1.67450000   0.02500000   0.05864000   0.48170000 
  1.74350000   0.01552000   0.04442000   0.35910000 
  1.81350000   0.01584000   0.05066000   0.39220000 
  1.88250000   0.01137000   0.03562000   0.32540000 
  1.95150000   0.01153000   0.03166000   0.23130000 
  2.02150000   0.01080000   0.03001000   0.28370000 
  2.09050000   0.01392000   0.05556000   0.39580000 
  2.15950000   0.01532000   0.04679000   0.32030000 
  2.22950000   0.01152000   0.03550000   0.29880000 
  2.29850000   0.00464200   0.02178000   0.17040000 
  2.36750000   0.00921800   0.02089000   0.28940000 
  2.43750000   0.00968100   0.02298000   0.23330000 
  2.50650000   0.00467000   0.01254000   0.11260000 
  2.57550000   0.00643400   0.01260000   0.09097000 
  2.64550000   0.00999300   0.02029000   0.12650000 
  2.71450000   0.00816800   0.01845000   0.10990000 
  2.78350000   0.00850600   0.03583000   0.27420000 
  2.85350000   0.00438000   0.01861000   0.12650000 
  2.92250000   0.00330600   0.01678000   0.13010000 
  2.99150000   0.00523100   0.02511000   0.19760000 
  3.06150000   0.00768700   0.02274000   0.15090000 
  3.13050000   0.00573200   0.01978000   0.14290000 
  3.19950000   0.01448000   0.02401000   0.13620000 
  3.26950000   0.01316000   0.02408000   0.21610000 
  3.33850000   0.01632000   0.02899000   0.21830000 
  3.40750000   0.00672900   0.02672000   0.21750000 
  3.47750000   0.01056000   0.01501000   0.17280000 
  3.54650000   0.01929000   0.01375000   0.10750000 
  3.61550000   0.02878000   0.02230000   0.12200000 
  3.68550000   0.01679000   0.01502000   0.04027000 
  3.75450000   0.01222000   0.01046000   0.02296000 
  3.82450000   0.00477300   0.00627800   0.01220000 
  3.89350000   0.00705500   0.00874200   0.01560000 
  3.96250000   0.00910700   0.01055000   0.01727000 
  4.03250000   0.00927500   0.01079000   0.01620000 
  4.10150000   0.01676000   0.01289000   0.01941000 
  4.17050000   0.01009000   0.00809800   0.01202000 
  4.24050000   0.00378800   0.00448500   0.00484000 
  4.30950000   0.00213500   0.00216200   0.00213400 
  4.37850000   0.00000000   0.00000000   0.00000000 
  4.44850000   0.00000000   0.00000000   0.00000000 
  4.51750000   0.00000000   0.00000000   0.00000000 
  4.58650000   0.00000000   0.00000000   0.00000000 
  4.65650000   0.00000000   0.00000000   0.00000000 
  4.72550000   0.00000000   0.00000000   0.00000000 
  4.79450000   0.00000000   0.00000000   0.00000000 
  4.86450000   0.00000000   0.00000000   0.00000000 
  4.93350000   0.00000000   0.00000000   0.00000000 
  5.00250000   0.00000000   0.00000000   0.00000000 
  5.07250000   0.00000000   0.00000000   0.00000000 
  5.14150000   0.00000000   0.00000000   0.00000000 
  5.21050000   0.00000000   0.00000000   0.00000000 
  5.28050000   0.00000000   0.00000000   0.00000000 
  5.34950000   0.00000000   0.00000000   0.00000000 
