-15.45250000   0.00000000   0.00000000   0.00000000 
-15.38250000   0.00000000   0.00000000   0.00000000 
-15.31350000   0.00000000   0.00000000   0.00000000 
-15.24450000   0.00000000   0.00000000   0.00000000 
-15.17450000   0.00000000   0.00000000   0.00000000 
-15.10550000   0.00000000   0.00000000   0.00000000 
-15.03650000   0.00000000   0.00000000   0.00000000 
-14.96650000   0.00000000   0.00000000   0.00000000 
-14.89750000   0.00000000   0.00000000   0.00000000 
-14.82850000   0.00000000   0.00000000   0.00000000 
-14.75850000   0.00000000   0.00000000   0.00000000 
-14.68950000   0.00000000   0.00000000   0.00000000 
-14.62050000   0.00000000   0.00000000   0.00000000 
-14.55050000   0.00000000   0.00000000   0.00000000 
-14.48150000   0.00000000   0.00000000   0.00000000 
-14.41250000   0.00123100   0.00019410   0.00004442 
-14.34250000   0.00150000   0.00026000   0.00006220 
-14.27350000   0.00134400   0.00026030   0.00006667 
-14.20450000   0.00136700   0.00028290   0.00007586 
-14.13450000   0.00143800   0.00031980   0.00009078 
-14.06550000   0.00110000   0.00028180   0.00008234 
-13.99650000   0.00109100   0.00028980   0.00008469 
-13.92650000   0.00112600   0.00030130   0.00008669 
-13.85750000   0.02728000   0.00381300   0.00142100 
-13.78850000   0.00943200   0.00168700   0.00061160 
-13.71850000   0.02124000   0.00386000   0.00141700 
-13.64950000   0.02904000   0.00617700   0.00236200 
-13.58050000   0.03282000   0.00766300   0.00293200 
-13.51050000   0.01522000   0.00369900   0.00144400 
-13.44150000   0.02085000   0.00558900   0.00214200 
-13.37250000   0.02241000   0.00622600   0.00244700 
-13.30250000   0.02188000   0.00605000   0.00227400 
-13.23350000   0.02556000   0.00732500   0.00282200 
-13.16350000   0.02057000   0.00783400   0.00314100 
-13.09450000   0.02731000   0.00854300   0.00366500 
-13.02550000   0.10040000   0.01612000   0.01057000 
-12.95550000   0.06318000   0.01120000   0.00716200 
-12.88650000   0.06519000   0.01362000   0.00782900 
-12.81750000   0.07882000   0.01830000   0.01129000 
-12.74750000   0.07713000   0.02711000   0.01461000 
-12.67850000   0.07074000   0.03490000   0.01769000 
-12.60950000   0.04502000   0.01830000   0.01004000 
-12.53950000   0.03986000   0.02323000   0.01262000 
-12.47050000   0.06482000   0.02503000   0.01439000 
-12.40150000   0.08364000   0.08243000   0.04082000 
-12.33150000   0.09664000   0.09410000   0.05224000 
-12.26250000   0.04092000   0.07563000   0.04287000 
-12.19350000   0.03235000   0.06899000   0.03940000 
-12.12350000   0.02520000   0.06451000   0.03820000 
-12.05450000   0.01505000   0.03559000   0.02172000 
-11.98550000   0.01058000   0.02903000   0.01792000 
-11.91550000   0.00953400   0.02662000   0.01472000 
-11.84650000   0.00632400   0.02273000   0.01314000 
-11.77750000   0.00383700   0.02679000   0.01619000 
-11.70750000   0.00156100   0.01570000   0.00951300 
-11.63850000   0.00000000   0.00000000   0.00000000 
-11.56950000   0.00324700   0.00030900   0.00088790 
-11.49950000   0.00628300   0.00096860   0.00194800 
-11.43050000   0.00521700   0.00117500   0.00183400 
-11.36150000   0.00461400   0.00157000   0.00202700 
-11.29150000   0.00452100   0.00215600   0.00223500 
-11.22250000   0.00415100   0.00270500   0.00235700 
-11.15350000   0.00451700   0.00434700   0.00309600 
-11.08350000   0.00068830   0.00207700   0.00128700 
-11.01450000   0.00033490   0.00067180   0.00065480 
-10.94550000   0.00193700   0.00087560   0.00129200 
-10.87550000   0.00154000   0.00076400   0.00099680 
-10.80650000   0.00114500   0.00066090   0.00076650 
-10.73750000   0.00588100   0.00349300   0.00230000 
-10.66750000   0.00375400   0.00311800   0.00219300 
-10.59850000   0.00348200   0.00329900   0.00246300 
-10.52950000   0.00300900   0.00435100   0.00343900 
-10.45950000   0.00321900   0.00490600   0.00422600 
-10.39050000   0.00723300   0.00619200   0.00537500 
-10.32150000   0.00908600   0.00574300   0.00683900 
-10.25150000   0.01334000   0.00704100   0.01275000 
-10.18250000   0.00834300   0.00707500   0.01224000 
-10.11350000   0.16070000   0.08742000   0.08545000 
-10.04350000   0.04675000   0.03583000   0.04750000 
 -9.97450000   0.16700000   0.13180000   0.13880000 
 -9.90550000   0.09485000   0.07821000   0.12050000 
 -9.83550000   0.07626000   0.08794000   0.09062000 
 -9.76650000   0.03516000   0.05219000   0.09013000 
 -9.69750000   0.02764000   0.03858000   0.06624000 
 -9.62750000   0.03755000   0.07224000   0.10870000 
 -9.55850000   0.02143000   0.07724000   0.12370000 
 -9.48950000   0.01449000   0.07056000   0.10010000 
 -9.41950000   0.01033000   0.07392000   0.08685000 
 -9.35050000   0.00589600   0.07391000   0.05183000 
 -9.28150000   0.00000000   0.00000000   0.00000000 
 -9.21150000   0.00000000   0.00000000   0.00000000 
 -9.14250000   0.00000000   0.00000000   0.00000000 
 -9.07250000   0.00000000   0.00000000   0.00000000 
 -9.00350000   0.00000000   0.00000000   0.00000000 
 -8.93450000   0.00000000   0.00000000   0.00000000 
 -8.86450000   0.00000000   0.00000000   0.00000000 
 -8.79550000   0.00000000   0.00000000   0.00000000 
 -8.72650000   0.00000000   0.00000000   0.00000000 
 -8.65650000   0.00000000   0.00000000   0.00000000 
 -8.58750000   0.00000000   0.00000000   0.00000000 
 -8.51850000   0.00000000   0.00000000   0.00000000 
 -8.44850000   0.00000000   0.00000000   0.00000000 
 -8.37950000   0.00000000   0.00000000   0.00000000 
 -8.31050000   0.00000000   0.00000000   0.00000000 
 -8.24050000   0.00000000   0.00000000   0.00000000 
 -8.17150000   0.00000000   0.00000000   0.00000000 
 -8.10250000   0.00000000   0.00000000   0.00000000 
 -8.03250000   0.00000000   0.00000000   0.00000000 
 -7.96350000   0.00000000   0.00000000   0.00000000 
 -7.89450000   0.00000000   0.00000000   0.00000000 
 -7.82450000   0.00000000   0.00000000   0.00000000 
 -7.75550000   0.00000000   0.00000000   0.00000000 
 -7.68650000   0.00000000   0.00000000   0.00000000 
 -7.61650000   0.00000000   0.00000000   0.00000000 
 -7.54750000   0.00000000   0.00000000   0.00000000 
 -7.47850000   0.00000000   0.00000000   0.00000000 
 -7.40850000   0.00060270   0.00016080   0.00090090 
 -7.33950000   0.00103800   0.00026130   0.00103500 
 -7.27050000   0.00232000   0.00055270   0.00190000 
 -7.20050000   0.01042000   0.00209400   0.00950000 
 -7.13150000   0.01236000   0.00292900   0.01210000 
 -7.06250000   0.01457000   0.00440600   0.01438000 
 -6.99250000   0.01949000   0.00638500   0.01937000 
 -6.92350000   0.04197000   0.01922000   0.05800000 
 -6.85450000   0.04791000   0.01376000   0.03955000 
 -6.78450000   0.05266000   0.01820000   0.06876000 
 -6.71550000   0.14790000   0.02551000   0.05294000 
 -6.64650000   0.15680000   0.03302000   0.07893000 
 -6.57650000   0.14060000   0.03295000   0.10180000 
 -6.50750000   0.04679000   0.01362000   0.03262000 
 -6.43850000   0.16890000   0.05097000   0.14300000 
 -6.36850000   0.00863700   0.00459400   0.00978600 
 -6.29950000   0.04632000   0.02131000   0.05194000 
 -6.23050000   0.13560000   0.06291000   0.13480000 
 -6.16050000   0.02703000   0.01878000   0.03808000 
 -6.09150000   0.18280000   0.07757000   0.20440000 
 -6.02250000   0.06806000   0.03069000   0.09382000 
 -5.95250000   0.11500000   0.04327000   0.15990000 
 -5.88350000   0.12610000   0.05277000   0.15230000 
 -5.81450000   0.13170000   0.06273000   0.17610000 
 -5.74450000   0.09364000   0.02213000   0.12910000 
 -5.67550000   0.02049000   0.01180000   0.03835000 
 -5.60650000   0.10880000   0.07388000   0.23920000 
 -5.53650000   0.08854000   0.07112000   0.23280000 
 -5.46750000   0.08382000   0.05374000   0.25730000 
 -5.39850000   0.08046000   0.02917000   0.12220000 
 -5.32850000   0.11440000   0.04349000   0.25010000 
 -5.25950000   0.04733000   0.03701000   0.18280000 
 -5.19050000   0.09879000   0.05206000   0.31240000 
 -5.12050000   0.07396000   0.03200000   0.27870000 
 -5.05150000   0.08758000   0.04761000   0.33600000 
 -4.98250000   0.17200000   0.07837000   0.61570000 
 -4.91250000   0.07054000   0.05629000   0.32770000 
 -4.84350000   0.06292000   0.06360000   0.43070000 
 -4.77350000   0.07237000   0.04578000   0.42470000 
 -4.70450000   0.10960000   0.07202000   0.59380000 
 -4.63550000   0.04472000   0.04452000   0.32040000 
 -4.56550000   0.13750000   0.05046000   0.46140000 
 -4.49650000   0.01850000   0.01807000   0.14460000 
 -4.42750000   0.09313000   0.07707000   0.75160000 
 -4.35750000   0.12580000   0.14610000   0.73120000 
 -4.28850000   0.07369000   0.05273000   0.54810000 
 -4.21950000   0.06900000   0.07400000   0.65690000 
 -4.14950000   0.04998000   0.07143000   0.72670000 
 -4.08050000   0.05272000   0.11460000   0.75670000 
 -4.01150000   0.03312000   0.10080000   0.87490000 
 -3.94150000   0.04154000   0.19590000   2.11800000 
 -3.87250000   0.04473000   0.14780000   0.99420000 
 -3.80350000   0.05592000   0.12250000   1.18800000 
 -3.73350000   0.03446000   0.07515000   0.72430000 
 -3.66450000   0.04338000   0.10350000   0.74920000 
 -3.59550000   0.02082000   0.07702000   0.39030000 
 -3.52550000   0.01717000   0.03766000   0.26640000 
 -3.45650000   0.01206000   0.03590000   0.35450000 
 -3.38750000   0.01308000   0.01804000   0.39020000 
 -3.31750000   0.01347000   0.04308000   0.51990000 
 -3.24850000   0.03643000   0.07352000   1.51900000 
 -3.17950000   0.02377000   0.07541000   1.23300000 
 -3.10950000   0.02141000   0.11170000   2.16700000 
 -3.04050000   0.01759000   0.17520000   2.75400000 
 -2.97150000   0.01815000   0.21190000   3.66700000 
 -2.90150000   0.00655800   0.12470000   1.84700000 
 -2.83250000   0.00692400   0.03783000   0.82810000 
 -2.76350000   0.01395000   0.06627000   1.27400000 
 -2.69350000   0.00875500   0.08040000   0.88070000 
 -2.62450000   0.01831000   0.08833000   1.83900000 
 -2.55550000   0.01074000   0.08706000   1.75100000 
 -2.48550000   0.01323000   0.05052000   1.16900000 
 -2.41650000   0.00697300   0.04171000   1.17700000 
 -2.34750000   0.00937300   0.07811000   2.13500000 
 -2.27750000   0.00548700   0.04603000   1.43300000 
 -2.20850000   0.01584000   0.10450000   5.30400000 
 -2.13950000   0.01507000   0.10100000   4.09600000 
 -2.06950000   0.00634700   0.03196000   1.30100000 
 -2.00050000   0.04283000   0.09762000   6.18600000 
 -1.93150000   0.01743000   0.02511000   2.03400000 
 -1.86150000   0.04553000   0.08605000   6.52500000 
 -1.79250000   0.03251000   0.06090000   3.17100000 
 -1.72350000   0.03242000   0.08264000   2.97800000 
 -1.65350000   0.03155000   0.05984000   3.02100000 
 -1.58450000   0.03214000   0.07002000   3.52600000 
 -1.51550000   0.01498000   0.03486000   1.99200000 
 -1.44550000   0.03934000   0.04509000   3.65600000 
 -1.37650000   0.07887000   0.04864000   5.01600000 
 -1.30750000   0.07451000   0.12180000   4.45200000 
 -1.23750000   0.01704000   0.06533000   1.90700000 
 -1.16850000   0.05302000   0.12510000   3.32000000 
 -1.09950000   0.02551000   0.10800000   3.08500000 
 -1.02950000   0.02141000   0.05813000   1.51600000 
 -0.96050000   0.03784000   0.08836000   1.86100000 
 -0.89150000   0.02668000   0.10200000   1.41900000 
 -0.82150000   0.02130000   0.02059000   0.82180000 
 -0.75250000   0.02476000   0.05512000   0.93230000 
 -0.68350000   0.04498000   0.06830000   1.50500000 
 -0.61350000   0.03060000   0.07333000   1.17700000 
 -0.54450000   0.03632000   0.10800000   1.42300000 
 -0.47450000   0.03434000   0.05658000   0.95740000 
 -0.40550000   0.01959000   0.02379000   0.43290000 
 -0.33650000   0.01093000   0.02918000   0.37610000 
 -0.26650000   0.03535000   0.12150000   1.24500000 
 -0.19750000   0.02871000   0.07470000   0.86760000 
 -0.12850000   0.01030000   0.02971000   0.46790000 
 -0.05850000   0.02184000   0.03714000   0.40350000 
  0.01050000   0.02009000   0.07645000   0.88960000 
  0.07950000   0.01348000   0.03323000   0.36110000 
  0.14950000   0.01006000   0.02901000   0.24360000 
  0.21850000   0.01167000   0.02078000   0.20650000 
  0.28750000   0.01705000   0.02979000   0.28010000 
  0.35750000   0.01989000   0.04096000   0.38250000 
  0.42650000   0.01664000   0.03555000   0.28570000 
  0.49550000   0.02058000   0.03278000   0.31230000 
  0.56550000   0.02056000   0.04330000   0.35430000 
  0.63450000   0.01788000   0.04365000   0.24570000 
  0.70350000   0.02745000   0.07223000   0.39250000 
  0.77350000   0.03456000   0.08305000   0.56600000 
  0.84250000   0.02476000   0.06902000   0.42920000 
  0.91150000   0.02737000   0.06444000   0.32320000 
  0.98150000   0.01982000   0.05444000   0.29820000 
  1.05050000   0.01921000   0.05365000   0.30750000 
  1.11950000   0.01730000   0.06075000   0.28980000 
  1.18950000   0.01368000   0.05857000   0.29630000 
  1.25850000   0.01465000   0.08692000   0.35510000 
  1.32750000   0.02401000   0.11460000   0.51600000 
  1.39750000   0.01286000   0.05557000   0.29470000 
  1.46650000   0.01554000   0.08054000   0.33810000 
  1.53550000   0.00872600   0.05804000   0.22330000 
  1.60550000   0.00958900   0.05111000   0.20730000 
  1.67450000   0.01283000   0.08210000   0.46680000 
  1.74350000   0.01321000   0.06341000   0.34740000 
  1.81350000   0.02352000   0.06576000   0.33480000 
  1.88250000   0.02259000   0.06142000   0.27510000 
  1.95150000   0.01563000   0.04698000   0.21410000 
  2.02150000   0.01514000   0.08813000   0.24840000 
  2.09050000   0.01714000   0.08282000   0.35420000 
  2.15950000   0.01398000   0.07140000   0.29200000 
  2.22950000   0.01809000   0.06896000   0.25200000 
  2.29850000   0.00842800   0.05582000   0.15880000 
  2.36750000   0.01028000   0.05478000   0.14200000 
  2.43750000   0.00847100   0.04650000   0.12780000 
  2.50650000   0.00508200   0.02295000   0.06516000 
  2.57550000   0.00547700   0.02248000   0.08091000 
  2.64550000   0.01108000   0.03073000   0.12490000 
  2.71450000   0.00931800   0.03513000   0.09912000 
  2.78350000   0.01665000   0.10060000   0.19140000 
  2.85350000   0.01277000   0.04892000   0.08769000 
  2.92250000   0.02003000   0.03972000   0.06111000 
  2.99150000   0.04488000   0.06617000   0.10610000 
  3.06150000   0.01472000   0.06106000   0.10190000 
  3.13050000   0.01213000   0.05964000   0.11250000 
  3.19950000   0.01169000   0.06446000   0.10010000 
  3.26950000   0.01592000   0.07751000   0.13390000 
  3.33850000   0.01894000   0.07390000   0.15870000 
  3.40750000   0.01322000   0.05655000   0.14060000 
  3.47750000   0.00802200   0.03151000   0.13030000 
  3.54650000   0.00806400   0.03123000   0.15890000 
  3.61550000   0.00818700   0.04122000   0.25910000 
  3.68550000   0.00440200   0.01792000   0.11930000 
  3.75450000   0.00349700   0.01025000   0.06467000 
  3.82450000   0.00398500   0.00615600   0.02818000 
  3.89350000   0.00539000   0.00809800   0.03325000 
  3.96250000   0.00633600   0.00957700   0.03500000 
  4.03250000   0.00660200   0.01012000   0.03159000 
  4.10150000   0.01046000   0.01577000   0.03733000 
  4.17050000   0.00625800   0.01006000   0.02275000 
  4.24050000   0.00175200   0.00321900   0.00780600 
  4.30950000   0.00066150   0.00139700   0.00341100 
  4.37850000   0.00000000   0.00000000   0.00000000 
  4.44850000   0.00000000   0.00000000   0.00000000 
  4.51750000   0.00000000   0.00000000   0.00000000 
  4.58650000   0.00000000   0.00000000   0.00000000 
  4.65650000   0.00000000   0.00000000   0.00000000 
  4.72550000   0.00000000   0.00000000   0.00000000 
  4.79450000   0.00000000   0.00000000   0.00000000 
  4.86450000   0.00000000   0.00000000   0.00000000 
  4.93350000   0.00000000   0.00000000   0.00000000 
  5.00250000   0.00000000   0.00000000   0.00000000 
  5.07250000   0.00000000   0.00000000   0.00000000 
  5.14150000   0.00000000   0.00000000   0.00000000 
  5.21050000   0.00000000   0.00000000   0.00000000 
  5.28050000   0.00000000   0.00000000   0.00000000 
  5.34950000   0.00000000   0.00000000   0.00000000 
