-15.45250000   0.00000000   0.00000000   0.00000000 
-15.38250000   0.00000000   0.00000000   0.00000000 
-15.31350000   0.00000000   0.00000000   0.00000000 
-15.24450000   0.00000000   0.00000000   0.00000000 
-15.17450000   0.00000000   0.00000000   0.00000000 
-15.10550000   0.00000000   0.00000000   0.00000000 
-15.03650000   0.00000000   0.00000000   0.00000000 
-14.96650000   0.00000000   0.00000000   0.00000000 
-14.89750000   0.00000000   0.00000000   0.00000000 
-14.82850000   0.00000000   0.00000000   0.00000000 
-14.75850000   0.00000000   0.00000000   0.00000000 
-14.68950000   0.00000000   0.00000000   0.00000000 
-14.62050000   0.00000000   0.00000000   0.00000000 
-14.55050000   0.00000000   0.00000000   0.00000000 
-14.48150000   0.00000000   0.00000000   0.00000000 
-14.41250000   0.00269200   0.00015710   0.00005717 
-14.34250000   0.00329500   0.00023520   0.00007610 
-14.27350000   0.00297200   0.00026200   0.00007512 
-14.20450000   0.00303900   0.00029990   0.00008074 
-14.13450000   0.00322000   0.00035890   0.00008995 
-14.06550000   0.00234900   0.00037360   0.00008738 
-13.99650000   0.00219400   0.00041460   0.00009657 
-13.92650000   0.00212400   0.00045600   0.00010710 
-13.85750000   0.04136000   0.00152900   0.00144100 
-13.78850000   0.01418000   0.00121700   0.00056170 
-13.71850000   0.03426000   0.00228700   0.00136100 
-13.64950000   0.05088000   0.00390200   0.00196500 
-13.58050000   0.05271000   0.00556900   0.00224500 
-13.51050000   0.02058000   0.00290000   0.00114000 
-13.44150000   0.03000000   0.00468600   0.00176700 
-13.37250000   0.02930000   0.00624400   0.00202700 
-13.30250000   0.02259000   0.00720800   0.00224200 
-13.23350000   0.02535000   0.00911100   0.00277600 
-13.16350000   0.02999000   0.00721900   0.00296700 
-13.09450000   0.02496000   0.01166000   0.00339500 
-13.02550000   0.07793000   0.01563000   0.01091000 
-12.95550000   0.04645000   0.01131000   0.00738900 
-12.88650000   0.04776000   0.01462000   0.00863900 
-12.81750000   0.05009000   0.01857000   0.00979000 
-12.74750000   0.07176000   0.02970000   0.01354000 
-12.67850000   0.07234000   0.03500000   0.01675000 
-12.60950000   0.03688000   0.02083000   0.00975500 
-12.53950000   0.04716000   0.02424000   0.01344000 
-12.47050000   0.03203000   0.03018000   0.01583000 
-12.40150000   0.11750000   0.05365000   0.03686000 
-12.33150000   0.07092000   0.08876000   0.04675000 
-12.26250000   0.05348000   0.07060000   0.03508000 
-12.19350000   0.03965000   0.06369000   0.03177000 
-12.12350000   0.02730000   0.06073000   0.02902000 
-12.05450000   0.01433000   0.03133000   0.01768000 
-11.98550000   0.01027000   0.02577000   0.01495000 
-11.91550000   0.00666500   0.01701000   0.01181000 
-11.84650000   0.00488100   0.01591000   0.01088000 
-11.77750000   0.00328800   0.02019000   0.01393000 
-11.70750000   0.00136100   0.01170000   0.00823600 
-11.63850000   0.00000000   0.00000000   0.00000000 
-11.56950000   0.00005851   0.00254500   0.00070400 
-11.49950000   0.00012940   0.00558300   0.00170100 
-11.43050000   0.00010510   0.00561500   0.00188200 
-11.36150000   0.00014510   0.00547000   0.00218700 
-11.29150000   0.00066470   0.00632200   0.00286700 
-11.22250000   0.00174500   0.00733200   0.00362400 
-11.15350000   0.00529700   0.00995500   0.00543100 
-11.08350000   0.00250900   0.00378000   0.00184200 
-11.01450000   0.00332400   0.00257300   0.00089330 
-10.94550000   0.00343600   0.00226500   0.00333300 
-10.87550000   0.00233600   0.00160100   0.00272000 
-10.80650000   0.00170000   0.00125900   0.00233000 
-10.73750000   0.01510000   0.00921100   0.00762500 
-10.66750000   0.01045000   0.00771200   0.00713300 
-10.59850000   0.01125000   0.00873000   0.00800500 
-10.52950000   0.01257000   0.01191000   0.01010000 
-10.45950000   0.01193000   0.01357000   0.01230000 
-10.39050000   0.01912000   0.01883000   0.01403000 
-10.32150000   0.01706000   0.01962000   0.01498000 
-10.25150000   0.01661000   0.03063000   0.01360000 
-10.18250000   0.01103000   0.02420000   0.01231000 
-10.11350000   0.12580000   0.07505000   0.08958000 
-10.04350000   0.05429000   0.03972000   0.04089000 
 -9.97450000   0.13580000   0.10020000   0.14430000 
 -9.90550000   0.09691000   0.07493000   0.10090000 
 -9.83550000   0.08345000   0.05940000   0.09078000 
 -9.76650000   0.04835000   0.05044000   0.08539000 
 -9.69750000   0.02792000   0.03302000   0.05286000 
 -9.62750000   0.04145000   0.05735000   0.09590000 
 -9.55850000   0.02887000   0.05350000   0.11230000 
 -9.48950000   0.01699000   0.05159000   0.09072000 
 -9.41950000   0.01179000   0.06030000   0.07541000 
 -9.35050000   0.00511100   0.06253000   0.04315000 
 -9.28150000   0.00000000   0.00000000   0.00000000 
 -9.21150000   0.00000000   0.00000000   0.00000000 
 -9.14250000   0.00000000   0.00000000   0.00000000 
 -9.07250000   0.00000000   0.00000000   0.00000000 
 -9.00350000   0.00000000   0.00000000   0.00000000 
 -8.93450000   0.00000000   0.00000000   0.00000000 
 -8.86450000   0.00000000   0.00000000   0.00000000 
 -8.79550000   0.00000000   0.00000000   0.00000000 
 -8.72650000   0.00000000   0.00000000   0.00000000 
 -8.65650000   0.00000000   0.00000000   0.00000000 
 -8.58750000   0.00000000   0.00000000   0.00000000 
 -8.51850000   0.00000000   0.00000000   0.00000000 
 -8.44850000   0.00000000   0.00000000   0.00000000 
 -8.37950000   0.00000000   0.00000000   0.00000000 
 -8.31050000   0.00000000   0.00000000   0.00000000 
 -8.24050000   0.00000000   0.00000000   0.00000000 
 -8.17150000   0.00000000   0.00000000   0.00000000 
 -8.10250000   0.00000000   0.00000000   0.00000000 
 -8.03250000   0.00000000   0.00000000   0.00000000 
 -7.96350000   0.00000000   0.00000000   0.00000000 
 -7.89450000   0.00000000   0.00000000   0.00000000 
 -7.82450000   0.00000000   0.00000000   0.00000000 
 -7.75550000   0.00000000   0.00000000   0.00000000 
 -7.68650000   0.00000000   0.00000000   0.00000000 
 -7.61650000   0.00000000   0.00000000   0.00000000 
 -7.54750000   0.00000000   0.00000000   0.00000000 
 -7.47850000   0.00000000   0.00000000   0.00000000 
 -7.40850000   0.00111500   0.00060870   0.00158200 
 -7.33950000   0.00175400   0.00078850   0.00157500 
 -7.27050000   0.00417300   0.00143200   0.00287400 
 -7.20050000   0.02388000   0.00526900   0.01538000 
 -7.13150000   0.02842000   0.00693800   0.01820000 
 -7.06250000   0.03068000   0.00908300   0.02005000 
 -6.99250000   0.03815000   0.01223000   0.02570000 
 -6.92350000   0.05701000   0.03359000   0.05294000 
 -6.85450000   0.05564000   0.02056000   0.04011000 
 -6.78450000   0.06782000   0.03539000   0.05509000 
 -6.71550000   0.15910000   0.02121000   0.05077000 
 -6.64650000   0.19040000   0.02619000   0.07783000 
 -6.57650000   0.19720000   0.03023000   0.07709000 
 -6.50750000   0.04497000   0.01499000   0.03205000 
 -6.43850000   0.19610000   0.07588000   0.22740000 
 -6.36850000   0.00889700   0.00634900   0.01373000 
 -6.29950000   0.06009000   0.02469000   0.06942000 
 -6.23050000   0.19030000   0.06274000   0.17270000 
 -6.16050000   0.04487000   0.01602000   0.05604000 
 -6.09150000   0.23110000   0.07493000   0.33640000 
 -6.02250000   0.08826000   0.03176000   0.10090000 
 -5.95250000   0.12400000   0.04274000   0.17820000 
 -5.88350000   0.13540000   0.06102000   0.18670000 
 -5.81450000   0.14490000   0.06481000   0.25230000 
 -5.74450000   0.06021000   0.03471000   0.16200000 
 -5.67550000   0.02649000   0.01411000   0.05261000 
 -5.60650000   0.14700000   0.06982000   0.28780000 
 -5.53650000   0.12680000   0.06550000   0.29230000 
 -5.46750000   0.08269000   0.05678000   0.27680000 
 -5.39850000   0.03047000   0.04325000   0.12660000 
 -5.32850000   0.06817000   0.06621000   0.20430000 
 -5.25950000   0.04086000   0.04558000   0.15510000 
 -5.19050000   0.06233000   0.07710000   0.25900000 
 -5.12050000   0.05859000   0.05967000   0.24700000 
 -5.05150000   0.07967000   0.07712000   0.25150000 
 -4.98250000   0.15830000   0.11020000   0.48140000 
 -4.91250000   0.07026000   0.05889000   0.42110000 
 -4.84350000   0.09379000   0.07907000   0.42070000 
 -4.77350000   0.05293000   0.06406000   0.43780000 
 -4.70450000   0.06343000   0.10140000   0.68900000 
 -4.63550000   0.03850000   0.04843000   0.39380000 
 -4.56550000   0.04720000   0.07037000   0.90020000 
 -4.49650000   0.01491000   0.02614000   0.21270000 
 -4.42750000   0.04671000   0.10710000   1.13000000 
 -4.35750000   0.10940000   0.16700000   1.20800000 
 -4.28850000   0.02681000   0.07139000   0.88330000 
 -4.21950000   0.01887000   0.08464000   0.97460000 
 -4.14950000   0.03192000   0.08944000   0.92830000 
 -4.08050000   0.02894000   0.06556000   1.15300000 
 -4.01150000   0.02130000   0.12100000   1.11200000 
 -3.94150000   0.04423000   0.27670000   1.87000000 
 -3.87250000   0.02340000   0.12240000   1.37700000 
 -3.80350000   0.02763000   0.16920000   1.18900000 
 -3.73350000   0.01932000   0.10850000   0.89190000 
 -3.66450000   0.02249000   0.19660000   1.58700000 
 -3.59550000   0.00824500   0.07874000   0.61200000 
 -3.52550000   0.01455000   0.06841000   0.61780000 
 -3.45650000   0.03275000   0.03803000   0.81000000 
 -3.38750000   0.02278000   0.01975000   0.63950000 
 -3.31750000   0.01378000   0.04247000   0.69130000 
 -3.24850000   0.05903000   0.07027000   2.27300000 
 -3.17950000   0.04417000   0.08149000   1.85500000 
 -3.10950000   0.04431000   0.11500000   1.93800000 
 -3.04050000   0.06243000   0.16970000   3.16700000 
 -2.97150000   0.03576000   0.23620000   3.57200000 
 -2.90150000   0.02176000   0.13700000   1.73600000 
 -2.83250000   0.00986300   0.02746000   0.96580000 
 -2.76350000   0.01860000   0.07718000   1.85000000 
 -2.69350000   0.02536000   0.05931000   1.73400000 
 -2.62450000   0.02185000   0.09100000   2.70700000 
 -2.55550000   0.02051000   0.05976000   2.38400000 
 -2.48550000   0.01461000   0.05172000   1.59600000 
 -2.41650000   0.01976000   0.05064000   1.71700000 
 -2.34750000   0.02085000   0.07219000   2.61600000 
 -2.27750000   0.01869000   0.04921000   1.74100000 
 -2.20850000   0.04025000   0.08451000   6.14600000 
 -2.13950000   0.03472000   0.09332000   6.00200000 
 -2.06950000   0.00912800   0.03374000   2.10300000 
 -2.00050000   0.01558000   0.06683000   4.41600000 
 -1.93150000   0.00668700   0.02012000   1.59600000 
 -1.86150000   0.02418000   0.07733000   4.81400000 
 -1.79250000   0.01043000   0.04480000   2.77300000 
 -1.72350000   0.01532000   0.03565000   3.21800000 
 -1.65350000   0.01734000   0.06955000   3.80700000 
 -1.58450000   0.02347000   0.07499000   3.62500000 
 -1.51550000   0.01807000   0.03513000   1.47700000 
 -1.44550000   0.03066000   0.06406000   2.08900000 
 -1.37650000   0.02621000   0.05362000   2.00300000 
 -1.30750000   0.02164000   0.04610000   1.72300000 
 -1.23750000   0.00922900   0.04453000   0.99910000 
 -1.16850000   0.02456000   0.10680000   2.11000000 
 -1.09950000   0.02304000   0.08877000   1.32800000 
 -1.02950000   0.01859000   0.05847000   0.95600000 
 -0.96050000   0.03041000   0.07185000   1.40500000 
 -0.89150000   0.01515000   0.07888000   0.91110000 
 -0.82150000   0.02595000   0.03203000   0.67980000 
 -0.75250000   0.01910000   0.09781000   0.84120000 
 -0.68350000   0.03715000   0.10870000   1.12600000 
 -0.61350000   0.03027000   0.09744000   1.06400000 
 -0.54450000   0.02127000   0.16320000   1.71100000 
 -0.47450000   0.02749000   0.05973000   0.90800000 
 -0.40550000   0.00776400   0.03465000   0.61130000 
 -0.33650000   0.01121000   0.03570000   0.34830000 
 -0.26650000   0.02740000   0.12960000   1.03500000 
 -0.19750000   0.01563000   0.09747000   0.80350000 
 -0.12850000   0.00826200   0.04026000   0.40640000 
 -0.05850000   0.00570000   0.06870000   0.35730000 
  0.01050000   0.02100000   0.09081000   0.62150000 
  0.07950000   0.01032000   0.04312000   0.32710000 
  0.14950000   0.00597300   0.03466000   0.28770000 
  0.21850000   0.00419700   0.02772000   0.23910000 
  0.28750000   0.01002000   0.03213000   0.28400000 
  0.35750000   0.01106000   0.05234000   0.40070000 
  0.42650000   0.01020000   0.04207000   0.32420000 
  0.49550000   0.00889900   0.03595000   0.30390000 
  0.56550000   0.01489000   0.04209000   0.36500000 
  0.63450000   0.01226000   0.03466000   0.32010000 
  0.70350000   0.02159000   0.05707000   0.49610000 
  0.77350000   0.02104000   0.08273000   0.65170000 
  0.84250000   0.01979000   0.06517000   0.57260000 
  0.91150000   0.01310000   0.05063000   0.46630000 
  0.98150000   0.01176000   0.04341000   0.36500000 
  1.05050000   0.01270000   0.03728000   0.35930000 
  1.11950000   0.01144000   0.04169000   0.36430000 
  1.18950000   0.00787600   0.03186000   0.32290000 
  1.25850000   0.01280000   0.04319000   0.37510000 
  1.32750000   0.01615000   0.07958000   0.61260000 
  1.39750000   0.00937400   0.03645000   0.30210000 
  1.46650000   0.00854800   0.03475000   0.36910000 
  1.53550000   0.00742800   0.02639000   0.25820000 
  1.60550000   0.00984500   0.03231000   0.24480000 
  1.67450000   0.03132000   0.05162000   0.44570000 
  1.74350000   0.01603000   0.04635000   0.36530000 
  1.81350000   0.01632000   0.05667000   0.36740000 
  1.88250000   0.01140000   0.03553000   0.33300000 
  1.95150000   0.00984900   0.03082000   0.25130000 
  2.02150000   0.01184000   0.03123000   0.27630000 
  2.09050000   0.01259000   0.05323000   0.41080000 
  2.15950000   0.01659000   0.04238000   0.31370000 
  2.22950000   0.01167000   0.03440000   0.30060000 
  2.29850000   0.00420400   0.01861000   0.18070000 
  2.36750000   0.00978900   0.02190000   0.27390000 
  2.43750000   0.01104000   0.02305000   0.23800000 
  2.50650000   0.00497700   0.01202000   0.11020000 
  2.57550000   0.00728900   0.01231000   0.09089000 
  2.64550000   0.01354000   0.01661000   0.14140000 
  2.71450000   0.00745000   0.01694000   0.11450000 
  2.78350000   0.00807300   0.03453000   0.26380000 
  2.85350000   0.00411900   0.01968000   0.12960000 
  2.92250000   0.00337900   0.01673000   0.13160000 
  2.99150000   0.00491700   0.02170000   0.17770000 
  3.06150000   0.00716300   0.02488000   0.15710000 
  3.13050000   0.00854800   0.02425000   0.16490000 
  3.19950000   0.01021000   0.02335000   0.12560000 
  3.26950000   0.01861000   0.02729000   0.18000000 
  3.33850000   0.01448000   0.03127000   0.26240000 
  3.40750000   0.00786000   0.02865000   0.21280000 
  3.47750000   0.01482000   0.02068000   0.15570000 
  3.54650000   0.02272000   0.01389000   0.09338000 
  3.61550000   0.03130000   0.01798000   0.10140000 
  3.68550000   0.01705000   0.00929700   0.04679000 
  3.75450000   0.01312000   0.00822800   0.02691000 
  3.82450000   0.00671900   0.00562300   0.01219000 
  3.89350000   0.00978900   0.00771100   0.01520000 
  3.96250000   0.01225000   0.00906600   0.01801000 
  4.03250000   0.01324000   0.00907300   0.01747000 
  4.10150000   0.02125000   0.01093000   0.02234000 
  4.17050000   0.01537000   0.00741700   0.01413000 
  4.24050000   0.00296400   0.00335500   0.00639900 
  4.30950000   0.00142700   0.00152100   0.00317800 
  4.37850000   0.00000000   0.00000000   0.00000000 
  4.44850000   0.00000000   0.00000000   0.00000000 
  4.51750000   0.00000000   0.00000000   0.00000000 
  4.58650000   0.00000000   0.00000000   0.00000000 
  4.65650000   0.00000000   0.00000000   0.00000000 
  4.72550000   0.00000000   0.00000000   0.00000000 
  4.79450000   0.00000000   0.00000000   0.00000000 
  4.86450000   0.00000000   0.00000000   0.00000000 
  4.93350000   0.00000000   0.00000000   0.00000000 
  5.00250000   0.00000000   0.00000000   0.00000000 
  5.07250000   0.00000000   0.00000000   0.00000000 
  5.14150000   0.00000000   0.00000000   0.00000000 
  5.21050000   0.00000000   0.00000000   0.00000000 
  5.28050000   0.00000000   0.00000000   0.00000000 
  5.34950000   0.00000000   0.00000000   0.00000000 
