-15.45250000   0.00000000   0.00000000   0.00000000 
-15.38250000   0.00000000   0.00000000   0.00000000 
-15.31350000   0.00000000   0.00000000   0.00000000 
-15.24450000   0.00000000   0.00000000   0.00000000 
-15.17450000   0.00000000   0.00000000   0.00000000 
-15.10550000   0.00000000   0.00000000   0.00000000 
-15.03650000   0.00000000   0.00000000   0.00000000 
-14.96650000   0.00000000   0.00000000   0.00000000 
-14.89750000   0.00000000   0.00000000   0.00000000 
-14.82850000   0.00000000   0.00000000   0.00000000 
-14.75850000   0.00000000   0.00000000   0.00000000 
-14.68950000   0.00000000   0.00000000   0.00000000 
-14.62050000   0.00000000   0.00000000   0.00000000 
-14.55050000   0.00000000   0.00000000   0.00000000 
-14.48150000   0.00000000   0.00000000   0.00000000 
-14.41250000   0.00122300   0.00019330   0.00004584 
-14.34250000   0.00149000   0.00025910   0.00006412 
-14.27350000   0.00133400   0.00025730   0.00006573 
-14.20450000   0.00135400   0.00027620   0.00007137 
-14.13450000   0.00143400   0.00031230   0.00008078 
-14.06550000   0.00110900   0.00028560   0.00007950 
-13.99650000   0.00109400   0.00029330   0.00008359 
-13.92650000   0.00112200   0.00030410   0.00008806 
-13.85750000   0.02716000   0.00379800   0.00141400 
-13.78850000   0.00938700   0.00168200   0.00061080 
-13.71850000   0.02268000   0.00392200   0.00143600 
-13.64950000   0.03191000   0.00629200   0.00230200 
-13.58050000   0.03262000   0.00763600   0.00288700 
-13.51050000   0.01336000   0.00360800   0.00136200 
-13.44150000   0.01950000   0.00553800   0.00215700 
-13.37250000   0.02179000   0.00619600   0.00236100 
-13.30250000   0.02104000   0.00601000   0.00243300 
-13.23350000   0.02484000   0.00731400   0.00295800 
-13.16350000   0.01990000   0.00781200   0.00336100 
-13.09450000   0.03021000   0.00871500   0.00369800 
-13.02550000   0.09681000   0.01581000   0.01047000 
-12.95550000   0.05979000   0.01118000   0.00719500 
-12.88650000   0.06343000   0.01376000   0.00858300 
-12.81750000   0.06411000   0.01786000   0.00985600 
-12.74750000   0.08691000   0.02647000   0.01415000 
-12.67850000   0.06743000   0.03337000   0.01768000 
-12.60950000   0.04732000   0.01928000   0.01018000 
-12.53950000   0.04518000   0.02336000   0.01255000 
-12.47050000   0.06665000   0.02555000   0.01447000 
-12.40150000   0.06403000   0.08088000   0.04208000 
-12.33150000   0.09093000   0.09687000   0.05354000 
-12.26250000   0.05480000   0.07658000   0.04325000 
-12.19350000   0.03943000   0.06927000   0.04017000 
-12.12350000   0.02990000   0.06532000   0.03835000 
-12.05450000   0.01675000   0.03790000   0.02226000 
-11.98550000   0.01190000   0.03157000   0.01893000 
-11.91550000   0.00695900   0.02212000   0.01272000 
-11.84650000   0.00536300   0.02076000   0.01215000 
-11.77750000   0.00407500   0.02672000   0.01594000 
-11.70750000   0.00171700   0.01569000   0.00936200 
-11.63850000   0.00000000   0.00000000   0.00000000 
-11.56950000   0.00319300   0.00024060   0.00089120 
-11.49950000   0.00622300   0.00088600   0.00197500 
-11.43050000   0.00527300   0.00117900   0.00190400 
-11.36150000   0.00446500   0.00159300   0.00186400 
-11.29150000   0.00447500   0.00211000   0.00217700 
-11.22250000   0.00425300   0.00266000   0.00238300 
-11.15350000   0.00411200   0.00434400   0.00310800 
-11.08350000   0.00059160   0.00190100   0.00126700 
-11.01450000   0.00044770   0.00098500   0.00062180 
-10.94550000   0.00196600   0.00093560   0.00128100 
-10.87550000   0.00153400   0.00074750   0.00096630 
-10.80650000   0.00112500   0.00066620   0.00073900 
-10.73750000   0.00602100   0.00352100   0.00230900 
-10.66750000   0.00350900   0.00305100   0.00221500 
-10.59850000   0.00319200   0.00333200   0.00250000 
-10.52950000   0.00296700   0.00440800   0.00345200 
-10.45950000   0.00278300   0.00497600   0.00424900 
-10.39050000   0.00748000   0.00612300   0.00543900 
-10.32150000   0.00853100   0.00586100   0.00682900 
-10.25150000   0.01300000   0.00730900   0.01253000 
-10.18250000   0.00928200   0.00586900   0.01289000 
-10.11350000   0.13520000   0.07800000   0.09619000 
-10.04350000   0.05447000   0.03788000   0.04420000 
 -9.97450000   0.14310000   0.10990000   0.15850000 
 -9.90550000   0.09804000   0.09063000   0.11200000 
 -9.83550000   0.09022000   0.07276000   0.08950000 
 -9.76650000   0.04300000   0.05418000   0.08987000 
 -9.69750000   0.02482000   0.03849000   0.06478000 
 -9.62750000   0.03910000   0.07502000   0.10680000 
 -9.55850000   0.02571000   0.07559000   0.12330000 
 -9.48950000   0.01614000   0.06950000   0.09993000 
 -9.41950000   0.01241000   0.07525000   0.08596000 
 -9.35050000   0.00578100   0.07605000   0.05140000 
 -9.28150000   0.00000000   0.00000000   0.00000000 
 -9.21150000   0.00000000   0.00000000   0.00000000 
 -9.14250000   0.00000000   0.00000000   0.00000000 
 -9.07250000   0.00000000   0.00000000   0.00000000 
 -9.00350000   0.00000000   0.00000000   0.00000000 
 -8.93450000   0.00000000   0.00000000   0.00000000 
 -8.86450000   0.00000000   0.00000000   0.00000000 
 -8.79550000   0.00000000   0.00000000   0.00000000 
 -8.72650000   0.00000000   0.00000000   0.00000000 
 -8.65650000   0.00000000   0.00000000   0.00000000 
 -8.58750000   0.00000000   0.00000000   0.00000000 
 -8.51850000   0.00000000   0.00000000   0.00000000 
 -8.44850000   0.00000000   0.00000000   0.00000000 
 -8.37950000   0.00000000   0.00000000   0.00000000 
 -8.31050000   0.00000000   0.00000000   0.00000000 
 -8.24050000   0.00000000   0.00000000   0.00000000 
 -8.17150000   0.00000000   0.00000000   0.00000000 
 -8.10250000   0.00000000   0.00000000   0.00000000 
 -8.03250000   0.00000000   0.00000000   0.00000000 
 -7.96350000   0.00000000   0.00000000   0.00000000 
 -7.89450000   0.00000000   0.00000000   0.00000000 
 -7.82450000   0.00000000   0.00000000   0.00000000 
 -7.75550000   0.00000000   0.00000000   0.00000000 
 -7.68650000   0.00000000   0.00000000   0.00000000 
 -7.61650000   0.00000000   0.00000000   0.00000000 
 -7.54750000   0.00000000   0.00000000   0.00000000 
 -7.47850000   0.00000000   0.00000000   0.00000000 
 -7.40850000   0.00082380   0.00018330   0.00076390 
 -7.33950000   0.00115900   0.00027850   0.00095880 
 -7.27050000   0.00225900   0.00054850   0.00195100 
 -7.20050000   0.01016000   0.00206400   0.00960400 
 -7.13150000   0.01231000   0.00300200   0.01210000 
 -7.06250000   0.01504000   0.00479000   0.01454000 
 -6.99250000   0.02047000   0.00701700   0.01964000 
 -6.92350000   0.04529000   0.01732000   0.05101000 
 -6.85450000   0.05578000   0.01043000   0.03442000 
 -6.78450000   0.05484000   0.01775000   0.06595000 
 -6.71550000   0.14850000   0.02431000   0.05199000 
 -6.64650000   0.15170000   0.03098000   0.08563000 
 -6.57650000   0.14530000   0.03354000   0.10350000 
 -6.50750000   0.03676000   0.01198000   0.02971000 
 -6.43850000   0.17870000   0.05041000   0.13840000 
 -6.36850000   0.00856100   0.00498100   0.00947700 
 -6.29950000   0.04612000   0.02167000   0.05107000 
 -6.23050000   0.14580000   0.06696000   0.12660000 
 -6.16050000   0.02991000   0.01786000   0.03734000 
 -6.09150000   0.19420000   0.07602000   0.18370000 
 -6.02250000   0.07373000   0.02960000   0.09365000 
 -5.95250000   0.11440000   0.03538000   0.16350000 
 -5.88350000   0.12510000   0.05635000   0.14760000 
 -5.81450000   0.10350000   0.06209000   0.18870000 
 -5.74450000   0.05114000   0.02930000   0.13290000 
 -5.67550000   0.02324000   0.01412000   0.03699000 
 -5.60650000   0.11680000   0.06306000   0.23310000 
 -5.53650000   0.08368000   0.06775000   0.23680000 
 -5.46750000   0.08868000   0.05429000   0.25050000 
 -5.39850000   0.07526000   0.02747000   0.12020000 
 -5.32850000   0.11480000   0.04792000   0.23080000 
 -5.25950000   0.03542000   0.03523000   0.17480000 
 -5.19050000   0.13010000   0.05053000   0.27130000 
 -5.12050000   0.07534000   0.03584000   0.27320000 
 -5.05150000   0.07215000   0.05291000   0.30820000 
 -4.98250000   0.17590000   0.07464000   0.55380000 
 -4.91250000   0.06954000   0.05373000   0.34200000 
 -4.84350000   0.06458000   0.06225000   0.42880000 
 -4.77350000   0.08084000   0.04437000   0.42360000 
 -4.70450000   0.10950000   0.06381000   0.62950000 
 -4.63550000   0.04133000   0.04596000   0.31580000 
 -4.56550000   0.09973000   0.06516000   0.52940000 
 -4.49650000   0.02216000   0.01908000   0.12490000 
 -4.42750000   0.11550000   0.05817000   0.62640000 
 -4.35750000   0.14070000   0.14540000   0.72290000 
 -4.28850000   0.06084000   0.05616000   0.54800000 
 -4.21950000   0.07252000   0.06335000   0.62660000 
 -4.14950000   0.05095000   0.06996000   0.69770000 
 -4.08050000   0.04660000   0.11010000   0.75410000 
 -4.01150000   0.03496000   0.10720000   0.91320000 
 -3.94150000   0.03570000   0.19630000   2.04400000 
 -3.87250000   0.04899000   0.12310000   0.85190000 
 -3.80350000   0.06662000   0.12510000   1.35400000 
 -3.73350000   0.02859000   0.07290000   0.64470000 
 -3.66450000   0.04844000   0.10000000   0.75330000 
 -3.59550000   0.02122000   0.07890000   0.39550000 
 -3.52550000   0.02050000   0.03401000   0.25690000 
 -3.45650000   0.01187000   0.04048000   0.33420000 
 -3.38750000   0.01551000   0.01833000   0.36280000 
 -3.31750000   0.01403000   0.04423000   0.48640000 
 -3.24850000   0.03283000   0.06490000   1.65300000 
 -3.17950000   0.02056000   0.07274000   1.29100000 
 -3.10950000   0.02316000   0.11370000   2.13900000 
 -3.04050000   0.01992000   0.18090000   2.71400000 
 -2.97150000   0.01637000   0.20340000   3.60500000 
 -2.90150000   0.00978400   0.12610000   1.70600000 
 -2.83250000   0.00760100   0.04025000   0.84970000 
 -2.76350000   0.01191000   0.07190000   1.25600000 
 -2.69350000   0.00860900   0.08122000   0.92150000 
 -2.62450000   0.02013000   0.08218000   1.85900000 
 -2.55550000   0.01193000   0.08143000   1.82300000 
 -2.48550000   0.01145000   0.05050000   1.12300000 
 -2.41650000   0.00764700   0.03954000   1.15000000 
 -2.34750000   0.00899200   0.07666000   2.14200000 
 -2.27750000   0.00611500   0.04429000   1.48000000 
 -2.20850000   0.01769000   0.10450000   5.23500000 
 -2.13950000   0.01548000   0.10150000   3.78100000 
 -2.06950000   0.00640800   0.03015000   1.38800000 
 -2.00050000   0.03691000   0.09581000   6.11200000 
 -1.93150000   0.01876000   0.02636000   2.37200000 
 -1.86150000   0.04479000   0.09037000   5.94300000 
 -1.79250000   0.02176000   0.05594000   3.00400000 
 -1.72350000   0.02621000   0.08643000   3.21600000 
 -1.65350000   0.03024000   0.06341000   3.07200000 
 -1.58450000   0.03412000   0.07176000   3.60200000 
 -1.51550000   0.01422000   0.03634000   1.89300000 
 -1.44550000   0.03578000   0.04579000   3.47500000 
 -1.37650000   0.08024000   0.05455000   5.23700000 
 -1.30750000   0.07536000   0.10820000   4.52700000 
 -1.23750000   0.02076000   0.05899000   1.73400000 
 -1.16850000   0.05496000   0.12690000   3.37800000 
 -1.09950000   0.03236000   0.10760000   3.19800000 
 -1.02950000   0.02069000   0.05789000   1.59800000 
 -0.96050000   0.04277000   0.08473000   1.93300000 
 -0.89150000   0.02740000   0.09964000   1.50800000 
 -0.82150000   0.02161000   0.02117000   0.81900000 
 -0.75250000   0.03525000   0.05864000   0.91450000 
 -0.68350000   0.04486000   0.06143000   1.41000000 
 -0.61350000   0.02726000   0.06586000   1.18400000 
 -0.54450000   0.03153000   0.12470000   1.59200000 
 -0.47450000   0.03551000   0.05440000   1.01100000 
 -0.40550000   0.01655000   0.02373000   0.44660000 
 -0.33650000   0.01265000   0.02947000   0.39440000 
 -0.26650000   0.03527000   0.12120000   1.19400000 
 -0.19750000   0.03306000   0.07575000   0.87260000 
 -0.12850000   0.01238000   0.02878000   0.48560000 
 -0.05850000   0.02035000   0.03831000   0.39350000 
  0.01050000   0.02115000   0.07747000   0.86460000 
  0.07950000   0.01434000   0.03260000   0.36910000 
  0.14950000   0.00931900   0.02689000   0.26010000 
  0.21850000   0.01330000   0.02209000   0.20350000 
  0.28750000   0.01178000   0.03100000   0.27260000 
  0.35750000   0.02329000   0.03970000   0.38210000 
  0.42650000   0.01508000   0.03637000   0.27940000 
  0.49550000   0.02028000   0.03371000   0.31730000 
  0.56550000   0.02175000   0.04508000   0.35060000 
  0.63450000   0.01534000   0.04176000   0.23880000 
  0.70350000   0.02735000   0.06974000   0.39110000 
  0.77350000   0.03138000   0.07555000   0.52680000 
  0.84250000   0.03082000   0.08089000   0.44620000 
  0.91150000   0.02678000   0.05964000   0.33250000 
  0.98150000   0.02453000   0.05284000   0.30790000 
  1.05050000   0.01963000   0.06426000   0.30510000 
  1.11950000   0.01685000   0.06043000   0.29070000 
  1.18950000   0.01407000   0.06178000   0.29400000 
  1.25850000   0.01417000   0.08518000   0.35520000 
  1.32750000   0.02763000   0.10530000   0.51110000 
  1.39750000   0.01298000   0.05080000   0.29470000 
  1.46650000   0.01501000   0.07849000   0.34060000 
  1.53550000   0.00778000   0.05820000   0.22030000 
  1.60550000   0.00857800   0.05267000   0.20090000 
  1.67450000   0.01576000   0.08393000   0.42550000 
  1.74350000   0.01052000   0.06839000   0.34760000 
  1.81350000   0.02706000   0.07049000   0.33830000 
  1.88250000   0.02293000   0.05346000   0.27340000 
  1.95150000   0.01297000   0.05141000   0.22420000 
  2.02150000   0.01173000   0.08826000   0.24900000 
  2.09050000   0.01711000   0.08224000   0.35230000 
  2.15950000   0.01429000   0.07306000   0.27830000 
  2.22950000   0.01970000   0.06720000   0.25780000 
  2.29850000   0.00709400   0.04858000   0.18020000 
  2.36750000   0.01000000   0.05363000   0.12800000 
  2.43750000   0.01223000   0.04550000   0.13050000 
  2.50650000   0.00509700   0.02301000   0.06878000 
  2.57550000   0.00558000   0.02238000   0.08339000 
  2.64550000   0.01021000   0.02458000   0.13560000 
  2.71450000   0.00810700   0.03208000   0.09760000 
  2.78350000   0.01770000   0.09865000   0.18880000 
  2.85350000   0.01448000   0.05100000   0.08882000 
  2.92250000   0.01903000   0.03933000   0.06465000 
  2.99150000   0.03395000   0.06193000   0.10560000 
  3.06150000   0.02153000   0.06362000   0.10140000 
  3.13050000   0.01155000   0.05910000   0.11260000 
  3.19950000   0.01193000   0.07718000   0.10880000 
  3.26950000   0.01379000   0.06416000   0.14030000 
  3.33850000   0.01749000   0.08978000   0.12270000 
  3.40750000   0.01626000   0.05056000   0.12790000 
  3.47750000   0.01199000   0.03170000   0.13420000 
  3.54650000   0.00861800   0.02940000   0.16570000 
  3.61550000   0.01055000   0.03690000   0.22040000 
  3.68550000   0.00347700   0.01796000   0.12960000 
  3.75450000   0.00377600   0.01060000   0.06517000 
  3.82450000   0.00428600   0.00711800   0.03014000 
  3.89350000   0.00648100   0.00979000   0.03503000 
  3.96250000   0.00806000   0.01201000   0.03677000 
  4.03250000   0.00842400   0.01231000   0.03249000 
  4.10150000   0.01030000   0.01635000   0.03583000 
  4.17050000   0.00676500   0.01037000   0.02172000 
  4.24050000   0.00439700   0.00620700   0.00847700 
  4.30950000   0.00227000   0.00304000   0.00366000 
  4.37850000   0.00000000   0.00000000   0.00000000 
  4.44850000   0.00000000   0.00000000   0.00000000 
  4.51750000   0.00000000   0.00000000   0.00000000 
  4.58650000   0.00000000   0.00000000   0.00000000 
  4.65650000   0.00000000   0.00000000   0.00000000 
  4.72550000   0.00000000   0.00000000   0.00000000 
  4.79450000   0.00000000   0.00000000   0.00000000 
  4.86450000   0.00000000   0.00000000   0.00000000 
  4.93350000   0.00000000   0.00000000   0.00000000 
  5.00250000   0.00000000   0.00000000   0.00000000 
  5.07250000   0.00000000   0.00000000   0.00000000 
  5.14150000   0.00000000   0.00000000   0.00000000 
  5.21050000   0.00000000   0.00000000   0.00000000 
  5.28050000   0.00000000   0.00000000   0.00000000 
  5.34950000   0.00000000   0.00000000   0.00000000 
