locat structure data information
P    22    2.18951295082    [ 0.55036172  0.20299763  0.42848685]    157.176152183    102.692670985
P    20    2.22195592879    [ 0.96412844  0.45312355  0.42847586]    47.8553077014    105.385166391
P    24    2.24797229078    [ 0.46584268  0.37182513  0.50933874]    166.600167119    86.8555724417
Ni    55    2.51719144721    [ 0.70628614  0.54247596  0.48997916]    112.236456357    90.0082821545
Ni    54    2.51799795243    [ 0.70628614  0.04247596  0.48997916]    112.229615226    90.0082797357
Ni    46    3.3067427973    [ 0.69818781  0.27656989  0.33224184]    124.817873555    144.766592851
Ni    50    3.84896680619    [ 0.19795153  0.2772308   0.43773906]    174.901808833    94.8927535309
Ni    49    3.90467523555    [ 0.31686241  0.5273253   0.43780487]    153.927993873    95.4743601728
Ni    45    3.96077833727    [ 0.81584684  0.52657392  0.33224061]    88.5044747227    123.970901605
P    16    4.0683454476    [ 0.44890716  0.44696789  0.33933081]    149.031737127    111.059547619
