-15.45250000   0.00000000   0.00000000   0.00000000 
-15.38250000   0.00000000   0.00000000   0.00000000 
-15.31350000   0.00000000   0.00000000   0.00000000 
-15.24450000   0.00000000   0.00000000   0.00000000 
-15.17450000   0.00000000   0.00000000   0.00000000 
-15.10550000   0.00000000   0.00000000   0.00000000 
-15.03650000   0.00000000   0.00000000   0.00000000 
-14.96650000   0.00000000   0.00000000   0.00000000 
-14.89750000   0.00000000   0.00000000   0.00000000 
-14.82850000   0.00000000   0.00000000   0.00000000 
-14.75850000   0.00000000   0.00000000   0.00000000 
-14.68950000   0.00000000   0.00000000   0.00000000 
-14.62050000   0.00000000   0.00000000   0.00000000 
-14.55050000   0.00000000   0.00000000   0.00000000 
-14.48150000   0.00000000   0.00000000   0.00000000 
-14.41250000   0.02058000   0.00357600   0.00068250 
-14.34250000   0.02590000   0.00489500   0.00101800 
-14.27350000   0.02441000   0.00509400   0.00118300 
-14.20450000   0.02589000   0.00572700   0.00142400 
-14.13450000   0.02808000   0.00664500   0.00180000 
-14.06550000   0.02346000   0.00630300   0.00182300 
-13.99650000   0.02540000   0.00703600   0.00205300 
-13.92650000   0.02826000   0.00785500   0.00225700 
-13.85750000   0.05332000   0.01282000   0.00375800 
-13.78850000   0.03565000   0.00937700   0.00277700 
-13.71850000   0.04672000   0.01244000   0.00378900 
-13.64950000   0.04666000   0.01866000   0.00721200 
-13.58050000   0.04527000   0.02171000   0.00935500 
-13.51050000   0.02052000   0.00937500   0.00406000 
-13.44150000   0.02605000   0.01493000   0.00704200 
-13.37250000   0.03185000   0.01861000   0.00870900 
-13.30250000   0.02795000   0.01579000   0.00712500 
-13.23350000   0.03620000   0.02191000   0.01005000 
-13.16350000   0.03895000   0.02930000   0.01405000 
-13.09450000   0.03906000   0.03952000   0.02135000 
-13.02550000   0.06294000   0.05430000   0.02879000 
-12.95550000   0.03095000   0.02813000   0.01584000 
-12.88650000   0.02374000   0.02156000   0.01275000 
-12.81750000   0.02549000   0.03065000   0.01941000 
-12.74750000   0.01460000   0.02851000   0.01798000 
-12.67850000   0.01912000   0.04783000   0.03219000 
-12.60950000   0.00920100   0.02437000   0.01607000 
-12.53950000   0.00726600   0.02139000   0.01493000 
-12.47050000   0.00791000   0.00347500   0.00202900 
-12.40150000   0.00660000   0.01001000   0.00557000 
-12.33150000   0.00410700   0.00506800   0.00326100 
-12.26250000   0.00161000   0.00436000   0.00283800 
-12.19350000   0.00113000   0.00370500   0.00242800 
-12.12350000   0.00071140   0.00329600   0.00220000 
-12.05450000   0.00045480   0.00131800   0.00082520 
-11.98550000   0.00034260   0.00114000   0.00072560 
-11.91550000   0.00027230   0.00106600   0.00068850 
-11.84650000   0.00017720   0.00100500   0.00066760 
-11.77750000   0.00007145   0.00138900   0.00095520 
-11.70750000   0.00003723   0.00084800   0.00058850 
-11.63850000   0.00000000   0.00000000   0.00000000 
-11.56950000   0.02107000   0.00095020   0.00377400 
-11.49950000   0.04368000   0.00350100   0.00852500 
-11.43050000   0.04022000   0.00515900   0.00875100 
-11.36150000   0.03795000   0.00806900   0.01011000 
-11.29150000   0.04460000   0.01410000   0.01314000 
-11.22250000   0.05172000   0.02408000   0.01811000 
-11.15350000   0.08920000   0.05844000   0.03522000 
-11.08350000   0.02684000   0.02786000   0.01708000 
-11.01450000   0.01737000   0.02088000   0.01342000 
-10.94550000   0.04383000   0.02097000   0.02012000 
-10.87550000   0.02984000   0.01829000   0.01735000 
-10.80650000   0.01951000   0.01630000   0.01514000 
-10.73750000   0.02859000   0.02722000   0.02523000 
-10.66750000   0.02519000   0.02528000   0.02207000 
-10.59850000   0.02560000   0.02569000   0.02269000 
-10.52950000   0.03125000   0.03113000   0.02698000 
-10.45950000   0.03294000   0.03700000   0.03131000 
-10.39050000   0.07956000   0.05836000   0.06124000 
-10.32150000   0.08932000   0.06058000   0.06560000 
-10.25150000   0.09648000   0.06856000   0.10830000 
-10.18250000   0.07670000   0.07730000   0.09644000 
-10.11350000   0.06037000   0.07307000   0.09161000 
-10.04350000   0.02481000   0.03859000   0.06364000 
 -9.97450000   0.05117000   0.16750000   0.23200000 
 -9.90550000   0.01678000   0.06940000   0.08692000 
 -9.83550000   0.01725000   0.04897000   0.08809000 
 -9.76650000   0.01248000   0.06402000   0.06773000 
 -9.69750000   0.00566000   0.02995000   0.03700000 
 -9.62750000   0.00513500   0.09168000   0.09617000 
 -9.55850000   0.00026750   0.00064720   0.00155400 
 -9.48950000   0.00017250   0.00040200   0.00096740 
 -9.41950000   0.00010660   0.00019060   0.00046890 
 -9.35050000   0.00001704   0.00011100   0.00017520 
 -9.28150000   0.00000000   0.00000000   0.00000000 
 -9.21150000   0.00000000   0.00000000   0.00000000 
 -9.14250000   0.00000000   0.00000000   0.00000000 
 -9.07250000   0.00000000   0.00000000   0.00000000 
 -9.00350000   0.00000000   0.00000000   0.00000000 
 -8.93450000   0.00000000   0.00000000   0.00000000 
 -8.86450000   0.00000000   0.00000000   0.00000000 
 -8.79550000   0.00000000   0.00000000   0.00000000 
 -8.72650000   0.00000000   0.00000000   0.00000000 
 -8.65650000   0.00000000   0.00000000   0.00000000 
 -8.58750000   0.00000000   0.00000000   0.00000000 
 -8.51850000   0.00000000   0.00000000   0.00000000 
 -8.44850000   0.00000000   0.00000000   0.00000000 
 -8.37950000   0.00000000   0.00000000   0.00000000 
 -8.31050000   0.00000000   0.00000000   0.00000000 
 -8.24050000   0.00000000   0.00000000   0.00000000 
 -8.17150000   0.00000000   0.00000000   0.00000000 
 -8.10250000   0.00000000   0.00000000   0.00000000 
 -8.03250000   0.00000000   0.00000000   0.00000000 
 -7.96350000   0.00000000   0.00000000   0.00000000 
 -7.89450000   0.00000000   0.00000000   0.00000000 
 -7.82450000   0.00000000   0.00000000   0.00000000 
 -7.75550000   0.00000000   0.00000000   0.00000000 
 -7.68650000   0.00000000   0.00000000   0.00000000 
 -7.61650000   0.00000000   0.00000000   0.00000000 
 -7.54750000   0.00000000   0.00000000   0.00000000 
 -7.47850000   0.00000000   0.00000000   0.00000000 
 -7.40850000   0.06022000   0.01207000   0.03341000 
 -7.33950000   0.04186000   0.01038000   0.02300000 
 -7.27050000   0.04039000   0.01101000   0.02131000 
 -7.20050000   0.04643000   0.01175000   0.02227000 
 -7.13150000   0.04961000   0.01297000   0.02489000 
 -7.06250000   0.06267000   0.01803000   0.03354000 
 -6.99250000   0.07587000   0.02304000   0.04292000 
 -6.92350000   0.11340000   0.05672000   0.09736000 
 -6.85450000   0.06909000   0.03411000   0.06206000 
 -6.78450000   0.11700000   0.05074000   0.11350000 
 -6.71550000   0.09885000   0.04522000   0.08099000 
 -6.64650000   0.10470000   0.05509000   0.14750000 
 -6.57650000   0.07401000   0.06349000   0.15430000 
 -6.50750000   0.04080000   0.03288000   0.07913000 
 -6.43850000   0.31390000   0.17560000   0.44230000 
 -6.36850000   0.00600100   0.00530500   0.01344000 
 -6.29950000   0.04798000   0.02946000   0.08065000 
 -6.23050000   0.13530000   0.08362000   0.23520000 
 -6.16050000   0.03408000   0.02125000   0.07586000 
 -6.09150000   0.09969000   0.07367000   0.28270000 
 -6.02250000   0.06351000   0.03501000   0.10650000 
 -5.95250000   0.12450000   0.05525000   0.20060000 
 -5.88350000   0.08304000   0.04579000   0.18080000 
 -5.81450000   0.10620000   0.05495000   0.24530000 
 -5.74450000   0.07432000   0.04463000   0.18480000 
 -5.67550000   0.02367000   0.01044000   0.05279000 
 -5.60650000   0.08922000   0.04183000   0.27060000 
 -5.53650000   0.12140000   0.05324000   0.36530000 
 -5.46750000   0.08567000   0.05001000   0.36880000 
 -5.39850000   0.04659000   0.03450000   0.17430000 
 -5.32850000   0.10570000   0.05470000   0.32890000 
 -5.25950000   0.07366000   0.04170000   0.32330000 
 -5.19050000   0.07337000   0.05443000   0.37510000 
 -5.12050000   0.06944000   0.06540000   0.47160000 
 -5.05150000   0.06552000   0.03678000   0.36770000 
 -4.98250000   0.09594000   0.05134000   0.33900000 
 -4.91250000   0.05895000   0.03990000   0.29090000 
 -4.84350000   0.05594000   0.03746000   0.24940000 
 -4.77350000   0.05279000   0.04156000   0.21410000 
 -4.70450000   0.08536000   0.05128000   0.39230000 
 -4.63550000   0.06028000   0.04007000   0.20730000 
 -4.56550000   0.06342000   0.05529000   0.38690000 
 -4.49650000   0.01705000   0.01271000   0.11250000 
 -4.42750000   0.05985000   0.09507000   0.52620000 
 -4.35750000   0.06820000   0.10570000   0.71360000 
 -4.28850000   0.05457000   0.10600000   0.67470000 
 -4.21950000   0.08543000   0.07870000   0.94760000 
 -4.14950000   0.05974000   0.06644000   0.77960000 
 -4.08050000   0.04128000   0.08099000   0.73950000 
 -4.01150000   0.02584000   0.08674000   0.67090000 
 -3.94150000   0.05895000   0.08866000   1.26800000 
 -3.87250000   0.02298000   0.07289000   0.70780000 
 -3.80350000   0.03408000   0.06813000   1.05800000 
 -3.73350000   0.01924000   0.09967000   0.69390000 
 -3.66450000   0.02955000   0.09181000   0.73160000 
 -3.59550000   0.01617000   0.04026000   0.46950000 
 -3.52550000   0.02027000   0.06661000   0.99320000 
 -3.45650000   0.05183000   0.07737000   1.09200000 
 -3.38750000   0.00673200   0.02051000   0.42350000 
 -3.31750000   0.02054000   0.08648000   1.86300000 
 -3.24850000   0.02336000   0.09919000   1.59800000 
 -3.17950000   0.01313000   0.10650000   1.97100000 
 -3.10950000   0.01100000   0.09193000   2.01300000 
 -3.04050000   0.01861000   0.04921000   0.98920000 
 -2.97150000   0.01818000   0.11350000   2.38800000 
 -2.90150000   0.01311000   0.09520000   1.68000000 
 -2.83250000   0.00794800   0.02474000   0.87560000 
 -2.76350000   0.02400000   0.15390000   2.72200000 
 -2.69350000   0.01345000   0.06581000   1.42400000 
 -2.62450000   0.01655000   0.10910000   2.96100000 
 -2.55550000   0.01362000   0.11650000   3.25800000 
 -2.48550000   0.01246000   0.05873000   2.75700000 
 -2.41650000   0.01347000   0.07930000   2.87600000 
 -2.34750000   0.01489000   0.05370000   2.64700000 
 -2.27750000   0.01473000   0.06780000   2.51100000 
 -2.20850000   0.01859000   0.07956000   3.64400000 
 -2.13950000   0.03552000   0.08219000   4.74000000 
 -2.06950000   0.01524000   0.05766000   1.86500000 
 -2.00050000   0.06697000   0.13080000   5.26700000 
 -1.93150000   0.01713000   0.04008000   1.73600000 
 -1.86150000   0.02339000   0.08584000   4.28200000 
 -1.79250000   0.00774900   0.03163000   2.30700000 
 -1.72350000   0.01066000   0.03482000   2.36300000 
 -1.65350000   0.02622000   0.06502000   3.77000000 
 -1.58450000   0.02321000   0.07383000   4.29700000 
 -1.51550000   0.02294000   0.05758000   2.93600000 
 -1.44550000   0.02178000   0.12350000   2.75200000 
 -1.37650000   0.01573000   0.07031000   2.09700000 
 -1.30750000   0.02327000   0.11820000   3.53300000 
 -1.23750000   0.01618000   0.04499000   1.08100000 
 -1.16850000   0.03222000   0.11460000   2.30500000 
 -1.09950000   0.02518000   0.06096000   1.22400000 
 -1.02950000   0.01632000   0.05474000   1.24000000 
 -0.96050000   0.04390000   0.06069000   1.19500000 
 -0.89150000   0.04284000   0.10250000   1.76400000 
 -0.82150000   0.01475000   0.03303000   0.93930000 
 -0.75250000   0.04576000   0.03928000   1.27800000 
 -0.68350000   0.14190000   0.07712000   1.52400000 
 -0.61350000   0.05239000   0.07795000   1.10100000 
 -0.54450000   0.04173000   0.08659000   1.06600000 
 -0.47450000   0.02183000   0.03833000   0.51250000 
 -0.40550000   0.01118000   0.01369000   0.28360000 
 -0.33650000   0.01226000   0.02115000   0.30560000 
 -0.26650000   0.04694000   0.06280000   0.82780000 
 -0.19750000   0.02844000   0.05020000   0.58420000 
 -0.12850000   0.01791000   0.03684000   0.43300000 
 -0.05850000   0.00777400   0.02763000   0.36480000 
  0.01050000   0.03512000   0.07652000   0.70550000 
  0.07950000   0.02508000   0.04317000   0.46500000 
  0.14950000   0.02403000   0.04198000   0.29510000 
  0.21850000   0.02919000   0.03827000   0.30000000 
  0.28750000   0.03640000   0.05932000   0.43300000 
  0.35750000   0.04185000   0.08781000   0.48770000 
  0.42650000   0.02045000   0.05363000   0.40310000 
  0.49550000   0.02693000   0.04665000   0.32250000 
  0.56550000   0.02759000   0.04836000   0.40650000 
  0.63450000   0.02643000   0.05933000   0.39780000 
  0.70350000   0.03331000   0.08319000   0.56030000 
  0.77350000   0.03239000   0.08996000   0.42210000 
  0.84250000   0.02852000   0.07238000   0.38440000 
  0.91150000   0.02552000   0.05237000   0.30850000 
  0.98150000   0.02584000   0.03854000   0.26990000 
  1.05050000   0.02133000   0.03887000   0.34670000 
  1.11950000   0.01731000   0.04301000   0.26900000 
  1.18950000   0.01743000   0.03548000   0.20090000 
  1.25850000   0.02096000   0.05555000   0.29820000 
  1.32750000   0.03395000   0.08295000   0.42030000 
  1.39750000   0.03408000   0.09151000   0.33320000 
  1.46650000   0.01828000   0.05658000   0.25180000 
  1.53550000   0.02259000   0.07386000   0.23710000 
  1.60550000   0.01787000   0.07321000   0.22540000 
  1.67450000   0.01891000   0.05821000   0.31800000 
  1.74350000   0.01188000   0.04346000   0.22520000 
  1.81350000   0.02154000   0.05293000   0.21700000 
  1.88250000   0.02195000   0.04109000   0.17290000 
  1.95150000   0.00886800   0.03582000   0.13190000 
  2.02150000   0.03010000   0.05553000   0.17030000 
  2.09050000   0.02511000   0.06402000   0.18420000 
  2.15950000   0.01914000   0.06332000   0.18090000 
  2.22950000   0.01926000   0.06717000   0.26910000 
  2.29850000   0.01186000   0.03776000   0.13820000 
  2.36750000   0.02515000   0.06543000   0.17400000 
  2.43750000   0.03507000   0.08350000   0.32840000 
  2.50650000   0.01818000   0.05228000   0.16810000 
  2.57550000   0.01782000   0.05688000   0.16810000 
  2.64550000   0.03239000   0.07298000   0.29330000 
  2.71450000   0.02993000   0.08293000   0.26530000 
  2.78350000   0.06948000   0.13100000   0.47920000 
  2.85350000   0.01605000   0.05171000   0.15670000 
  2.92250000   0.01159000   0.03879000   0.13060000 
  2.99150000   0.01839000   0.05321000   0.13860000 
  3.06150000   0.01084000   0.05138000   0.17670000 
  3.13050000   0.00903900   0.05892000   0.13040000 
  3.19950000   0.00880600   0.04403000   0.07485000 
  3.26950000   0.00722700   0.03624000   0.10010000 
  3.33850000   0.00946500   0.03495000   0.10390000 
  3.40750000   0.01103000   0.03060000   0.09855000 
  3.47750000   0.01213000   0.02468000   0.11110000 
  3.54650000   0.00796500   0.01537000   0.06452000 
  3.61550000   0.01359000   0.01730000   0.06645000 
  3.68550000   0.00898300   0.01075000   0.03325000 
  3.75450000   0.00628800   0.00794900   0.03150000 
  3.82450000   0.00501600   0.00568000   0.01379000 
  3.89350000   0.00787300   0.00870500   0.01983000 
  3.96250000   0.01074000   0.01185000   0.02482000 
  4.03250000   0.01208000   0.01313000   0.02490000 
  4.10150000   0.01219000   0.02002000   0.03085000 
  4.17050000   0.00715000   0.01504000   0.02132000 
  4.24050000   0.00642400   0.00737600   0.01155000 
  4.30950000   0.00344200   0.00359200   0.00565100 
  4.37850000   0.00000000   0.00000000   0.00000000 
  4.44850000   0.00000000   0.00000000   0.00000000 
  4.51750000   0.00000000   0.00000000   0.00000000 
  4.58650000   0.00000000   0.00000000   0.00000000 
  4.65650000   0.00000000   0.00000000   0.00000000 
  4.72550000   0.00000000   0.00000000   0.00000000 
  4.79450000   0.00000000   0.00000000   0.00000000 
  4.86450000   0.00000000   0.00000000   0.00000000 
  4.93350000   0.00000000   0.00000000   0.00000000 
  5.00250000   0.00000000   0.00000000   0.00000000 
  5.07250000   0.00000000   0.00000000   0.00000000 
  5.14150000   0.00000000   0.00000000   0.00000000 
  5.21050000   0.00000000   0.00000000   0.00000000 
  5.28050000   0.00000000   0.00000000   0.00000000 
  5.34950000   0.00000000   0.00000000   0.00000000 
