-15.45250000   0.00000000   0.00000000   0.00000000 
-15.38250000   0.00000000   0.00000000   0.00000000 
-15.31350000   0.00000000   0.00000000   0.00000000 
-15.24450000   0.00000000   0.00000000   0.00000000 
-15.17450000   0.00000000   0.00000000   0.00000000 
-15.10550000   0.00000000   0.00000000   0.00000000 
-15.03650000   0.00000000   0.00000000   0.00000000 
-14.96650000   0.00000000   0.00000000   0.00000000 
-14.89750000   0.00000000   0.00000000   0.00000000 
-14.82850000   0.00000000   0.00000000   0.00000000 
-14.75850000   0.00000000   0.00000000   0.00000000 
-14.68950000   0.00000000   0.00000000   0.00000000 
-14.62050000   0.00000000   0.00000000   0.00000000 
-14.55050000   0.00000000   0.00000000   0.00000000 
-14.48150000   0.00000000   0.00000000   0.00000000 
-14.41250000   0.03307000   0.00122200   0.00129900 
-14.34250000   0.04118000   0.00223800   0.00171600 
-14.27350000   0.03615000   0.00295000   0.00166400 
-14.20450000   0.03422000   0.00369900   0.00172100 
-14.13450000   0.03759000   0.00463100   0.00208200 
-14.06550000   0.03779000   0.00578600   0.00240000 
-13.99650000   0.03543000   0.00735900   0.00262400 
-13.92650000   0.03363000   0.00879600   0.00284800 
-13.85750000   0.05640000   0.01220000   0.00516900 
-13.78850000   0.02927000   0.01136000   0.00351700 
-13.71850000   0.03870000   0.01451000   0.00481500 
-13.64950000   0.07400000   0.01591000   0.00635200 
-13.58050000   0.08204000   0.01997000   0.00769000 
-13.51050000   0.02338000   0.01070000   0.00401000 
-13.44150000   0.02651000   0.01467000   0.00526400 
-13.37250000   0.03571000   0.02073000   0.00735400 
-13.30250000   0.03840000   0.01781000   0.00674000 
-13.23350000   0.04860000   0.02393000   0.00933700 
-13.16350000   0.05004000   0.03238000   0.01281000 
-13.09450000   0.05778000   0.04423000   0.01705000 
-13.02550000   0.07073000   0.06453000   0.02376000 
-12.95550000   0.03254000   0.03329000   0.01303000 
-12.88650000   0.02276000   0.02498000   0.01049000 
-12.81750000   0.02329000   0.03572000   0.01586000 
-12.74750000   0.02346000   0.03369000   0.01114000 
-12.67850000   0.02476000   0.05619000   0.01985000 
-12.60950000   0.00908000   0.03772000   0.01201000 
-12.53950000   0.00285300   0.02931000   0.00974000 
-12.47050000   0.00220600   0.00367800   0.00219200 
-12.40150000   0.01047000   0.00663000   0.00471200 
-12.33150000   0.00253400   0.00511000   0.00266300 
-12.26250000   0.00185600   0.00380400   0.00227900 
-12.19350000   0.00139400   0.00314800   0.00186800 
-12.12350000   0.00097310   0.00271200   0.00157200 
-12.05450000   0.00062990   0.00093920   0.00067850 
-11.98550000   0.00049750   0.00081380   0.00058880 
-11.91550000   0.00035850   0.00076300   0.00055490 
-11.84650000   0.00027900   0.00070040   0.00052420 
-11.77750000   0.00018880   0.00091550   0.00072820 
-11.70750000   0.00008711   0.00052670   0.00045200 
-11.63850000   0.00000000   0.00000000   0.00000000 
-11.56950000   0.00001604   0.01116000   0.00194000 
-11.49950000   0.00010080   0.02427000   0.00543400 
-11.43050000   0.00021000   0.02091000   0.00739700 
-11.36150000   0.00044880   0.02612000   0.01054000 
-11.29150000   0.00369700   0.03327000   0.01689000 
-11.22250000   0.01029000   0.04143000   0.02750000 
-11.15350000   0.05514000   0.08093000   0.06768000 
-11.08350000   0.02344000   0.03610000   0.03205000 
-11.01450000   0.02497000   0.02126000   0.03376000 
-10.94550000   0.01987000   0.02213000   0.05139000 
-10.87550000   0.01506000   0.01812000   0.04216000 
-10.80650000   0.01076000   0.01362000   0.03514000 
-10.73750000   0.03413000   0.01934000   0.03696000 
-10.66750000   0.03052000   0.01873000   0.03504000 
-10.59850000   0.03148000   0.01938000   0.03400000 
-10.52950000   0.03843000   0.02280000   0.03740000 
-10.45950000   0.03764000   0.02603000   0.04821000 
-10.39050000   0.06832000   0.04222000   0.06013000 
-10.32150000   0.07237000   0.04897000   0.05032000 
-10.25150000   0.08008000   0.05601000   0.06971000 
-10.18250000   0.06911000   0.05711000   0.06246000 
-10.11350000   0.05526000   0.04760000   0.07248000 
-10.04350000   0.03303000   0.02745000   0.04963000 
 -9.97450000   0.09610000   0.07269000   0.20740000 
 -9.90550000   0.02983000   0.02550000   0.11220000 
 -9.83550000   0.02500000   0.04372000   0.05186000 
 -9.76650000   0.01674000   0.04515000   0.05416000 
 -9.69750000   0.00732600   0.03128000   0.01044000 
 -9.62750000   0.00508900   0.09545000   0.02282000 
 -9.55850000   0.00015590   0.00058950   0.00142800 
 -9.48950000   0.00011000   0.00045180   0.00082360 
 -9.41950000   0.00006164   0.00028490   0.00041720 
 -9.35050000   0.00001835   0.00014970   0.00012340 
 -9.28150000   0.00000000   0.00000000   0.00000000 
 -9.21150000   0.00000000   0.00000000   0.00000000 
 -9.14250000   0.00000000   0.00000000   0.00000000 
 -9.07250000   0.00000000   0.00000000   0.00000000 
 -9.00350000   0.00000000   0.00000000   0.00000000 
 -8.93450000   0.00000000   0.00000000   0.00000000 
 -8.86450000   0.00000000   0.00000000   0.00000000 
 -8.79550000   0.00000000   0.00000000   0.00000000 
 -8.72650000   0.00000000   0.00000000   0.00000000 
 -8.65650000   0.00000000   0.00000000   0.00000000 
 -8.58750000   0.00000000   0.00000000   0.00000000 
 -8.51850000   0.00000000   0.00000000   0.00000000 
 -8.44850000   0.00000000   0.00000000   0.00000000 
 -8.37950000   0.00000000   0.00000000   0.00000000 
 -8.31050000   0.00000000   0.00000000   0.00000000 
 -8.24050000   0.00000000   0.00000000   0.00000000 
 -8.17150000   0.00000000   0.00000000   0.00000000 
 -8.10250000   0.00000000   0.00000000   0.00000000 
 -8.03250000   0.00000000   0.00000000   0.00000000 
 -7.96350000   0.00000000   0.00000000   0.00000000 
 -7.89450000   0.00000000   0.00000000   0.00000000 
 -7.82450000   0.00000000   0.00000000   0.00000000 
 -7.75550000   0.00000000   0.00000000   0.00000000 
 -7.68650000   0.00000000   0.00000000   0.00000000 
 -7.61650000   0.00000000   0.00000000   0.00000000 
 -7.54750000   0.00000000   0.00000000   0.00000000 
 -7.47850000   0.00000000   0.00000000   0.00000000 
 -7.40850000   0.12970000   0.01789000   0.07615000 
 -7.33950000   0.08987000   0.01526000   0.05291000 
 -7.27050000   0.08849000   0.01549000   0.05080000 
 -7.20050000   0.09365000   0.01506000   0.05203000 
 -7.13150000   0.09143000   0.01584000   0.05428000 
 -7.06250000   0.10100000   0.02050000   0.06658000 
 -6.99250000   0.11290000   0.02493000   0.07906000 
 -6.92350000   0.12940000   0.04959000   0.14120000 
 -6.85450000   0.08956000   0.03674000   0.09313000 
 -6.78450000   0.15880000   0.05877000   0.16120000 
 -6.71550000   0.08747000   0.04887000   0.08491000 
 -6.64650000   0.10930000   0.06456000   0.14170000 
 -6.57650000   0.13040000   0.05309000   0.13800000 
 -6.50750000   0.05236000   0.02861000   0.08553000 
 -6.43850000   0.18240000   0.15310000   0.53410000 
 -6.36850000   0.01606000   0.00561100   0.01645000 
 -6.29950000   0.06496000   0.03112000   0.10720000 
 -6.23050000   0.15390000   0.11510000   0.30840000 
 -6.16050000   0.04228000   0.02225000   0.08938000 
 -6.09150000   0.20960000   0.05955000   0.29600000 
 -6.02250000   0.05059000   0.04211000   0.13090000 
 -5.95250000   0.10250000   0.05940000   0.20440000 
 -5.88350000   0.07040000   0.04780000   0.19490000 
 -5.81450000   0.08135000   0.07002000   0.32140000 
 -5.74450000   0.16450000   0.05621000   0.21260000 
 -5.67550000   0.01341000   0.00937700   0.04963000 
 -5.60650000   0.08811000   0.06527000   0.23030000 
 -5.53650000   0.08946000   0.07328000   0.35650000 
 -5.46750000   0.08742000   0.06924000   0.32690000 
 -5.39850000   0.04647000   0.04106000   0.14570000 
 -5.32850000   0.05072000   0.06954000   0.28150000 
 -5.25950000   0.07087000   0.07645000   0.24960000 
 -5.19050000   0.09413000   0.15870000   0.35720000 
 -5.12050000   0.06867000   0.16060000   0.37230000 
 -5.05150000   0.02689000   0.09012000   0.40330000 
 -4.98250000   0.03677000   0.10580000   0.44100000 
 -4.91250000   0.02177000   0.08310000   0.39860000 
 -4.84350000   0.02028000   0.05754000   0.49140000 
 -4.77350000   0.03422000   0.06764000   0.60710000 
 -4.70450000   0.04408000   0.09931000   0.71630000 
 -4.63550000   0.03237000   0.05601000   0.53600000 
 -4.56550000   0.06300000   0.10190000   0.63860000 
 -4.49650000   0.01916000   0.02442000   0.20350000 
 -4.42750000   0.08295000   0.08782000   1.15500000 
 -4.35750000   0.04422000   0.12030000   1.06000000 
 -4.28850000   0.04997000   0.08622000   1.37000000 
 -4.21950000   0.03222000   0.10650000   1.22200000 
 -4.14950000   0.02245000   0.08234000   1.01600000 
 -4.08050000   0.02861000   0.11130000   0.92490000 
 -4.01150000   0.02309000   0.06798000   1.07100000 
 -3.94150000   0.04748000   0.20530000   1.44000000 
 -3.87250000   0.01388000   0.13940000   1.17400000 
 -3.80350000   0.02957000   0.22520000   1.55700000 
 -3.73350000   0.03589000   0.13050000   1.12800000 
 -3.66450000   0.02079000   0.19030000   1.11700000 
 -3.59550000   0.01102000   0.06901000   0.69050000 
 -3.52550000   0.01264000   0.10880000   1.70600000 
 -3.45650000   0.01607000   0.11950000   2.72600000 
 -3.38750000   0.00517600   0.03579000   0.74510000 
 -3.31750000   0.01508000   0.12800000   2.60200000 
 -3.24850000   0.01728000   0.10960000   2.27600000 
 -3.17950000   0.01600000   0.18000000   2.02900000 
 -3.10950000   0.01453000   0.13380000   1.83600000 
 -3.04050000   0.00524300   0.04511000   0.88350000 
 -2.97150000   0.01517000   0.09996000   2.46100000 
 -2.90150000   0.01095000   0.08576000   2.21000000 
 -2.83250000   0.00261200   0.02524000   0.96600000 
 -2.76350000   0.02089000   0.11870000   3.59100000 
 -2.69350000   0.00828400   0.05372000   2.10300000 
 -2.62450000   0.00961100   0.06335000   3.08200000 
 -2.55550000   0.01075000   0.07620000   3.29600000 
 -2.48550000   0.01661000   0.03897000   2.77100000 
 -2.41650000   0.00841000   0.05518000   3.15000000 
 -2.34750000   0.00624300   0.03655000   2.78400000 
 -2.27750000   0.00747100   0.04403000   2.59100000 
 -2.20850000   0.01172000   0.10090000   2.56200000 
 -2.13950000   0.02458000   0.08069000   3.92000000 
 -2.06950000   0.01172000   0.03717000   1.98700000 
 -2.00050000   0.02032000   0.09949000   5.03400000 
 -1.93150000   0.00491800   0.03185000   1.80300000 
 -1.86150000   0.03144000   0.05384000   4.03600000 
 -1.79250000   0.01189000   0.03470000   3.93300000 
 -1.72350000   0.00966700   0.01664000   1.80400000 
 -1.65350000   0.01636000   0.02973000   2.17000000 
 -1.58450000   0.02023000   0.03925000   2.16100000 
 -1.51550000   0.01624000   0.02796000   1.13200000 
 -1.44550000   0.02653000   0.05166000   1.43900000 
 -1.37650000   0.01274000   0.03636000   0.97390000 
 -1.30750000   0.01900000   0.08202000   1.74400000 
 -1.23750000   0.00544100   0.03190000   0.48400000 
 -1.16850000   0.01311000   0.07945000   1.35700000 
 -1.09950000   0.01041000   0.02583000   0.42510000 
 -1.02950000   0.01104000   0.04424000   0.67670000 
 -0.96050000   0.03004000   0.05219000   0.97650000 
 -0.89150000   0.04040000   0.04974000   0.75150000 
 -0.82150000   0.01729000   0.04414000   0.89420000 
 -0.75250000   0.01134000   0.05196000   0.37890000 
 -0.68350000   0.03040000   0.09281000   1.89800000 
 -0.61350000   0.02334000   0.07071000   1.11900000 
 -0.54450000   0.02314000   0.08345000   0.96020000 
 -0.47450000   0.00768600   0.04985000   0.50590000 
 -0.40550000   0.00481400   0.01703000   0.35030000 
 -0.33650000   0.00522300   0.02369000   0.28920000 
 -0.26650000   0.01340000   0.05019000   0.58920000 
 -0.19750000   0.01087000   0.04237000   0.37180000 
 -0.12850000   0.01518000   0.02973000   0.36000000 
 -0.05850000   0.00891200   0.03236000   0.31700000 
  0.01050000   0.01342000   0.05882000   0.67350000 
  0.07950000   0.01413000   0.03829000   0.45480000 
  0.14950000   0.00817800   0.02563000   0.34150000 
  0.21850000   0.00720300   0.02518000   0.32390000 
  0.28750000   0.02376000   0.04141000   0.48560000 
  0.35750000   0.01271000   0.05092000   0.68300000 
  0.42650000   0.01255000   0.04392000   0.51640000 
  0.49550000   0.00955400   0.03495000   0.39320000 
  0.56550000   0.01291000   0.03928000   0.41400000 
  0.63450000   0.01847000   0.03847000   0.44990000 
  0.70350000   0.01776000   0.06627000   0.68430000 
  0.77350000   0.01376000   0.05518000   0.59340000 
  0.84250000   0.01403000   0.05387000   0.59340000 
  0.91150000   0.00821200   0.04249000   0.44970000 
  0.98150000   0.00747300   0.04290000   0.46290000 
  1.05050000   0.01345000   0.04028000   0.45610000 
  1.11950000   0.01105000   0.03119000   0.46400000 
  1.18950000   0.00990400   0.02742000   0.35690000 
  1.25850000   0.01450000   0.03938000   0.43780000 
  1.32750000   0.01769000   0.04603000   0.58650000 
  1.39750000   0.00973000   0.02491000   0.42630000 
  1.46650000   0.01251000   0.02855000   0.37850000 
  1.53550000   0.01344000   0.02880000   0.30710000 
  1.60550000   0.01390000   0.03921000   0.32620000 
  1.67450000   0.02949000   0.03850000   0.49690000 
  1.74350000   0.01812000   0.02654000   0.28540000 
  1.81350000   0.01265000   0.02436000   0.36200000 
  1.88250000   0.00875300   0.01941000   0.27420000 
  1.95150000   0.00855700   0.01847000   0.19640000 
  2.02150000   0.01505000   0.02493000   0.36340000 
  2.09050000   0.02087000   0.02862000   0.33090000 
  2.15950000   0.02267000   0.02543000   0.27910000 
  2.22950000   0.03893000   0.02562000   0.32350000 
  2.29850000   0.00831400   0.01079000   0.13880000 
  2.36750000   0.02043000   0.01506000   0.19510000 
  2.43750000   0.03584000   0.01970000   0.20110000 
  2.50650000   0.00958600   0.01102000   0.16900000 
  2.57550000   0.00937000   0.01195000   0.16530000 
  2.64550000   0.01389000   0.01991000   0.22060000 
  2.71450000   0.01530000   0.02211000   0.18280000 
  2.78350000   0.02793000   0.03998000   0.32780000 
  2.85350000   0.01142000   0.02110000   0.12240000 
  2.92250000   0.00952300   0.01539000   0.08824000 
  2.99150000   0.00982600   0.01760000   0.11640000 
  3.06150000   0.01183000   0.01993000   0.10180000 
  3.13050000   0.01067000   0.01898000   0.08769000 
  3.19950000   0.01677000   0.01967000   0.06494000 
  3.26950000   0.02338000   0.02266000   0.08607000 
  3.33850000   0.02272000   0.02225000   0.09955000 
  3.40750000   0.01512000   0.01586000   0.09853000 
  3.47750000   0.02037000   0.01390000   0.09239000 
  3.54650000   0.02375000   0.00905700   0.04996000 
  3.61550000   0.03917000   0.01513000   0.05485000 
  3.68550000   0.01716000   0.00894200   0.02412000 
  3.75450000   0.01540000   0.00644500   0.02110000 
  3.82450000   0.01265000   0.00408900   0.00970200 
  3.89350000   0.01859000   0.00564000   0.01399000 
  3.96250000   0.02414000   0.00697200   0.01749000 
  4.03250000   0.02680000   0.00699400   0.01816000 
  4.10150000   0.04267000   0.00854300   0.02360000 
  4.17050000   0.02957000   0.00623900   0.01581000 
  4.24050000   0.01159000   0.00356300   0.00921600 
  4.30950000   0.00551900   0.00170100   0.00462600 
  4.37850000   0.00000000   0.00000000   0.00000000 
  4.44850000   0.00000000   0.00000000   0.00000000 
  4.51750000   0.00000000   0.00000000   0.00000000 
  4.58650000   0.00000000   0.00000000   0.00000000 
  4.65650000   0.00000000   0.00000000   0.00000000 
  4.72550000   0.00000000   0.00000000   0.00000000 
  4.79450000   0.00000000   0.00000000   0.00000000 
  4.86450000   0.00000000   0.00000000   0.00000000 
  4.93350000   0.00000000   0.00000000   0.00000000 
  5.00250000   0.00000000   0.00000000   0.00000000 
  5.07250000   0.00000000   0.00000000   0.00000000 
  5.14150000   0.00000000   0.00000000   0.00000000 
  5.21050000   0.00000000   0.00000000   0.00000000 
  5.28050000   0.00000000   0.00000000   0.00000000 
  5.34950000   0.00000000   0.00000000   0.00000000 
