-15.45250000   0.00000000   0.00000000   0.00000000 
-15.38250000   0.00000000   0.00000000   0.00000000 
-15.31350000   0.00000000   0.00000000   0.00000000 
-15.24450000   0.00000000   0.00000000   0.00000000 
-15.17450000   0.00000000   0.00000000   0.00000000 
-15.10550000   0.00000000   0.00000000   0.00000000 
-15.03650000   0.00000000   0.00000000   0.00000000 
-14.96650000   0.00000000   0.00000000   0.00000000 
-14.89750000   0.00000000   0.00000000   0.00000000 
-14.82850000   0.00000000   0.00000000   0.00000000 
-14.75850000   0.00000000   0.00000000   0.00000000 
-14.68950000   0.00000000   0.00000000   0.00000000 
-14.62050000   0.00000000   0.00000000   0.00000000 
-14.55050000   0.00000000   0.00000000   0.00000000 
-14.48150000   0.00000000   0.00000000   0.00000000 
-14.41250000   0.02057000   0.00357600   0.00068250 
-14.34250000   0.02590000   0.00489500   0.00101700 
-14.27350000   0.02300000   0.00490700   0.00117600 
-14.20450000   0.02192000   0.00519900   0.00140200 
-14.13450000   0.02425000   0.00613400   0.00177800 
-14.06550000   0.02726000   0.00680400   0.00184300 
-13.99650000   0.02837000   0.00742700   0.00206800 
-13.92650000   0.02963000   0.00803200   0.00226700 
-13.85750000   0.05240000   0.01269000   0.00376300 
-13.78850000   0.03402000   0.00914800   0.00278000 
-13.71850000   0.04532000   0.01221000   0.00380600 
-13.64950000   0.04566000   0.01845000   0.00724100 
-13.58050000   0.04904000   0.02225000   0.00935000 
-13.51050000   0.02309000   0.00978300   0.00403900 
-13.44150000   0.02625000   0.01278000   0.00559900 
-13.37250000   0.03192000   0.01829000   0.00847900 
-13.30250000   0.02800000   0.01695000   0.00786100 
-13.23350000   0.03623000   0.02241000   0.01036000 
-13.16350000   0.03896000   0.02943000   0.01413000 
-13.09450000   0.03859000   0.03940000   0.02135000 
-13.02550000   0.06343000   0.05442000   0.02878000 
-12.95550000   0.03097000   0.02813000   0.01584000 
-12.88650000   0.02401000   0.02152000   0.01278000 
-12.81750000   0.02483000   0.03072000   0.01930000 
-12.74750000   0.01460000   0.02851000   0.01799000 
-12.67850000   0.01913000   0.04484000   0.02921000 
-12.60950000   0.00917700   0.02863000   0.02034000 
-12.53950000   0.00726500   0.02139000   0.01494000 
-12.47050000   0.00790900   0.00346800   0.00203700 
-12.40150000   0.00660300   0.01002000   0.00555400 
-12.33150000   0.00414700   0.00509600   0.00320800 
-12.26250000   0.00159300   0.00435100   0.00282200 
-12.19350000   0.00112800   0.00369300   0.00242900 
-12.12350000   0.00072620   0.00328400   0.00221900 
-12.05450000   0.00045810   0.00131700   0.00082730 
-11.98550000   0.00034000   0.00114400   0.00073410 
-11.91550000   0.00025850   0.00107300   0.00070280 
-11.84650000   0.00017300   0.00100600   0.00067120 
-11.77750000   0.00007144   0.00138900   0.00095520 
-11.70750000   0.00003723   0.00084790   0.00058850 
-11.63850000   0.00000000   0.00000000   0.00000000 
-11.56950000   0.02107000   0.00095020   0.00377300 
-11.49950000   0.04368000   0.00350100   0.00852500 
-11.43050000   0.03410000   0.00540000   0.00840600 
-11.36150000   0.04194000   0.00788800   0.01031000 
-11.29150000   0.04841000   0.01393000   0.01335000 
-11.22250000   0.05198000   0.02351000   0.01763000 
-11.15350000   0.08929000   0.05843000   0.03522000 
-11.08350000   0.02684000   0.02786000   0.01708000 
-11.01450000   0.01685000   0.02091000   0.01339000 
-10.94550000   0.04488000   0.02092000   0.02016000 
-10.87550000   0.03280000   0.01814000   0.01749000 
-10.80650000   0.02096000   0.01546000   0.01456000 
-10.73750000   0.02897000   0.02549000   0.02380000 
-10.66750000   0.02495000   0.02642000   0.02302000 
-10.59850000   0.02532000   0.02699000   0.02376000 
-10.52950000   0.03095000   0.03133000   0.02744000 
-10.45950000   0.03292000   0.03701000   0.03127000 
-10.39050000   0.07993000   0.05846000   0.06045000 
-10.32150000   0.08628000   0.05996000   0.06794000 
-10.25150000   0.09842000   0.06896000   0.10680000 
-10.18250000   0.07756000   0.07788000   0.09596000 
-10.11350000   0.06000000   0.07468000   0.08237000 
-10.04350000   0.02332000   0.04055000   0.07111000 
 -9.97450000   0.05703000   0.14580000   0.24000000 
 -9.90550000   0.01571000   0.07335000   0.08548000 
 -9.83550000   0.01709000   0.04957000   0.08786000 
 -9.76650000   0.01248000   0.06403000   0.06774000 
 -9.69750000   0.00566000   0.02995000   0.03701000 
 -9.62750000   0.00512800   0.09168000   0.09617000 
 -9.55850000   0.00027780   0.00064620   0.00155200 
 -9.48950000   0.00017250   0.00040200   0.00096740 
 -9.41950000   0.00010660   0.00019060   0.00046890 
 -9.35050000   0.00001704   0.00011100   0.00017520 
 -9.28150000   0.00000000   0.00000000   0.00000000 
 -9.21150000   0.00000000   0.00000000   0.00000000 
 -9.14250000   0.00000000   0.00000000   0.00000000 
 -9.07250000   0.00000000   0.00000000   0.00000000 
 -9.00350000   0.00000000   0.00000000   0.00000000 
 -8.93450000   0.00000000   0.00000000   0.00000000 
 -8.86450000   0.00000000   0.00000000   0.00000000 
 -8.79550000   0.00000000   0.00000000   0.00000000 
 -8.72650000   0.00000000   0.00000000   0.00000000 
 -8.65650000   0.00000000   0.00000000   0.00000000 
 -8.58750000   0.00000000   0.00000000   0.00000000 
 -8.51850000   0.00000000   0.00000000   0.00000000 
 -8.44850000   0.00000000   0.00000000   0.00000000 
 -8.37950000   0.00000000   0.00000000   0.00000000 
 -8.31050000   0.00000000   0.00000000   0.00000000 
 -8.24050000   0.00000000   0.00000000   0.00000000 
 -8.17150000   0.00000000   0.00000000   0.00000000 
 -8.10250000   0.00000000   0.00000000   0.00000000 
 -8.03250000   0.00000000   0.00000000   0.00000000 
 -7.96350000   0.00000000   0.00000000   0.00000000 
 -7.89450000   0.00000000   0.00000000   0.00000000 
 -7.82450000   0.00000000   0.00000000   0.00000000 
 -7.75550000   0.00000000   0.00000000   0.00000000 
 -7.68650000   0.00000000   0.00000000   0.00000000 
 -7.61650000   0.00000000   0.00000000   0.00000000 
 -7.54750000   0.00000000   0.00000000   0.00000000 
 -7.47850000   0.00000000   0.00000000   0.00000000 
 -7.40850000   0.05891000   0.01138000   0.03134000 
 -7.33950000   0.04158000   0.01024000   0.02257000 
 -7.27050000   0.04098000   0.01133000   0.02224000 
 -7.20050000   0.04696000   0.01203000   0.02312000 
 -7.13150000   0.04990000   0.01305000   0.02522000 
 -7.06250000   0.06307000   0.01795000   0.03362000 
 -6.99250000   0.07656000   0.02288000   0.04307000 
 -6.92350000   0.10410000   0.05490000   0.10020000 
 -6.85450000   0.06839000   0.03427000   0.06190000 
 -6.78450000   0.10900000   0.04987000   0.10890000 
 -6.71550000   0.09884000   0.04522000   0.08099000 
 -6.64650000   0.10030000   0.05635000   0.14450000 
 -6.57650000   0.07648000   0.06283000   0.15610000 
 -6.50750000   0.04348000   0.03203000   0.08074000 
 -6.43850000   0.31220000   0.17350000   0.44340000 
 -6.36850000   0.00600100   0.00530500   0.01344000 
 -6.29950000   0.04773000   0.02586000   0.07696000 
 -6.23050000   0.13600000   0.08505000   0.23900000 
 -6.16050000   0.03462000   0.02174000   0.07611000 
 -6.09150000   0.11480000   0.08234000   0.31020000 
 -6.02250000   0.05684000   0.03428000   0.10910000 
 -5.95250000   0.12360000   0.05489000   0.19970000 
 -5.88350000   0.08514000   0.04560000   0.18280000 
 -5.81450000   0.10480000   0.05608000   0.24980000 
 -5.74450000   0.08625000   0.05295000   0.16640000 
 -5.67550000   0.02268000   0.00995300   0.05075000 
 -5.60650000   0.08664000   0.04202000   0.26690000 
 -5.53650000   0.12190000   0.05337000   0.37050000 
 -5.46750000   0.08575000   0.04999000   0.36820000 
 -5.39850000   0.04621000   0.03389000   0.17550000 
 -5.32850000   0.10670000   0.05256000   0.34450000 
 -5.25950000   0.07213000   0.04159000   0.32240000 
 -5.19050000   0.07348000   0.05395000   0.37230000 
 -5.12050000   0.06816000   0.06360000   0.45780000 
 -5.05150000   0.06658000   0.03859000   0.38660000 
 -4.98250000   0.09513000   0.05162000   0.33830000 
 -4.91250000   0.06011000   0.04035000   0.29020000 
 -4.84350000   0.05593000   0.03734000   0.24940000 
 -4.77350000   0.05290000   0.04155000   0.21400000 
 -4.70450000   0.08721000   0.05111000   0.40050000 
 -4.63550000   0.05738000   0.03551000   0.20050000 
 -4.56550000   0.06313000   0.05484000   0.38520000 
 -4.49650000   0.01704000   0.01270000   0.11250000 
 -4.42750000   0.05939000   0.09640000   0.53850000 
 -4.35750000   0.06755000   0.10420000   0.72190000 
 -4.28850000   0.05472000   0.10650000   0.67730000 
 -4.21950000   0.08519000   0.07808000   0.94390000 
 -4.14950000   0.06037000   0.06766000   0.77990000 
 -4.08050000   0.03804000   0.08118000   0.72670000 
 -4.01150000   0.02583000   0.08678000   0.67080000 
 -3.94150000   0.06123000   0.08801000   1.24700000 
 -3.87250000   0.02197000   0.07774000   0.77510000 
 -3.80350000   0.03466000   0.06871000   1.04300000 
 -3.73350000   0.01919000   0.10270000   0.69860000 
 -3.66450000   0.03027000   0.09038000   0.72780000 
 -3.59550000   0.01572000   0.04159000   0.47030000 
 -3.52550000   0.02046000   0.06655000   0.99870000 
 -3.45650000   0.05123000   0.07733000   1.08900000 
 -3.38750000   0.00681500   0.02051000   0.42820000 
 -3.31750000   0.01997000   0.08912000   1.72700000 
 -3.24850000   0.02160000   0.10400000   1.53200000 
 -3.17950000   0.01252000   0.10640000   1.97100000 
 -3.10950000   0.01120000   0.09193000   2.02200000 
 -3.04050000   0.01883000   0.04904000   0.99100000 
 -2.97150000   0.01744000   0.11240000   2.44500000 
 -2.90150000   0.01550000   0.08790000   1.49600000 
 -2.83250000   0.00786700   0.02536000   0.86570000 
 -2.76350000   0.02323000   0.15770000   2.67300000 
 -2.69350000   0.01325000   0.06595000   1.47700000 
 -2.62450000   0.01690000   0.10830000   3.11900000 
 -2.55550000   0.01419000   0.11960000   3.14800000 
 -2.48550000   0.01250000   0.05870000   2.78000000 
 -2.41650000   0.01352000   0.07863000   2.85300000 
 -2.34750000   0.01491000   0.05354000   2.71100000 
 -2.27750000   0.01443000   0.06724000   2.50500000 
 -2.20850000   0.01881000   0.07771000   3.62700000 
 -2.13950000   0.03590000   0.08111000   4.77100000 
 -2.06950000   0.01559000   0.06424000   1.95200000 
 -2.00050000   0.06530000   0.13600000   5.12700000 
 -1.93150000   0.01585000   0.03051000   1.75900000 
 -1.86150000   0.02336000   0.08660000   4.28600000 
 -1.79250000   0.00772100   0.03264000   2.41200000 
 -1.72350000   0.01081000   0.03451000   2.37800000 
 -1.65350000   0.02594000   0.06437000   3.81500000 
 -1.58450000   0.02320000   0.07119000   4.47400000 
 -1.51550000   0.02317000   0.05276000   3.05600000 
 -1.44550000   0.02130000   0.12420000   2.79200000 
 -1.37650000   0.01353000   0.07029000   2.08600000 
 -1.30750000   0.02225000   0.12360000   3.54800000 
 -1.23750000   0.01834000   0.04765000   1.15400000 
 -1.16850000   0.03597000   0.11400000   2.32200000 
 -1.09950000   0.02686000   0.05863000   1.24200000 
 -1.02950000   0.01690000   0.05553000   1.24200000 
 -0.96050000   0.04418000   0.06058000   1.20500000 
 -0.89150000   0.04267000   0.10050000   1.74200000 
 -0.82150000   0.01595000   0.03322000   1.01800000 
 -0.75250000   0.04419000   0.03505000   1.18100000 
 -0.68350000   0.14280000   0.07774000   1.52100000 
 -0.61350000   0.05274000   0.07777000   1.08800000 
 -0.54450000   0.04199000   0.08835000   1.08400000 
 -0.47450000   0.02182000   0.03806000   0.51400000 
 -0.40550000   0.01071000   0.01393000   0.27760000 
 -0.33650000   0.01057000   0.02212000   0.30790000 
 -0.26650000   0.04817000   0.06220000   0.81200000 
 -0.19750000   0.02807000   0.05006000   0.57050000 
 -0.12850000   0.01865000   0.03688000   0.42810000 
 -0.05850000   0.00859300   0.02753000   0.34240000 
  0.01050000   0.03499000   0.07516000   0.72290000 
  0.07950000   0.02516000   0.04346000   0.45750000 
  0.14950000   0.02421000   0.04048000   0.30540000 
  0.21850000   0.02705000   0.03764000   0.28750000 
  0.28750000   0.03337000   0.05672000   0.48420000 
  0.35750000   0.04395000   0.08906000   0.48870000 
  0.42650000   0.02277000   0.05513000   0.41020000 
  0.49550000   0.02763000   0.04714000   0.32320000 
  0.56550000   0.02736000   0.05058000   0.40620000 
  0.63450000   0.02637000   0.05967000   0.40000000 
  0.70350000   0.03331000   0.08307000   0.56220000 
  0.77350000   0.03240000   0.09013000   0.42050000 
  0.84250000   0.02850000   0.07319000   0.37580000 
  0.91150000   0.02574000   0.05243000   0.29530000 
  0.98150000   0.02667000   0.03741000   0.27290000 
  1.05050000   0.01972000   0.03992000   0.34320000 
  1.11950000   0.01892000   0.04257000   0.27180000 
  1.18950000   0.01723000   0.03536000   0.19890000 
  1.25850000   0.02075000   0.05553000   0.29690000 
  1.32750000   0.03385000   0.08312000   0.42270000 
  1.39750000   0.03415000   0.09020000   0.33130000 
  1.46650000   0.01786000   0.05501000   0.25760000 
  1.53550000   0.02312000   0.07717000   0.22810000 
  1.60550000   0.01715000   0.07214000   0.22600000 
  1.67450000   0.01893000   0.05764000   0.31300000 
  1.74350000   0.01198000   0.04366000   0.22630000 
  1.81350000   0.02099000   0.05288000   0.21700000 
  1.88250000   0.02134000   0.04079000   0.17240000 
  1.95150000   0.01075000   0.03588000   0.13190000 
  2.02150000   0.02997000   0.05571000   0.17120000 
  2.09050000   0.02380000   0.06402000   0.18370000 
  2.15950000   0.02134000   0.06355000   0.18240000 
  2.22950000   0.01923000   0.06707000   0.26890000 
  2.29850000   0.01082000   0.03801000   0.14520000 
  2.36750000   0.02469000   0.06218000   0.18280000 
  2.43750000   0.03500000   0.08221000   0.32860000 
  2.50650000   0.01810000   0.05255000   0.16700000 
  2.57550000   0.01846000   0.05836000   0.17100000 
  2.64550000   0.03236000   0.07564000   0.30480000 
  2.71450000   0.03225000   0.09062000   0.29920000 
  2.78350000   0.06215000   0.12020000   0.39340000 
  2.85350000   0.01648000   0.05006000   0.15130000 
  2.92250000   0.01217000   0.03758000   0.12940000 
  2.99150000   0.01670000   0.05230000   0.14900000 
  3.06150000   0.01211000   0.06092000   0.18120000 
  3.13050000   0.00860500   0.04307000   0.11840000 
  3.19950000   0.01035000   0.04213000   0.07866000 
  3.26950000   0.00814000   0.04021000   0.10780000 
  3.33850000   0.01294000   0.03658000   0.11800000 
  3.40750000   0.01220000   0.03113000   0.08933000 
  3.47750000   0.00844700   0.02150000   0.10400000 
  3.54650000   0.01002000   0.01502000   0.06777000 
  3.61550000   0.01569000   0.01912000   0.06869000 
  3.68550000   0.00741000   0.01234000   0.02951000 
  3.75450000   0.00523300   0.00944700   0.02489000 
  3.82450000   0.00533700   0.00580100   0.01256000 
  3.89350000   0.00807000   0.00841300   0.01791000 
  3.96250000   0.01073000   0.01079000   0.02264000 
  4.03250000   0.01236000   0.01109000   0.02266000 
  4.10150000   0.01397000   0.01542000   0.02684000 
  4.17050000   0.00918900   0.01103000   0.01873000 
  4.24050000   0.00645300   0.00643700   0.00998100 
  4.30950000   0.00280400   0.00307700   0.00455500 
  4.37850000   0.00000000   0.00000000   0.00000000 
  4.44850000   0.00000000   0.00000000   0.00000000 
  4.51750000   0.00000000   0.00000000   0.00000000 
  4.58650000   0.00000000   0.00000000   0.00000000 
  4.65650000   0.00000000   0.00000000   0.00000000 
  4.72550000   0.00000000   0.00000000   0.00000000 
  4.79450000   0.00000000   0.00000000   0.00000000 
  4.86450000   0.00000000   0.00000000   0.00000000 
  4.93350000   0.00000000   0.00000000   0.00000000 
  5.00250000   0.00000000   0.00000000   0.00000000 
  5.07250000   0.00000000   0.00000000   0.00000000 
  5.14150000   0.00000000   0.00000000   0.00000000 
  5.21050000   0.00000000   0.00000000   0.00000000 
  5.28050000   0.00000000   0.00000000   0.00000000 
  5.34950000   0.00000000   0.00000000   0.00000000 
