-15.45250000   0.00000000   0.00000000   0.00000000 
-15.38250000   0.00000000   0.00000000   0.00000000 
-15.31350000   0.00000000   0.00000000   0.00000000 
-15.24450000   0.00000000   0.00000000   0.00000000 
-15.17450000   0.00000000   0.00000000   0.00000000 
-15.10550000   0.00000000   0.00000000   0.00000000 
-15.03650000   0.00000000   0.00000000   0.00000000 
-14.96650000   0.00000000   0.00000000   0.00000000 
-14.89750000   0.00000000   0.00000000   0.00000000 
-14.82850000   0.00000000   0.00000000   0.00000000 
-14.75850000   0.00000000   0.00000000   0.00000000 
-14.68950000   0.00000000   0.00000000   0.00000000 
-14.62050000   0.00000000   0.00000000   0.00000000 
-14.55050000   0.00000000   0.00000000   0.00000000 
-14.48150000   0.00000000   0.00000000   0.00000000 
-14.41250000   0.02057000   0.00358400   0.00071240 
-14.34250000   0.02588000   0.00490600   0.00106300 
-14.27350000   0.02327000   0.00496900   0.00116300 
-14.20450000   0.02267000   0.00535500   0.00130600 
-14.13450000   0.02518000   0.00627700   0.00155300 
-14.06550000   0.02687000   0.00667600   0.00178800 
-13.99650000   0.02805000   0.00734800   0.00205100 
-13.92650000   0.02945000   0.00803500   0.00231600 
-13.85750000   0.05262000   0.01280000   0.00380200 
-13.78850000   0.03442000   0.00928500   0.00275800 
-13.71850000   0.04458000   0.01231000   0.00392900 
-13.64950000   0.04407000   0.01832000   0.00734300 
-13.58050000   0.05083000   0.02194000   0.00890300 
-13.51050000   0.02733000   0.00977500   0.00353600 
-13.44150000   0.03215000   0.01311000   0.00525200 
-13.37250000   0.03945000   0.01839000   0.00738400 
-13.30250000   0.02822000   0.01685000   0.00770300 
-13.23350000   0.02980000   0.02243000   0.01125000 
-13.16350000   0.03205000   0.02953000   0.01539000 
-13.09450000   0.03424000   0.03895000   0.02093000 
-13.02550000   0.05386000   0.05433000   0.03201000 
-12.95550000   0.02699000   0.02798000   0.01660000 
-12.88650000   0.02035000   0.02134000   0.01260000 
-12.81750000   0.02837000   0.03059000   0.01846000 
-12.74750000   0.01659000   0.02861000   0.01855000 
-12.67850000   0.01795000   0.04565000   0.03095000 
-12.60950000   0.01033000   0.02740000   0.01831000 
-12.53950000   0.00731700   0.02147000   0.01506000 
-12.47050000   0.00777000   0.00345800   0.00203100 
-12.40150000   0.00616700   0.00998400   0.00576000 
-12.33150000   0.00374600   0.00496400   0.00316900 
-12.26250000   0.00186500   0.00433900   0.00287600 
-12.19350000   0.00120400   0.00370800   0.00248000 
-12.12350000   0.00076660   0.00331000   0.00223500 
-12.05450000   0.00045850   0.00132000   0.00083610 
-11.98550000   0.00034830   0.00114600   0.00073350 
-11.91550000   0.00026220   0.00106000   0.00069050 
-11.84650000   0.00016980   0.00099340   0.00066230 
-11.77750000   0.00004696   0.00136100   0.00095390 
-11.70750000   0.00001789   0.00082320   0.00058600 
-11.63850000   0.00000000   0.00000000   0.00000000 
-11.56950000   0.02113000   0.00097300   0.00386500 
-11.49950000   0.04377000   0.00347500   0.00876800 
-11.43050000   0.03405000   0.00558400   0.00757300 
-11.36150000   0.04242000   0.00803900   0.01031000 
-11.29150000   0.04744000   0.01441000   0.01408000 
-11.22250000   0.04947000   0.02429000   0.01862000 
-11.15350000   0.08749000   0.05795000   0.03519000 
-11.08350000   0.02811000   0.02724000   0.01569000 
-11.01450000   0.02507000   0.01936000   0.01383000 
-10.94550000   0.04465000   0.02127000   0.02103000 
-10.87550000   0.03119000   0.01861000   0.01817000 
-10.80650000   0.02106000   0.01602000   0.01506000 
-10.73750000   0.03102000   0.02727000   0.02418000 
-10.66750000   0.02648000   0.02496000   0.02233000 
-10.59850000   0.02801000   0.02579000   0.02288000 
-10.52950000   0.03323000   0.03169000   0.02679000 
-10.45950000   0.03707000   0.03665000   0.03140000 
-10.39050000   0.09040000   0.06491000   0.05503000 
-10.32150000   0.08970000   0.06020000   0.06676000 
-10.25150000   0.10580000   0.07767000   0.10100000 
-10.18250000   0.05493000   0.05774000   0.11030000 
-10.11350000   0.05884000   0.07883000   0.08056000 
-10.04350000   0.02271000   0.04170000   0.06879000 
 -9.97450000   0.04180000   0.17690000   0.22240000 
 -9.90550000   0.01798000   0.06625000   0.08990000 
 -9.83550000   0.01692000   0.05716000   0.08523000 
 -9.76650000   0.01237000   0.06088000   0.06940000 
 -9.69750000   0.00562400   0.02898000   0.03712000 
 -9.62750000   0.00500500   0.09030000   0.09603000 
 -9.55850000   0.00023930   0.00063190   0.00156700 
 -9.48950000   0.00016450   0.00039600   0.00096920 
 -9.41950000   0.00011110   0.00018510   0.00047050 
 -9.35050000   0.00002134   0.00011570   0.00017350 
 -9.28150000   0.00000000   0.00000000   0.00000000 
 -9.21150000   0.00000000   0.00000000   0.00000000 
 -9.14250000   0.00000000   0.00000000   0.00000000 
 -9.07250000   0.00000000   0.00000000   0.00000000 
 -9.00350000   0.00000000   0.00000000   0.00000000 
 -8.93450000   0.00000000   0.00000000   0.00000000 
 -8.86450000   0.00000000   0.00000000   0.00000000 
 -8.79550000   0.00000000   0.00000000   0.00000000 
 -8.72650000   0.00000000   0.00000000   0.00000000 
 -8.65650000   0.00000000   0.00000000   0.00000000 
 -8.58750000   0.00000000   0.00000000   0.00000000 
 -8.51850000   0.00000000   0.00000000   0.00000000 
 -8.44850000   0.00000000   0.00000000   0.00000000 
 -8.37950000   0.00000000   0.00000000   0.00000000 
 -8.31050000   0.00000000   0.00000000   0.00000000 
 -8.24050000   0.00000000   0.00000000   0.00000000 
 -8.17150000   0.00000000   0.00000000   0.00000000 
 -8.10250000   0.00000000   0.00000000   0.00000000 
 -8.03250000   0.00000000   0.00000000   0.00000000 
 -7.96350000   0.00000000   0.00000000   0.00000000 
 -7.89450000   0.00000000   0.00000000   0.00000000 
 -7.82450000   0.00000000   0.00000000   0.00000000 
 -7.75550000   0.00000000   0.00000000   0.00000000 
 -7.68650000   0.00000000   0.00000000   0.00000000 
 -7.61650000   0.00000000   0.00000000   0.00000000 
 -7.54750000   0.00000000   0.00000000   0.00000000 
 -7.47850000   0.00000000   0.00000000   0.00000000 
 -7.40850000   0.05752000   0.01158000   0.03142000 
 -7.33950000   0.04231000   0.00997300   0.02195000 
 -7.27050000   0.04263000   0.01104000   0.02159000 
 -7.20050000   0.04646000   0.01233000   0.02418000 
 -7.13150000   0.04737000   0.01367000   0.02600000 
 -7.06250000   0.05432000   0.01922000   0.03391000 
 -6.99250000   0.06210000   0.02498000   0.04325000 
 -6.92350000   0.12560000   0.05150000   0.09914000 
 -6.85450000   0.09796000   0.03320000   0.06455000 
 -6.78450000   0.11810000   0.05214000   0.11260000 
 -6.71550000   0.08815000   0.04503000   0.08156000 
 -6.64650000   0.11760000   0.05019000   0.13640000 
 -6.57650000   0.06820000   0.06003000   0.16020000 
 -6.50750000   0.04592000   0.03250000   0.07974000 
 -6.43850000   0.29770000   0.19810000   0.45290000 
 -6.36850000   0.00838700   0.00502000   0.01144000 
 -6.29950000   0.04749000   0.02675000   0.07645000 
 -6.23050000   0.14780000   0.08128000   0.23730000 
 -6.16050000   0.03707000   0.02293000   0.07343000 
 -6.09150000   0.11890000   0.07850000   0.30210000 
 -6.02250000   0.06159000   0.03429000   0.10600000 
 -5.95250000   0.09062000   0.05820000   0.22240000 
 -5.88350000   0.07669000   0.05042000   0.18190000 
 -5.81450000   0.09843000   0.05246000   0.24060000 
 -5.74450000   0.07821000   0.07722000   0.22240000 
 -5.67550000   0.02296000   0.00996200   0.04885000 
 -5.60650000   0.08716000   0.04025000   0.27330000 
 -5.53650000   0.11250000   0.05394000   0.36640000 
 -5.46750000   0.09348000   0.04940000   0.35960000 
 -5.39850000   0.04834000   0.03338000   0.17050000 
 -5.32850000   0.09873000   0.05487000   0.33880000 
 -5.25950000   0.08031000   0.04326000   0.30630000 
 -5.19050000   0.06695000   0.06217000   0.39260000 
 -5.12050000   0.06978000   0.06030000   0.46530000 
 -5.05150000   0.06794000   0.03536000   0.36390000 
 -4.98250000   0.09364000   0.05094000   0.34850000 
 -4.91250000   0.06286000   0.03955000   0.29090000 
 -4.84350000   0.05410000   0.03977000   0.25230000 
 -4.77350000   0.05362000   0.04036000   0.21420000 
 -4.70450000   0.07566000   0.04717000   0.38950000 
 -4.63550000   0.04916000   0.03899000   0.20750000 
 -4.56550000   0.06397000   0.05486000   0.39600000 
 -4.49650000   0.01397000   0.01521000   0.11500000 
 -4.42750000   0.06321000   0.09051000   0.52690000 
 -4.35750000   0.05417000   0.07931000   0.65590000 
 -4.28850000   0.05517000   0.11580000   0.68910000 
 -4.21950000   0.08824000   0.08803000   0.94230000 
 -4.14950000   0.06138000   0.06715000   0.78380000 
 -4.08050000   0.03423000   0.07335000   0.71850000 
 -4.01150000   0.02648000   0.08276000   0.66380000 
 -3.94150000   0.05576000   0.09298000   1.21400000 
 -3.87250000   0.03258000   0.06650000   0.72800000 
 -3.80350000   0.03061000   0.06774000   1.03700000 
 -3.73350000   0.02276000   0.09925000   0.75670000 
 -3.66450000   0.03782000   0.08698000   0.75110000 
 -3.59550000   0.01605000   0.04293000   0.46110000 
 -3.52550000   0.02375000   0.06477000   1.04600000 
 -3.45650000   0.05840000   0.08770000   1.06600000 
 -3.38750000   0.00706800   0.02023000   0.41720000 
 -3.31750000   0.02211000   0.08207000   1.93600000 
 -3.24850000   0.01849000   0.09700000   1.78000000 
 -3.17950000   0.01380000   0.11810000   1.85100000 
 -3.10950000   0.01206000   0.08785000   2.05900000 
 -3.04050000   0.01902000   0.04823000   1.02700000 
 -2.97150000   0.01966000   0.11530000   2.38100000 
 -2.90150000   0.01400000   0.08711000   1.42500000 
 -2.83250000   0.00810500   0.02709000   0.84280000 
 -2.76350000   0.02101000   0.15050000   2.37600000 
 -2.69350000   0.01254000   0.06808000   1.45000000 
 -2.62450000   0.01487000   0.12380000   3.04900000 
 -2.55550000   0.01499000   0.12010000   3.03500000 
 -2.48550000   0.01155000   0.05576000   3.04700000 
 -2.41650000   0.01395000   0.07703000   2.90900000 
 -2.34750000   0.01533000   0.05555000   2.57000000 
 -2.27750000   0.01398000   0.06711000   2.45700000 
 -2.20850000   0.01661000   0.07943000   3.62400000 
 -2.13950000   0.03967000   0.08118000   4.65200000 
 -2.06950000   0.01697000   0.06116000   1.85000000 
 -2.00050000   0.06772000   0.13410000   4.85100000 
 -1.93150000   0.01392000   0.03398000   1.89500000 
 -1.86150000   0.02042000   0.09039000   4.41800000 
 -1.79250000   0.00754800   0.03652000   2.43900000 
 -1.72350000   0.01137000   0.03660000   2.35400000 
 -1.65350000   0.02725000   0.06780000   3.79700000 
 -1.58450000   0.02395000   0.07048000   4.35100000 
 -1.51550000   0.02129000   0.05573000   2.96600000 
 -1.44550000   0.02186000   0.12140000   2.77500000 
 -1.37650000   0.01621000   0.06895000   2.09200000 
 -1.30750000   0.02453000   0.12290000   3.58600000 
 -1.23750000   0.01440000   0.04948000   1.13400000 
 -1.16850000   0.02847000   0.13900000   2.26000000 
 -1.09950000   0.02361000   0.06341000   0.94630000 
 -1.02950000   0.01814000   0.05519000   1.24900000 
 -0.96050000   0.03703000   0.06230000   1.18400000 
 -0.89150000   0.03797000   0.10040000   1.70400000 
 -0.82150000   0.01611000   0.03244000   1.00000000 
 -0.75250000   0.04141000   0.03685000   1.06300000 
 -0.68350000   0.13960000   0.07904000   1.46500000 
 -0.61350000   0.05294000   0.08358000   1.08600000 
 -0.54450000   0.04246000   0.07771000   1.17300000 
 -0.47450000   0.02352000   0.03834000   0.55040000 
 -0.40550000   0.01048000   0.01385000   0.25970000 
 -0.33650000   0.01353000   0.02079000   0.30010000 
 -0.26650000   0.03673000   0.06108000   0.76090000 
 -0.19750000   0.03433000   0.05680000   0.60640000 
 -0.12850000   0.01961000   0.03490000   0.46740000 
 -0.05850000   0.00723300   0.02648000   0.33970000 
  0.01050000   0.03402000   0.07132000   0.65370000 
  0.07950000   0.02546000   0.04402000   0.47360000 
  0.14950000   0.02447000   0.04062000   0.31690000 
  0.21850000   0.02441000   0.03545000   0.27220000 
  0.28750000   0.03118000   0.06120000   0.45510000 
  0.35750000   0.04980000   0.09291000   0.49740000 
  0.42650000   0.02069000   0.05455000   0.41160000 
  0.49550000   0.02710000   0.04729000   0.31730000 
  0.56550000   0.02666000   0.05365000   0.42790000 
  0.63450000   0.02644000   0.05989000   0.38240000 
  0.70350000   0.03624000   0.08166000   0.53040000 
  0.77350000   0.02747000   0.08364000   0.41720000 
  0.84250000   0.02703000   0.07100000   0.37180000 
  0.91150000   0.02596000   0.05231000   0.30450000 
  0.98150000   0.02918000   0.04194000   0.27640000 
  1.05050000   0.01533000   0.04410000   0.34370000 
  1.11950000   0.01811000   0.04212000   0.26200000 
  1.18950000   0.01629000   0.03552000   0.19870000 
  1.25850000   0.02481000   0.05349000   0.29620000 
  1.32750000   0.03939000   0.09333000   0.42140000 
  1.39750000   0.03556000   0.08784000   0.33390000 
  1.46650000   0.01804000   0.05784000   0.25700000 
  1.53550000   0.02255000   0.07303000   0.22880000 
  1.60550000   0.01787000   0.07453000   0.21840000 
  1.67450000   0.01677000   0.05874000   0.30000000 
  1.74350000   0.01251000   0.04406000   0.22970000 
  1.81350000   0.01933000   0.05357000   0.21200000 
  1.88250000   0.02270000   0.04255000   0.18120000 
  1.95150000   0.00995100   0.03664000   0.13170000 
  2.02150000   0.03167000   0.05832000   0.16910000 
  2.09050000   0.02445000   0.06763000   0.19190000 
  2.15950000   0.02039000   0.05681000   0.17930000 
  2.22950000   0.02071000   0.06870000   0.27440000 
  2.29850000   0.01315000   0.04037000   0.14880000 
  2.36750000   0.02610000   0.06651000   0.16610000 
  2.43750000   0.03043000   0.07038000   0.31430000 
  2.50650000   0.01761000   0.05131000   0.18240000 
  2.57550000   0.02211000   0.05708000   0.17850000 
  2.64550000   0.03663000   0.07815000   0.32590000 
  2.71450000   0.03663000   0.09196000   0.27540000 
  2.78350000   0.05105000   0.13420000   0.44180000 
  2.85350000   0.01467000   0.04962000   0.15710000 
  2.92250000   0.01152000   0.03590000   0.12690000 
  2.99150000   0.02131000   0.05089000   0.14000000 
  3.06150000   0.00880600   0.06388000   0.19050000 
  3.13050000   0.00672400   0.05370000   0.10920000 
  3.19950000   0.01014000   0.03833000   0.07695000 
  3.26950000   0.01164000   0.04076000   0.10050000 
  3.33850000   0.01272000   0.03402000   0.11290000 
  3.40750000   0.00888000   0.03060000   0.09818000 
  3.47750000   0.01056000   0.02172000   0.10220000 
  3.54650000   0.00877900   0.01477000   0.07070000 
  3.61550000   0.01230000   0.01939000   0.06796000 
  3.68550000   0.00702300   0.00924800   0.02646000 
  3.75450000   0.00623900   0.00881200   0.02484000 
  3.82450000   0.00583800   0.00642500   0.01353000 
  3.89350000   0.00862500   0.00929300   0.01960000 
  3.96250000   0.01135000   0.01228000   0.02460000 
  4.03250000   0.01328000   0.01359000   0.02441000 
  4.10150000   0.01498000   0.02151000   0.03040000 
  4.17050000   0.00938500   0.01476000   0.02175000 
  4.24050000   0.00758700   0.00788000   0.01122000 
  4.30950000   0.00404500   0.00396900   0.00521700 
  4.37850000   0.00000000   0.00000000   0.00000000 
  4.44850000   0.00000000   0.00000000   0.00000000 
  4.51750000   0.00000000   0.00000000   0.00000000 
  4.58650000   0.00000000   0.00000000   0.00000000 
  4.65650000   0.00000000   0.00000000   0.00000000 
  4.72550000   0.00000000   0.00000000   0.00000000 
  4.79450000   0.00000000   0.00000000   0.00000000 
  4.86450000   0.00000000   0.00000000   0.00000000 
  4.93350000   0.00000000   0.00000000   0.00000000 
  5.00250000   0.00000000   0.00000000   0.00000000 
  5.07250000   0.00000000   0.00000000   0.00000000 
  5.14150000   0.00000000   0.00000000   0.00000000 
  5.21050000   0.00000000   0.00000000   0.00000000 
  5.28050000   0.00000000   0.00000000   0.00000000 
  5.34950000   0.00000000   0.00000000   0.00000000 
