-15.45250000   0.00000000   0.00000000   0.00000000 
-15.38250000   0.00000000   0.00000000   0.00000000 
-15.31350000   0.00000000   0.00000000   0.00000000 
-15.24450000   0.00000000   0.00000000   0.00000000 
-15.17450000   0.00000000   0.00000000   0.00000000 
-15.10550000   0.00000000   0.00000000   0.00000000 
-15.03650000   0.00000000   0.00000000   0.00000000 
-14.96650000   0.00000000   0.00000000   0.00000000 
-14.89750000   0.00000000   0.00000000   0.00000000 
-14.82850000   0.00000000   0.00000000   0.00000000 
-14.75850000   0.00000000   0.00000000   0.00000000 
-14.68950000   0.00000000   0.00000000   0.00000000 
-14.62050000   0.00000000   0.00000000   0.00000000 
-14.55050000   0.00000000   0.00000000   0.00000000 
-14.48150000   0.00000000   0.00000000   0.00000000 
-14.41250000   0.03124000   0.00099320   0.00062370 
-14.34250000   0.03898000   0.00176000   0.00087950 
-14.27350000   0.03609000   0.00223900   0.00094750 
-14.20450000   0.03757000   0.00272300   0.00109500 
-14.13450000   0.04066000   0.00349300   0.00126200 
-14.06550000   0.03406000   0.00391900   0.00123900 
-13.99650000   0.03577000   0.00437500   0.00145500 
-13.92650000   0.03863000   0.00476500   0.00169000 
-13.85750000   0.05124000   0.01113000   0.00276600 
-13.78850000   0.03935000   0.00676800   0.00201800 
-13.71850000   0.04432000   0.01065000   0.00286000 
-13.64950000   0.03858000   0.02066000   0.00472000 
-13.58050000   0.03645000   0.02415000   0.00579700 
-13.51050000   0.01982000   0.00807200   0.00273900 
-13.44150000   0.02337000   0.01431000   0.00417000 
-13.37250000   0.03097000   0.01704000   0.00552600 
-13.30250000   0.01998000   0.01526000   0.00556100 
-13.23350000   0.01917000   0.02225000   0.00785800 
-13.16350000   0.02076000   0.02713000   0.01097000 
-13.09450000   0.02243000   0.03512000   0.01533000 
-13.02550000   0.03333000   0.04854000   0.02396000 
-12.95550000   0.01627000   0.02572000   0.01259000 
-12.88650000   0.01092000   0.02047000   0.01021000 
-12.81750000   0.01242000   0.02753000   0.01406000 
-12.74750000   0.01191000   0.02927000   0.01419000 
-12.67850000   0.02127000   0.04516000   0.02439000 
-12.60950000   0.00850300   0.02591000   0.01290000 
-12.53950000   0.01160000   0.02918000   0.01137000 
-12.47050000   0.01232000   0.01153000   0.00485800 
-12.40150000   0.01405000   0.01286000   0.01155000 
-12.33150000   0.01326000   0.01031000   0.00777600 
-12.26250000   0.01258000   0.00890700   0.00794200 
-12.19350000   0.00919900   0.00631600   0.00683300 
-12.12350000   0.00543800   0.00369100   0.00571000 
-12.05450000   0.00273100   0.00212300   0.00247700 
-11.98550000   0.00234000   0.00188300   0.00225300 
-11.91550000   0.00190000   0.00166900   0.00216200 
-11.84650000   0.00182700   0.00157900   0.00225000 
-11.77750000   0.00231000   0.00199700   0.00346300 
-11.70750000   0.00133200   0.00117000   0.00216700 
-11.63850000   0.00000000   0.00000000   0.00000000 
-11.56950000   0.01265000   0.00093030   0.00682200 
-11.49950000   0.02798000   0.00278000   0.01498000 
-11.43050000   0.02724000   0.00473900   0.01532000 
-11.36150000   0.02606000   0.00708300   0.01517000 
-11.29150000   0.03566000   0.01276000   0.02120000 
-11.22250000   0.04595000   0.02441000   0.03012000 
-11.15350000   0.07509000   0.07258000   0.06322000 
-11.08350000   0.02867000   0.03986000   0.02582000 
-11.01450000   0.03803000   0.02186000   0.03274000 
-10.94550000   0.06789000   0.02939000   0.03901000 
-10.87550000   0.04969000   0.02823000   0.02667000 
-10.80650000   0.03433000   0.02790000   0.01791000 
-10.73750000   0.06425000   0.03950000   0.01690000 
-10.66750000   0.04964000   0.03476000   0.01599000 
-10.59850000   0.05032000   0.03430000   0.01673000 
-10.52950000   0.05336000   0.04328000   0.02055000 
-10.45950000   0.05222000   0.05275000   0.02740000 
-10.39050000   0.05420000   0.05662000   0.04497000 
-10.32150000   0.03176000   0.04548000   0.05458000 
-10.25150000   0.02344000   0.05891000   0.06384000 
-10.18250000   0.01262000   0.04692000   0.04523000 
-10.11350000   0.02516000   0.04832000   0.06601000 
-10.04350000   0.02765000   0.02979000   0.03764000 
 -9.97450000   0.08314000   0.08892000   0.13500000 
 -9.90550000   0.02949000   0.03535000   0.08597000 
 -9.83550000   0.01757000   0.03705000   0.04780000 
 -9.76650000   0.01338000   0.04727000   0.04389000 
 -9.69750000   0.00477200   0.01205000   0.02509000 
 -9.62750000   0.00788500   0.03451000   0.06855000 
 -9.55850000   0.00118300   0.00259800   0.00148300 
 -9.48950000   0.00093210   0.00202500   0.00147000 
 -9.41950000   0.00063880   0.00132600   0.00148600 
 -9.35050000   0.00011510   0.00028800   0.00051340 
 -9.28150000   0.00000000   0.00000000   0.00000000 
 -9.21150000   0.00000000   0.00000000   0.00000000 
 -9.14250000   0.00000000   0.00000000   0.00000000 
 -9.07250000   0.00000000   0.00000000   0.00000000 
 -9.00350000   0.00000000   0.00000000   0.00000000 
 -8.93450000   0.00000000   0.00000000   0.00000000 
 -8.86450000   0.00000000   0.00000000   0.00000000 
 -8.79550000   0.00000000   0.00000000   0.00000000 
 -8.72650000   0.00000000   0.00000000   0.00000000 
 -8.65650000   0.00000000   0.00000000   0.00000000 
 -8.58750000   0.00000000   0.00000000   0.00000000 
 -8.51850000   0.00000000   0.00000000   0.00000000 
 -8.44850000   0.00000000   0.00000000   0.00000000 
 -8.37950000   0.00000000   0.00000000   0.00000000 
 -8.31050000   0.00000000   0.00000000   0.00000000 
 -8.24050000   0.00000000   0.00000000   0.00000000 
 -8.17150000   0.00000000   0.00000000   0.00000000 
 -8.10250000   0.00000000   0.00000000   0.00000000 
 -8.03250000   0.00000000   0.00000000   0.00000000 
 -7.96350000   0.00000000   0.00000000   0.00000000 
 -7.89450000   0.00000000   0.00000000   0.00000000 
 -7.82450000   0.00000000   0.00000000   0.00000000 
 -7.75550000   0.00000000   0.00000000   0.00000000 
 -7.68650000   0.00000000   0.00000000   0.00000000 
 -7.61650000   0.00000000   0.00000000   0.00000000 
 -7.54750000   0.00000000   0.00000000   0.00000000 
 -7.47850000   0.00000000   0.00000000   0.00000000 
 -7.40850000   0.10770000   0.01161000   0.03983000 
 -7.33950000   0.07421000   0.01156000   0.02730000 
 -7.27050000   0.06531000   0.01379000   0.02549000 
 -7.20050000   0.05897000   0.01625000   0.02829000 
 -7.13150000   0.05800000   0.01747000   0.03051000 
 -7.06250000   0.06377000   0.02357000   0.03908000 
 -6.99250000   0.06944000   0.03007000   0.04976000 
 -6.92350000   0.09785000   0.07075000   0.12370000 
 -6.85450000   0.07800000   0.03959000   0.08173000 
 -6.78450000   0.11610000   0.06397000   0.10020000 
 -6.71550000   0.07281000   0.06051000   0.07167000 
 -6.64650000   0.16850000   0.05252000   0.14020000 
 -6.57650000   0.13430000   0.04705000   0.18270000 
 -6.50750000   0.07181000   0.03040000   0.08930000 
 -6.43850000   0.37400000   0.15790000   0.48750000 
 -6.36850000   0.01060000   0.00759100   0.01214000 
 -6.29950000   0.06636000   0.03917000   0.07947000 
 -6.23050000   0.19030000   0.10500000   0.28410000 
 -6.16050000   0.07085000   0.03204000   0.07831000 
 -6.09150000   0.19740000   0.09456000   0.27300000 
 -6.02250000   0.06885000   0.03843000   0.11380000 
 -5.95250000   0.07329000   0.06117000   0.21980000 
 -5.88350000   0.07533000   0.05926000   0.21540000 
 -5.81450000   0.08183000   0.08676000   0.21940000 
 -5.74450000   0.03583000   0.04663000   0.20490000 
 -5.67550000   0.03303000   0.01150000   0.06211000 
 -5.60650000   0.07633000   0.08416000   0.28310000 
 -5.53650000   0.08946000   0.08054000   0.36160000 
 -5.46750000   0.07615000   0.06481000   0.33940000 
 -5.39850000   0.04508000   0.03612000   0.18110000 
 -5.32850000   0.05572000   0.05920000   0.42560000 
 -5.25950000   0.04629000   0.05575000   0.31900000 
 -5.19050000   0.05539000   0.06507000   0.48990000 
 -5.12050000   0.04377000   0.06453000   0.51190000 
 -5.05150000   0.07919000   0.04483000   0.69380000 
 -4.98250000   0.04715000   0.04854000   0.45010000 
 -4.91250000   0.03671000   0.05151000   0.36460000 
 -4.84350000   0.04638000   0.05500000   0.38480000 
 -4.77350000   0.04533000   0.05411000   0.36700000 
 -4.70450000   0.05366000   0.05567000   0.70810000 
 -4.63550000   0.04274000   0.03810000   0.35090000 
 -4.56550000   0.03558000   0.07921000   0.84340000 
 -4.49650000   0.01119000   0.02389000   0.34020000 
 -4.42750000   0.03829000   0.16780000   1.15200000 
 -4.35750000   0.06038000   0.10700000   0.94680000 
 -4.28850000   0.04147000   0.09599000   0.74530000 
 -4.21950000   0.03498000   0.08461000   0.93980000 
 -4.14950000   0.03126000   0.11970000   0.92070000 
 -4.08050000   0.04328000   0.10520000   0.84910000 
 -4.01150000   0.03846000   0.08947000   0.72100000 
 -3.94150000   0.03060000   0.14170000   1.09900000 
 -3.87250000   0.04015000   0.10130000   0.60090000 
 -3.80350000   0.02275000   0.08972000   0.70280000 
 -3.73350000   0.01622000   0.11820000   0.88770000 
 -3.66450000   0.03270000   0.14890000   1.62100000 
 -3.59550000   0.01103000   0.05713000   0.69020000 
 -3.52550000   0.00930700   0.11450000   1.14800000 
 -3.45650000   0.03202000   0.06818000   1.52700000 
 -3.38750000   0.00956900   0.03443000   0.48910000 
 -3.31750000   0.04404000   0.08865000   1.65200000 
 -3.24850000   0.02822000   0.08190000   1.71100000 
 -3.17950000   0.02102000   0.06912000   1.38800000 
 -3.10950000   0.02707000   0.05933000   1.69500000 
 -3.04050000   0.02788000   0.04171000   1.12300000 
 -2.97150000   0.03407000   0.10810000   2.94700000 
 -2.90150000   0.02332000   0.10040000   1.96700000 
 -2.83250000   0.00880600   0.04315000   0.93010000 
 -2.76350000   0.02020000   0.15740000   3.17300000 
 -2.69350000   0.00803800   0.06956000   2.16400000 
 -2.62450000   0.01095000   0.07612000   2.78400000 
 -2.55550000   0.01770000   0.08846000   2.06700000 
 -2.48550000   0.01552000   0.05663000   2.27800000 
 -2.41650000   0.02195000   0.06459000   2.79800000 
 -2.34750000   0.02022000   0.08150000   3.38900000 
 -2.27750000   0.01769000   0.06457000   2.63400000 
 -2.20850000   0.02417000   0.13030000   5.39100000 
 -2.13950000   0.01573000   0.06843000   5.33100000 
 -2.06950000   0.01309000   0.04710000   2.45900000 
 -2.00050000   0.02134000   0.06445000   4.35900000 
 -1.93150000   0.00576500   0.01883000   1.43500000 
 -1.86150000   0.01165000   0.07797000   5.24900000 
 -1.79250000   0.01717000   0.03884000   3.63900000 
 -1.72350000   0.00775200   0.02721000   1.78200000 
 -1.65350000   0.01928000   0.05345000   2.32700000 
 -1.58450000   0.02832000   0.03651000   2.38400000 
 -1.51550000   0.03220000   0.03724000   1.93500000 
 -1.44550000   0.02752000   0.05936000   2.13900000 
 -1.37650000   0.02593000   0.05642000   2.00100000 
 -1.30750000   0.03717000   0.12270000   2.40400000 
 -1.23750000   0.01674000   0.07074000   1.11800000 
 -1.16850000   0.01979000   0.10140000   1.66500000 
 -1.09950000   0.01645000   0.03901000   0.91520000 
 -1.02950000   0.01274000   0.03261000   0.91490000 
 -0.96050000   0.02057000   0.06519000   1.36600000 
 -0.89150000   0.01877000   0.06591000   1.32200000 
 -0.82150000   0.02292000   0.02501000   0.80130000 
 -0.75250000   0.02564000   0.02667000   1.03500000 
 -0.68350000   0.05828000   0.06833000   1.88900000 
 -0.61350000   0.02945000   0.06097000   1.41600000 
 -0.54450000   0.03257000   0.07457000   1.54800000 
 -0.47450000   0.02919000   0.05090000   0.57970000 
 -0.40550000   0.01811000   0.01487000   0.32870000 
 -0.33650000   0.01273000   0.02191000   0.24190000 
 -0.26650000   0.01633000   0.06870000   0.54840000 
 -0.19750000   0.01343000   0.05210000   0.47320000 
 -0.12850000   0.00962500   0.04850000   0.37280000 
 -0.05850000   0.00840200   0.03581000   0.30330000 
  0.01050000   0.01832000   0.04392000   0.49480000 
  0.07950000   0.01355000   0.03841000   0.35570000 
  0.14950000   0.00948900   0.03143000   0.25980000 
  0.21850000   0.01184000   0.02514000   0.34180000 
  0.28750000   0.02027000   0.04024000   0.50470000 
  0.35750000   0.02350000   0.04694000   0.54770000 
  0.42650000   0.01562000   0.04375000   0.49490000 
  0.49550000   0.01750000   0.03470000   0.34480000 
  0.56550000   0.02142000   0.04088000   0.45300000 
  0.63450000   0.01820000   0.03978000   0.42770000 
  0.70350000   0.02798000   0.05705000   0.52050000 
  0.77350000   0.03370000   0.05390000   0.56840000 
  0.84250000   0.02667000   0.04793000   0.40610000 
  0.91150000   0.01908000   0.04245000   0.36530000 
  0.98150000   0.01387000   0.03752000   0.29960000 
  1.05050000   0.02423000   0.03787000   0.35150000 
  1.11950000   0.02058000   0.04473000   0.34540000 
  1.18950000   0.01785000   0.03069000   0.21800000 
  1.25850000   0.01993000   0.05401000   0.32280000 
  1.32750000   0.03254000   0.07561000   0.36730000 
  1.39750000   0.03392000   0.05987000   0.24140000 
  1.46650000   0.02372000   0.04733000   0.27810000 
  1.53550000   0.02252000   0.06145000   0.31020000 
  1.60550000   0.02352000   0.06551000   0.32510000 
  1.67450000   0.02272000   0.07961000   0.47350000 
  1.74350000   0.01586000   0.05044000   0.31160000 
  1.81350000   0.02531000   0.05528000   0.23480000 
  1.88250000   0.01995000   0.05160000   0.21140000 
  1.95150000   0.01588000   0.04035000   0.13980000 
  2.02150000   0.03157000   0.06209000   0.26180000 
  2.09050000   0.03080000   0.05853000   0.20260000 
  2.15950000   0.03040000   0.05488000   0.21740000 
  2.22950000   0.03752000   0.07316000   0.27350000 
  2.29850000   0.02265000   0.03447000   0.13670000 
  2.36750000   0.02135000   0.03158000   0.25880000 
  2.43750000   0.02537000   0.04056000   0.22960000 
  2.50650000   0.01872000   0.04032000   0.13260000 
  2.57550000   0.01921000   0.03993000   0.15840000 
  2.64550000   0.03355000   0.04202000   0.29220000 
  2.71450000   0.02472000   0.04707000   0.28700000 
  2.78350000   0.04253000   0.06875000   0.53780000 
  2.85350000   0.01842000   0.03037000   0.21980000 
  2.92250000   0.01492000   0.02546000   0.17460000 
  2.99150000   0.01394000   0.03154000   0.22160000 
  3.06150000   0.01430000   0.04082000   0.27830000 
  3.13050000   0.00943500   0.03904000   0.22800000 
  3.19950000   0.00707300   0.02441000   0.20700000 
  3.26950000   0.01012000   0.03339000   0.25540000 
  3.33850000   0.00843200   0.03920000   0.22150000 
  3.40750000   0.00559800   0.02660000   0.15120000 
  3.47750000   0.00510400   0.02682000   0.10750000 
  3.54650000   0.00433800   0.01586000   0.06319000 
  3.61550000   0.00939700   0.01549000   0.06917000 
  3.68550000   0.00555200   0.00516200   0.02783000 
  3.75450000   0.00807600   0.00336100   0.01641000 
  3.82450000   0.00708200   0.00238000   0.00833600 
  3.89350000   0.01010000   0.00357800   0.01141000 
  3.96250000   0.01273000   0.00460700   0.01379000 
  4.03250000   0.01406000   0.00479100   0.01404000 
  4.10150000   0.01427000   0.00551900   0.01703000 
  4.17050000   0.00670100   0.00363000   0.01122000 
  4.24050000   0.00761000   0.00283600   0.00571600 
  4.30950000   0.00434400   0.00143900   0.00265500 
  4.37850000   0.00000000   0.00000000   0.00000000 
  4.44850000   0.00000000   0.00000000   0.00000000 
  4.51750000   0.00000000   0.00000000   0.00000000 
  4.58650000   0.00000000   0.00000000   0.00000000 
  4.65650000   0.00000000   0.00000000   0.00000000 
  4.72550000   0.00000000   0.00000000   0.00000000 
  4.79450000   0.00000000   0.00000000   0.00000000 
  4.86450000   0.00000000   0.00000000   0.00000000 
  4.93350000   0.00000000   0.00000000   0.00000000 
  5.00250000   0.00000000   0.00000000   0.00000000 
  5.07250000   0.00000000   0.00000000   0.00000000 
  5.14150000   0.00000000   0.00000000   0.00000000 
  5.21050000   0.00000000   0.00000000   0.00000000 
  5.28050000   0.00000000   0.00000000   0.00000000 
  5.34950000   0.00000000   0.00000000   0.00000000 
