-15.45250000   0.00000000   0.00000000   0.00000000 
-15.38250000   0.00000000   0.00000000   0.00000000 
-15.31350000   0.00000000   0.00000000   0.00000000 
-15.24450000   0.00000000   0.00000000   0.00000000 
-15.17450000   0.00000000   0.00000000   0.00000000 
-15.10550000   0.00000000   0.00000000   0.00000000 
-15.03650000   0.00000000   0.00000000   0.00000000 
-14.96650000   0.00000000   0.00000000   0.00000000 
-14.89750000   0.00000000   0.00000000   0.00000000 
-14.82850000   0.00000000   0.00000000   0.00000000 
-14.75850000   0.00000000   0.00000000   0.00000000 
-14.68950000   0.00000000   0.00000000   0.00000000 
-14.62050000   0.00000000   0.00000000   0.00000000 
-14.55050000   0.00000000   0.00000000   0.00000000 
-14.48150000   0.00000000   0.00000000   0.00000000 
-14.41250000   0.03120000   0.00099430   0.00060370 
-14.34250000   0.03893000   0.00176200   0.00084960 
-14.27350000   0.03422000   0.00226400   0.00092710 
-14.20450000   0.03239000   0.00280400   0.00107300 
-14.13450000   0.03561000   0.00350200   0.00133000 
-14.06550000   0.03886000   0.00370800   0.00135900 
-13.99650000   0.03955000   0.00419800   0.00152900 
-13.92650000   0.04057000   0.00464400   0.00169000 
-13.85750000   0.05047000   0.01105000   0.00273000 
-13.78850000   0.03781000   0.00667000   0.00201100 
-13.71850000   0.04304000   0.01028000   0.00274200 
-13.64950000   0.03727000   0.02015000   0.00464100 
-13.58050000   0.03748000   0.02446000   0.00613400 
-13.51050000   0.01832000   0.00889700   0.00312700 
-13.44150000   0.01760000   0.01231000   0.00452700 
-13.37250000   0.02315000   0.01753000   0.00629800 
-13.30250000   0.02020000   0.01683000   0.00559100 
-13.23350000   0.02719000   0.02172000   0.00726400 
-13.16350000   0.02894000   0.02607000   0.01019000 
-13.09450000   0.02704000   0.03389000   0.01525000 
-13.02550000   0.03985000   0.05032000   0.02160000 
-12.95550000   0.01805000   0.02724000   0.01179000 
-12.88650000   0.01162000   0.02268000   0.00960700 
-12.81750000   0.01184000   0.02856000   0.01503000 
-12.74750000   0.01351000   0.02612000   0.01472000 
-12.67850000   0.02086000   0.04422000   0.02305000 
-12.60950000   0.00825200   0.02662000   0.01391000 
-12.53950000   0.01061000   0.02796000   0.01108000 
-12.47050000   0.01168000   0.01082000   0.00481100 
-12.40150000   0.01386000   0.01327000   0.01125000 
-12.33150000   0.01320000   0.01094000   0.00742600 
-12.26250000   0.01047000   0.00756300   0.00758700 
-12.19350000   0.00837200   0.00572900   0.00685900 
-12.12350000   0.00563700   0.00372100   0.00606600 
-12.05450000   0.00269600   0.00216000   0.00248600 
-11.98550000   0.00229400   0.00190000   0.00229800 
-11.91550000   0.00183700   0.00163800   0.00221500 
-11.84650000   0.00175600   0.00154900   0.00228600 
-11.77750000   0.00213900   0.00197600   0.00350800 
-11.70750000   0.00118200   0.00114400   0.00221100 
-11.63850000   0.00000000   0.00000000   0.00000000 
-11.56950000   0.01265000   0.00111000   0.00671900 
-11.49950000   0.02762000   0.00329800   0.01468000 
-11.43050000   0.02460000   0.00421400   0.01336000 
-11.36150000   0.02965000   0.00615000   0.01697000 
-11.29150000   0.03421000   0.01391000   0.02131000 
-11.22250000   0.03934000   0.02653000   0.02732000 
-11.15350000   0.08419000   0.06897000   0.06669000 
-11.08350000   0.04229000   0.02750000   0.03513000 
-11.01450000   0.03219000   0.03498000   0.02296000 
-10.94550000   0.06095000   0.03563000   0.03571000 
-10.87550000   0.04753000   0.03044000   0.02687000 
-10.80650000   0.03588000   0.02615000   0.01903000 
-10.73750000   0.06376000   0.03448000   0.01827000 
-10.66750000   0.05352000   0.03312000   0.01747000 
-10.59850000   0.05042000   0.03405000   0.01724000 
-10.52950000   0.05415000   0.04153000   0.02156000 
-10.45950000   0.05426000   0.05126000   0.02767000 
-10.39050000   0.05054000   0.05465000   0.04143000 
-10.32150000   0.03316000   0.04434000   0.05552000 
-10.25150000   0.02456000   0.05806000   0.05785000 
-10.18250000   0.01607000   0.05051000   0.05699000 
-10.11350000   0.02575000   0.05114000   0.06546000 
-10.04350000   0.02266000   0.03111000   0.03851000 
 -9.97450000   0.08862000   0.08537000   0.15490000 
 -9.90550000   0.02996000   0.03542000   0.08175000 
 -9.83550000   0.01460000   0.03439000   0.04976000 
 -9.76650000   0.01423000   0.04864000   0.04265000 
 -9.69750000   0.00492200   0.01242000   0.02497000 
 -9.62750000   0.00785900   0.03481000   0.06876000 
 -9.55850000   0.00126900   0.00271800   0.00159000 
 -9.48950000   0.00096700   0.00208700   0.00154900 
 -9.41950000   0.00059790   0.00132400   0.00152100 
 -9.35050000   0.00007495   0.00022610   0.00046170 
 -9.28150000   0.00000000   0.00000000   0.00000000 
 -9.21150000   0.00000000   0.00000000   0.00000000 
 -9.14250000   0.00000000   0.00000000   0.00000000 
 -9.07250000   0.00000000   0.00000000   0.00000000 
 -9.00350000   0.00000000   0.00000000   0.00000000 
 -8.93450000   0.00000000   0.00000000   0.00000000 
 -8.86450000   0.00000000   0.00000000   0.00000000 
 -8.79550000   0.00000000   0.00000000   0.00000000 
 -8.72650000   0.00000000   0.00000000   0.00000000 
 -8.65650000   0.00000000   0.00000000   0.00000000 
 -8.58750000   0.00000000   0.00000000   0.00000000 
 -8.51850000   0.00000000   0.00000000   0.00000000 
 -8.44850000   0.00000000   0.00000000   0.00000000 
 -8.37950000   0.00000000   0.00000000   0.00000000 
 -8.31050000   0.00000000   0.00000000   0.00000000 
 -8.24050000   0.00000000   0.00000000   0.00000000 
 -8.17150000   0.00000000   0.00000000   0.00000000 
 -8.10250000   0.00000000   0.00000000   0.00000000 
 -8.03250000   0.00000000   0.00000000   0.00000000 
 -7.96350000   0.00000000   0.00000000   0.00000000 
 -7.89450000   0.00000000   0.00000000   0.00000000 
 -7.82450000   0.00000000   0.00000000   0.00000000 
 -7.75550000   0.00000000   0.00000000   0.00000000 
 -7.68650000   0.00000000   0.00000000   0.00000000 
 -7.61650000   0.00000000   0.00000000   0.00000000 
 -7.54750000   0.00000000   0.00000000   0.00000000 
 -7.47850000   0.00000000   0.00000000   0.00000000 
 -7.40850000   0.09726000   0.01276000   0.03743000 
 -7.33950000   0.07003000   0.01284000   0.02715000 
 -7.27050000   0.06779000   0.01432000   0.02691000 
 -7.20050000   0.06503000   0.01455000   0.02869000 
 -7.13150000   0.06135000   0.01632000   0.03111000 
 -7.06250000   0.06487000   0.02290000   0.04198000 
 -6.99250000   0.07146000   0.02939000   0.05368000 
 -6.92350000   0.07837000   0.07823000   0.12760000 
 -6.85450000   0.08755000   0.04274000   0.05737000 
 -6.78450000   0.11270000   0.06394000   0.10060000 
 -6.71550000   0.07342000   0.05594000   0.07454000 
 -6.64650000   0.14240000   0.05510000   0.15140000 
 -6.57650000   0.12820000   0.04999000   0.18200000 
 -6.50750000   0.08607000   0.02794000   0.08916000 
 -6.43850000   0.39610000   0.15690000   0.47260000 
 -6.36850000   0.01245000   0.00622100   0.01692000 
 -6.29950000   0.07473000   0.03971000   0.08215000 
 -6.23050000   0.15680000   0.10600000   0.30650000 
 -6.16050000   0.07387000   0.02946000   0.08198000 
 -6.09150000   0.20180000   0.08782000   0.27330000 
 -6.02250000   0.06297000   0.04449000   0.10730000 
 -5.95250000   0.05154000   0.05841000   0.22410000 
 -5.88350000   0.07133000   0.05499000   0.20910000 
 -5.81450000   0.08268000   0.09297000   0.22510000 
 -5.74450000   0.05329000   0.04408000   0.16000000 
 -5.67550000   0.03388000   0.01308000   0.06080000 
 -5.60650000   0.09168000   0.08052000   0.27250000 
 -5.53650000   0.08551000   0.07959000   0.37150000 
 -5.46750000   0.07769000   0.06611000   0.35500000 
 -5.39850000   0.03840000   0.03741000   0.18420000 
 -5.32850000   0.06794000   0.05694000   0.39190000 
 -5.25950000   0.03765000   0.05965000   0.31910000 
 -5.19050000   0.06640000   0.07256000   0.49820000 
 -5.12050000   0.03715000   0.06278000   0.52490000 
 -5.05150000   0.09206000   0.05204000   0.67200000 
 -4.98250000   0.04889000   0.04890000   0.46540000 
 -4.91250000   0.03871000   0.05007000   0.36920000 
 -4.84350000   0.04864000   0.05355000   0.38800000 
 -4.77350000   0.04381000   0.05344000   0.34920000 
 -4.70450000   0.06489000   0.06032000   0.58990000 
 -4.63550000   0.04569000   0.03486000   0.35190000 
 -4.56550000   0.04167000   0.07815000   0.85460000 
 -4.49650000   0.01139000   0.02242000   0.37880000 
 -4.42750000   0.03100000   0.15930000   1.10700000 
 -4.35750000   0.07054000   0.11230000   1.00900000 
 -4.28850000   0.03398000   0.09098000   0.77790000 
 -4.21950000   0.04001000   0.10180000   0.93690000 
 -4.14950000   0.03464000   0.09753000   1.00600000 
 -4.08050000   0.03806000   0.09030000   0.79360000 
 -4.01150000   0.03701000   0.09375000   0.67460000 
 -3.94150000   0.03597000   0.14470000   1.19800000 
 -3.87250000   0.04152000   0.09316000   0.62760000 
 -3.80350000   0.02192000   0.09005000   0.65660000 
 -3.73350000   0.01569000   0.11690000   0.94910000 
 -3.66450000   0.04092000   0.16060000   1.52600000 
 -3.59550000   0.01068000   0.05577000   0.66300000 
 -3.52550000   0.00977100   0.12320000   1.11200000 
 -3.45650000   0.04265000   0.06921000   1.47900000 
 -3.38750000   0.00947000   0.03006000   0.53610000 
 -3.31750000   0.03912000   0.08436000   1.45200000 
 -3.24850000   0.02575000   0.06835000   1.89900000 
 -3.17950000   0.02332000   0.07453000   1.27400000 
 -3.10950000   0.02089000   0.06097000   1.66000000 
 -3.04050000   0.03114000   0.04030000   1.08500000 
 -2.97150000   0.03182000   0.10790000   2.96200000 
 -2.90150000   0.02365000   0.08712000   2.18000000 
 -2.83250000   0.00827500   0.04800000   0.91970000 
 -2.76350000   0.02154000   0.14560000   3.71900000 
 -2.69350000   0.00774300   0.07048000   2.12000000 
 -2.62450000   0.01012000   0.06602000   2.89700000 
 -2.55550000   0.01782000   0.09438000   2.14100000 
 -2.48550000   0.01270000   0.05424000   2.24700000 
 -2.41650000   0.02235000   0.06473000   2.81900000 
 -2.34750000   0.02256000   0.07990000   3.28300000 
 -2.27750000   0.01703000   0.06608000   2.65400000 
 -2.20850000   0.02592000   0.12650000   5.54300000 
 -2.13950000   0.01771000   0.06824000   5.05100000 
 -2.06950000   0.01212000   0.04802000   2.52000000 
 -2.00050000   0.02094000   0.06442000   4.15500000 
 -1.93150000   0.00705900   0.01681000   1.79200000 
 -1.86150000   0.01122000   0.07711000   5.46400000 
 -1.79250000   0.01636000   0.03700000   3.65800000 
 -1.72350000   0.00671200   0.02710000   1.75000000 
 -1.65350000   0.01758000   0.05263000   2.31500000 
 -1.58450000   0.02763000   0.03808000   2.35900000 
 -1.51550000   0.03286000   0.03706000   1.97100000 
 -1.44550000   0.02460000   0.05952000   2.08200000 
 -1.37650000   0.02893000   0.05396000   1.94800000 
 -1.30750000   0.03904000   0.11370000   2.36500000 
 -1.23750000   0.02314000   0.06404000   0.91450000 
 -1.16850000   0.02181000   0.09546000   1.83800000 
 -1.09950000   0.01493000   0.04286000   0.95740000 
 -1.02950000   0.01338000   0.03169000   0.91740000 
 -0.96050000   0.01917000   0.06514000   1.25800000 
 -0.89150000   0.02007000   0.06763000   1.35500000 
 -0.82150000   0.02460000   0.02514000   0.83550000 
 -0.75250000   0.03543000   0.02681000   0.90660000 
 -0.68350000   0.06304000   0.06546000   1.95900000 
 -0.61350000   0.02988000   0.05885000   1.41100000 
 -0.54450000   0.03125000   0.08178000   1.57800000 
 -0.47450000   0.02761000   0.05118000   0.59010000 
 -0.40550000   0.01741000   0.01971000   0.33050000 
 -0.33650000   0.01147000   0.02202000   0.26140000 
 -0.26650000   0.01651000   0.07260000   0.53050000 
 -0.19750000   0.01042000   0.04352000   0.49780000 
 -0.12850000   0.01209000   0.05154000   0.33500000 
 -0.05850000   0.00878200   0.03404000   0.30420000 
  0.01050000   0.01841000   0.05164000   0.46410000 
  0.07950000   0.01412000   0.03657000   0.34800000 
  0.14950000   0.01020000   0.03072000   0.25440000 
  0.21850000   0.01184000   0.02808000   0.34570000 
  0.28750000   0.02024000   0.04079000   0.50560000 
  0.35750000   0.02506000   0.04385000   0.53100000 
  0.42650000   0.01570000   0.04243000   0.48400000 
  0.49550000   0.01787000   0.03597000   0.34220000 
  0.56550000   0.02099000   0.04205000   0.44490000 
  0.63450000   0.01686000   0.04177000   0.45810000 
  0.70350000   0.02366000   0.05997000   0.56330000 
  0.77350000   0.03089000   0.05292000   0.58160000 
  0.84250000   0.02722000   0.04788000   0.42340000 
  0.91150000   0.02176000   0.04450000   0.35820000 
  0.98150000   0.01376000   0.03912000   0.28870000 
  1.05050000   0.01968000   0.04237000   0.30210000 
  1.11950000   0.02300000   0.04449000   0.35990000 
  1.18950000   0.01845000   0.03230000   0.21360000 
  1.25850000   0.01667000   0.05089000   0.32970000 
  1.32750000   0.03313000   0.07791000   0.35480000 
  1.39750000   0.03380000   0.05652000   0.24310000 
  1.46650000   0.02316000   0.04789000   0.27510000 
  1.53550000   0.02160000   0.06398000   0.28820000 
  1.60550000   0.02146000   0.06669000   0.33490000 
  1.67450000   0.02199000   0.07762000   0.47970000 
  1.74350000   0.01467000   0.04813000   0.30660000 
  1.81350000   0.02262000   0.05740000   0.23150000 
  1.88250000   0.01916000   0.05320000   0.20660000 
  1.95150000   0.01866000   0.04000000   0.13690000 
  2.02150000   0.03276000   0.06366000   0.26450000 
  2.09050000   0.02941000   0.06017000   0.19640000 
  2.15950000   0.03176000   0.05622000   0.24130000 
  2.22950000   0.03658000   0.07240000   0.27990000 
  2.29850000   0.01960000   0.03245000   0.13180000 
  2.36750000   0.02480000   0.03557000   0.21110000 
  2.43750000   0.02738000   0.05013000   0.30080000 
  2.50650000   0.01343000   0.03051000   0.14110000 
  2.57550000   0.01287000   0.03228000   0.17410000 
  2.64550000   0.02963000   0.04065000   0.27730000 
  2.71450000   0.02761000   0.05779000   0.26530000 
  2.78350000   0.04672000   0.06697000   0.56090000 
  2.85350000   0.01882000   0.02569000   0.23350000 
  2.92250000   0.01260000   0.02541000   0.17360000 
  2.99150000   0.01461000   0.02739000   0.22570000 
  3.06150000   0.01901000   0.03984000   0.27200000 
  3.13050000   0.00943800   0.03415000   0.24770000 
  3.19950000   0.00695700   0.03240000   0.20150000 
  3.26950000   0.00917900   0.02821000   0.20940000 
  3.33850000   0.00704100   0.03780000   0.22860000 
  3.40750000   0.00488800   0.02825000   0.15630000 
  3.47750000   0.00496500   0.02534000   0.08999000 
  3.54650000   0.00398800   0.01574000   0.06439000 
  3.61550000   0.00872300   0.01325000   0.07100000 
  3.68550000   0.00880400   0.00662200   0.03034000 
  3.75450000   0.00711500   0.00492700   0.02215000 
  3.82450000   0.00502600   0.00350000   0.01011000 
  3.89350000   0.00728200   0.00501100   0.01335000 
  3.96250000   0.00886200   0.00632200   0.01608000 
  4.03250000   0.00924400   0.00670000   0.01688000 
  4.10150000   0.01228000   0.00766000   0.02002000 
  4.17050000   0.00763500   0.00439100   0.01207000 
  4.24050000   0.00308200   0.00259100   0.00693200 
  4.30950000   0.00137100   0.00118700   0.00348600 
  4.37850000   0.00000000   0.00000000   0.00000000 
  4.44850000   0.00000000   0.00000000   0.00000000 
  4.51750000   0.00000000   0.00000000   0.00000000 
  4.58650000   0.00000000   0.00000000   0.00000000 
  4.65650000   0.00000000   0.00000000   0.00000000 
  4.72550000   0.00000000   0.00000000   0.00000000 
  4.79450000   0.00000000   0.00000000   0.00000000 
  4.86450000   0.00000000   0.00000000   0.00000000 
  4.93350000   0.00000000   0.00000000   0.00000000 
  5.00250000   0.00000000   0.00000000   0.00000000 
  5.07250000   0.00000000   0.00000000   0.00000000 
  5.14150000   0.00000000   0.00000000   0.00000000 
  5.21050000   0.00000000   0.00000000   0.00000000 
  5.28050000   0.00000000   0.00000000   0.00000000 
  5.34950000   0.00000000   0.00000000   0.00000000 
