-15.45250000   0.00000000   0.00000000   0.00000000 
-15.38250000   0.00000000   0.00000000   0.00000000 
-15.31350000   0.00000000   0.00000000   0.00000000 
-15.24450000   0.00000000   0.00000000   0.00000000 
-15.17450000   0.00000000   0.00000000   0.00000000 
-15.10550000   0.00000000   0.00000000   0.00000000 
-15.03650000   0.00000000   0.00000000   0.00000000 
-14.96650000   0.00000000   0.00000000   0.00000000 
-14.89750000   0.00000000   0.00000000   0.00000000 
-14.82850000   0.00000000   0.00000000   0.00000000 
-14.75850000   0.00000000   0.00000000   0.00000000 
-14.68950000   0.00000000   0.00000000   0.00000000 
-14.62050000   0.00000000   0.00000000   0.00000000 
-14.55050000   0.00000000   0.00000000   0.00000000 
-14.48150000   0.00000000   0.00000000   0.00000000 
-14.41250000   0.01008000   0.00052940   0.00019350 
-14.34250000   0.01236000   0.00082480   0.00027570 
-14.27350000   0.01062000   0.00094910   0.00028860 
-14.20450000   0.00987600   0.00110300   0.00031760 
-14.13450000   0.01064000   0.00133900   0.00036570 
-14.06550000   0.01100000   0.00135400   0.00038280 
-13.99650000   0.01073000   0.00144200   0.00041840 
-13.92650000   0.01063000   0.00151900   0.00045440 
-13.85750000   0.05496000   0.00258800   0.00169900 
-13.78850000   0.02276000   0.00215300   0.00082790 
-13.71850000   0.04079000   0.00356600   0.00153000 
-13.64950000   0.05044000   0.00782900   0.00258600 
-13.58050000   0.06162000   0.00987200   0.00333800 
-13.51050000   0.03269000   0.00354900   0.00167000 
-13.44150000   0.04116000   0.00546500   0.00238700 
-13.37250000   0.04428000   0.00708500   0.00287400 
-13.30250000   0.04255000   0.00708700   0.00310600 
-13.23350000   0.04904000   0.00876300   0.00388800 
-13.16350000   0.04008000   0.01020000   0.00446500 
-13.09450000   0.03495000   0.01133000   0.00355200 
-13.02550000   0.05233000   0.02730000   0.00749200 
-12.95550000   0.01868000   0.01925000   0.00564900 
-12.88650000   0.01749000   0.02190000   0.00694100 
-12.81750000   0.03199000   0.02882000   0.00943300 
-12.74750000   0.06194000   0.04101000   0.01548000 
-12.67850000   0.07163000   0.06215000   0.02384000 
-12.60950000   0.03258000   0.03070000   0.01210000 
-12.53950000   0.06170000   0.04763000   0.02533000 
-12.47050000   0.03224000   0.04459000   0.01877000 
-12.40150000   0.02557000   0.05820000   0.03810000 
-12.33150000   0.03397000   0.06485000   0.02986000 
-12.26250000   0.02482000   0.05837000   0.02886000 
-12.19350000   0.01825000   0.04941000   0.02503000 
-12.12350000   0.01326000   0.03991000   0.01940000 
-12.05450000   0.00717100   0.01021000   0.01135000 
-11.98550000   0.00562100   0.00831600   0.01048000 
-11.91550000   0.00654700   0.00658300   0.01217000 
-11.84650000   0.00456100   0.00609600   0.01125000 
-11.77750000   0.00337200   0.00778100   0.01532000 
-11.70750000   0.00157500   0.00456500   0.00944300 
-11.63850000   0.00000000   0.00000000   0.00000000 
-11.56950000   0.00694600   0.00030090   0.00242500 
-11.49950000   0.01405000   0.00119900   0.00538300 
-11.43050000   0.01037000   0.00220200   0.00475000 
-11.36150000   0.01217000   0.00311000   0.00581900 
-11.29150000   0.01297000   0.00511600   0.00726900 
-11.22250000   0.01200000   0.00856100   0.00879200 
-11.15350000   0.01619000   0.02020000   0.01420000 
-11.08350000   0.00482100   0.00871000   0.00570800 
-11.01450000   0.00309500   0.00621600   0.00485700 
-10.94550000   0.00838300   0.00648200   0.00863600 
-10.87550000   0.00647200   0.00526600   0.00646500 
-10.80650000   0.00476200   0.00432200   0.00477400 
-10.73750000   0.03647000   0.02398000   0.02612000 
-10.66750000   0.03358000   0.02187000   0.02380000 
-10.59850000   0.03526000   0.02371000   0.02744000 
-10.52950000   0.04477000   0.03240000   0.03688000 
-10.45950000   0.04620000   0.03785000   0.04329000 
-10.39050000   0.05916000   0.04931000   0.05198000 
-10.32150000   0.06584000   0.04908000   0.06436000 
-10.25150000   0.04969000   0.05647000   0.08345000 
-10.18250000   0.02892000   0.04974000   0.06028000 
-10.11350000   0.06894000   0.07216000   0.07375000 
-10.04350000   0.02147000   0.03653000   0.04421000 
 -9.97450000   0.08568000   0.08490000   0.07797000 
 -9.90550000   0.03226000   0.04169000   0.05045000 
 -9.83550000   0.02766000   0.04339000   0.04973000 
 -9.76650000   0.02260000   0.06088000   0.06502000 
 -9.69750000   0.01274000   0.01779000   0.02092000 
 -9.62750000   0.01984000   0.02116000   0.03634000 
 -9.55850000   0.02106000   0.01747000   0.04658000 
 -9.48950000   0.01377000   0.01626000   0.03915000 
 -9.41950000   0.00979500   0.01909000   0.02835000 
 -9.35050000   0.00720800   0.01366000   0.01344000 
 -9.28150000   0.00000000   0.00000000   0.00000000 
 -9.21150000   0.00000000   0.00000000   0.00000000 
 -9.14250000   0.00000000   0.00000000   0.00000000 
 -9.07250000   0.00000000   0.00000000   0.00000000 
 -9.00350000   0.00000000   0.00000000   0.00000000 
 -8.93450000   0.00000000   0.00000000   0.00000000 
 -8.86450000   0.00000000   0.00000000   0.00000000 
 -8.79550000   0.00000000   0.00000000   0.00000000 
 -8.72650000   0.00000000   0.00000000   0.00000000 
 -8.65650000   0.00000000   0.00000000   0.00000000 
 -8.58750000   0.00000000   0.00000000   0.00000000 
 -8.51850000   0.00000000   0.00000000   0.00000000 
 -8.44850000   0.00000000   0.00000000   0.00000000 
 -8.37950000   0.00000000   0.00000000   0.00000000 
 -8.31050000   0.00000000   0.00000000   0.00000000 
 -8.24050000   0.00000000   0.00000000   0.00000000 
 -8.17150000   0.00000000   0.00000000   0.00000000 
 -8.10250000   0.00000000   0.00000000   0.00000000 
 -8.03250000   0.00000000   0.00000000   0.00000000 
 -7.96350000   0.00000000   0.00000000   0.00000000 
 -7.89450000   0.00000000   0.00000000   0.00000000 
 -7.82450000   0.00000000   0.00000000   0.00000000 
 -7.75550000   0.00000000   0.00000000   0.00000000 
 -7.68650000   0.00000000   0.00000000   0.00000000 
 -7.61650000   0.00000000   0.00000000   0.00000000 
 -7.54750000   0.00000000   0.00000000   0.00000000 
 -7.47850000   0.00000000   0.00000000   0.00000000 
 -7.40850000   0.00812600   0.00184700   0.00945400 
 -7.33950000   0.01066000   0.00222800   0.00770000 
 -7.27050000   0.01745000   0.00348000   0.00937400 
 -7.20050000   0.06922000   0.00862900   0.02532000 
 -7.13150000   0.08182000   0.01132000   0.02937000 
 -7.06250000   0.08201000   0.01639000   0.02936000 
 -6.99250000   0.09484000   0.02267000   0.03502000 
 -6.92350000   0.20300000   0.05830000   0.09456000 
 -6.85450000   0.11860000   0.03148000   0.06232000 
 -6.78450000   0.28290000   0.04802000   0.15170000 
 -6.71550000   0.07007000   0.03565000   0.04813000 
 -6.64650000   0.06780000   0.05866000   0.11420000 
 -6.57650000   0.07616000   0.06401000   0.14110000 
 -6.50750000   0.04127000   0.02723000   0.06271000 
 -6.43850000   0.18160000   0.15520000   0.30890000 
 -6.36850000   0.02443000   0.01071000   0.01731000 
 -6.29950000   0.07266000   0.04142000   0.07139000 
 -6.23050000   0.17800000   0.08354000   0.26360000 
 -6.16050000   0.05167000   0.02574000   0.08113000 
 -6.09150000   0.25120000   0.10470000   0.37390000 
 -6.02250000   0.07062000   0.04478000   0.14100000 
 -5.95250000   0.09800000   0.06059000   0.20380000 
 -5.88350000   0.07487000   0.06400000   0.22630000 
 -5.81450000   0.09378000   0.06565000   0.33270000 
 -5.74450000   0.02112000   0.05905000   0.08634000 
 -5.67550000   0.01346000   0.01503000   0.04031000 
 -5.60650000   0.08015000   0.05573000   0.28650000 
 -5.53650000   0.11020000   0.06904000   0.30160000 
 -5.46750000   0.08225000   0.06481000   0.25100000 
 -5.39850000   0.04880000   0.02620000   0.11800000 
 -5.32850000   0.06715000   0.03655000   0.34920000 
 -5.25950000   0.07349000   0.03256000   0.20500000 
 -5.19050000   0.05141000   0.06824000   0.32540000 
 -5.12050000   0.06088000   0.05009000   0.34750000 
 -5.05150000   0.07668000   0.03825000   0.62220000 
 -4.98250000   0.10220000   0.07818000   0.56160000 
 -4.91250000   0.06907000   0.06240000   0.45850000 
 -4.84350000   0.05636000   0.08199000   0.57840000 
 -4.77350000   0.06040000   0.07591000   0.62030000 
 -4.70450000   0.07986000   0.10270000   1.00300000 
 -4.63550000   0.04791000   0.05876000   0.50300000 
 -4.56550000   0.08137000   0.05373000   0.72240000 
 -4.49650000   0.02460000   0.02205000   0.26890000 
 -4.42750000   0.12000000   0.13070000   1.07000000 
 -4.35750000   0.06282000   0.13150000   1.27700000 
 -4.28850000   0.05068000   0.09248000   1.03200000 
 -4.21950000   0.04350000   0.07815000   0.85120000 
 -4.14950000   0.03237000   0.09615000   1.10500000 
 -4.08050000   0.01791000   0.09792000   0.80580000 
 -4.01150000   0.04101000   0.10090000   1.23500000 
 -3.94150000   0.08251000   0.14540000   1.75000000 
 -3.87250000   0.04968000   0.09334000   0.89140000 
 -3.80350000   0.03327000   0.14950000   1.25700000 
 -3.73350000   0.02532000   0.13780000   0.77040000 
 -3.66450000   0.03350000   0.12710000   1.16500000 
 -3.59550000   0.01766000   0.06765000   0.61920000 
 -3.52550000   0.01525000   0.07092000   0.58260000 
 -3.45650000   0.02600000   0.08466000   0.74760000 
 -3.38750000   0.00911800   0.04507000   0.38090000 
 -3.31750000   0.02067000   0.07018000   1.06300000 
 -3.24850000   0.02984000   0.13420000   2.05700000 
 -3.17950000   0.02586000   0.12870000   2.14800000 
 -3.10950000   0.03229000   0.10940000   2.03900000 
 -3.04050000   0.02046000   0.17950000   2.44700000 
 -2.97150000   0.03425000   0.13020000   2.47500000 
 -2.90150000   0.02865000   0.07823000   1.57500000 
 -2.83250000   0.00716200   0.02078000   0.73600000 
 -2.76350000   0.01459000   0.08022000   1.98400000 
 -2.69350000   0.01929000   0.04095000   1.94500000 
 -2.62450000   0.04499000   0.06772000   3.53000000 
 -2.55550000   0.01764000   0.12110000   3.39900000 
 -2.48550000   0.01215000   0.05754000   3.02400000 
 -2.41650000   0.00856800   0.06004000   2.95600000 
 -2.34750000   0.01353000   0.05661000   3.37200000 
 -2.27750000   0.00609000   0.03531000   2.34600000 
 -2.20850000   0.02597000   0.09375000   5.57200000 
 -2.13950000   0.02021000   0.07309000   4.70300000 
 -2.06950000   0.00829700   0.03199000   1.77100000 
 -2.00050000   0.01357000   0.09137000   5.49300000 
 -1.93150000   0.00333400   0.03334000   1.84400000 
 -1.86150000   0.02581000   0.08643000   4.15800000 
 -1.79250000   0.00733300   0.03244000   2.53300000 
 -1.72350000   0.00792100   0.05012000   1.75400000 
 -1.65350000   0.01646000   0.06291000   2.90000000 
 -1.58450000   0.02392000   0.06617000   2.58600000 
 -1.51550000   0.03300000   0.04661000   1.43300000 
 -1.44550000   0.04667000   0.07089000   2.21900000 
 -1.37650000   0.06002000   0.06562000   2.27200000 
 -1.30750000   0.05357000   0.09822000   2.66100000 
 -1.23750000   0.01227000   0.04729000   0.60070000 
 -1.16850000   0.02002000   0.04715000   1.26800000 
 -1.09950000   0.01003000   0.03644000   0.68910000 
 -1.02950000   0.00584500   0.03942000   0.42280000 
 -0.96050000   0.02702000   0.06928000   0.92440000 
 -0.89150000   0.01863000   0.05454000   1.03400000 
 -0.82150000   0.01235000   0.05904000   0.56800000 
 -0.75250000   0.02097000   0.06193000   0.68720000 
 -0.68350000   0.02433000   0.12900000   1.53400000 
 -0.61350000   0.03035000   0.09855000   1.21000000 
 -0.54450000   0.02539000   0.12960000   1.29900000 
 -0.47450000   0.00942400   0.10030000   0.67660000 
 -0.40550000   0.00409300   0.04783000   0.36810000 
 -0.33650000   0.00627600   0.03784000   0.28240000 
 -0.26650000   0.02186000   0.08629000   0.59110000 
 -0.19750000   0.01207000   0.07843000   0.70690000 
 -0.12850000   0.00875700   0.04730000   0.35440000 
 -0.05850000   0.00749400   0.04461000   0.27130000 
  0.01050000   0.01458000   0.06290000   0.49270000 
  0.07950000   0.00987100   0.02953000   0.33990000 
  0.14950000   0.00775900   0.02145000   0.27630000 
  0.21850000   0.00771400   0.02430000   0.29220000 
  0.28750000   0.01742000   0.03911000   0.52630000 
  0.35750000   0.02532000   0.04848000   0.67390000 
  0.42650000   0.01694000   0.03496000   0.45680000 
  0.49550000   0.01692000   0.03427000   0.35840000 
  0.56550000   0.01748000   0.04207000   0.46070000 
  0.63450000   0.01746000   0.03860000   0.46930000 
  0.70350000   0.02330000   0.05176000   0.52590000 
  0.77350000   0.03874000   0.06767000   0.76040000 
  0.84250000   0.01756000   0.06833000   0.53930000 
  0.91150000   0.01934000   0.05857000   0.42100000 
  0.98150000   0.01397000   0.04486000   0.31600000 
  1.05050000   0.01259000   0.04018000   0.28870000 
  1.11950000   0.01298000   0.03621000   0.28180000 
  1.18950000   0.01635000   0.03399000   0.21160000 
  1.25850000   0.01647000   0.04382000   0.27450000 
  1.32750000   0.02835000   0.06891000   0.40740000 
  1.39750000   0.01689000   0.03934000   0.23440000 
  1.46650000   0.01885000   0.04151000   0.22380000 
  1.53550000   0.02022000   0.03761000   0.20640000 
  1.60550000   0.03137000   0.04651000   0.25500000 
  1.67450000   0.04417000   0.08163000   0.40950000 
  1.74350000   0.02472000   0.04972000   0.30080000 
  1.81350000   0.01862000   0.04596000   0.27690000 
  1.88250000   0.01927000   0.04482000   0.28390000 
  1.95150000   0.01295000   0.03282000   0.24870000 
  2.02150000   0.01508000   0.06152000   0.34830000 
  2.09050000   0.01585000   0.05405000   0.41590000 
  2.15950000   0.01228000   0.05622000   0.42120000 
  2.22950000   0.01653000   0.04617000   0.42680000 
  2.29850000   0.00755700   0.02048000   0.20050000 
  2.36750000   0.01516000   0.03435000   0.22090000 
  2.43750000   0.01790000   0.04744000   0.22140000 
  2.50650000   0.00857600   0.02318000   0.11600000 
  2.57550000   0.00954300   0.02159000   0.12680000 
  2.64550000   0.01865000   0.02646000   0.16920000 
  2.71450000   0.01331000   0.02636000   0.15160000 
  2.78350000   0.03357000   0.06531000   0.34650000 
  2.85350000   0.01455000   0.02730000   0.14280000 
  2.92250000   0.01159000   0.02109000   0.14760000 
  2.99150000   0.01448000   0.03192000   0.20770000 
  3.06150000   0.01874000   0.03028000   0.14960000 
  3.13050000   0.00598800   0.03760000   0.15990000 
  3.19950000   0.01143000   0.03456000   0.16700000 
  3.26950000   0.01213000   0.02795000   0.19390000 
  3.33850000   0.01530000   0.03579000   0.24990000 
  3.40750000   0.01007000   0.02724000   0.20280000 
  3.47750000   0.00783700   0.01670000   0.14220000 
  3.54650000   0.00813000   0.01458000   0.12230000 
  3.61550000   0.01094000   0.01882000   0.15020000 
  3.68550000   0.00456200   0.01013000   0.06065000 
  3.75450000   0.00460800   0.00837400   0.03391000 
  3.82450000   0.00362600   0.00473500   0.01388000 
  3.89350000   0.00457400   0.00592200   0.01784000 
  3.96250000   0.00508000   0.00655600   0.02008000 
  4.03250000   0.00528300   0.00624100   0.01909000 
  4.10150000   0.00635500   0.00607800   0.02005000 
  4.17050000   0.00451200   0.00390500   0.01282000 
  4.24050000   0.00229300   0.00224500   0.00650500 
  4.30950000   0.00102000   0.00109000   0.00313100 
  4.37850000   0.00000000   0.00000000   0.00000000 
  4.44850000   0.00000000   0.00000000   0.00000000 
  4.51750000   0.00000000   0.00000000   0.00000000 
  4.58650000   0.00000000   0.00000000   0.00000000 
  4.65650000   0.00000000   0.00000000   0.00000000 
  4.72550000   0.00000000   0.00000000   0.00000000 
  4.79450000   0.00000000   0.00000000   0.00000000 
  4.86450000   0.00000000   0.00000000   0.00000000 
  4.93350000   0.00000000   0.00000000   0.00000000 
  5.00250000   0.00000000   0.00000000   0.00000000 
  5.07250000   0.00000000   0.00000000   0.00000000 
  5.14150000   0.00000000   0.00000000   0.00000000 
  5.21050000   0.00000000   0.00000000   0.00000000 
  5.28050000   0.00000000   0.00000000   0.00000000 
  5.34950000   0.00000000   0.00000000   0.00000000 
