-15.45250000   0.00000000   0.00000000   0.00000000 
-15.38250000   0.00000000   0.00000000   0.00000000 
-15.31350000   0.00000000   0.00000000   0.00000000 
-15.24450000   0.00000000   0.00000000   0.00000000 
-15.17450000   0.00000000   0.00000000   0.00000000 
-15.10550000   0.00000000   0.00000000   0.00000000 
-15.03650000   0.00000000   0.00000000   0.00000000 
-14.96650000   0.00000000   0.00000000   0.00000000 
-14.89750000   0.00000000   0.00000000   0.00000000 
-14.82850000   0.00000000   0.00000000   0.00000000 
-14.75850000   0.00000000   0.00000000   0.00000000 
-14.68950000   0.00000000   0.00000000   0.00000000 
-14.62050000   0.00000000   0.00000000   0.00000000 
-14.55050000   0.00000000   0.00000000   0.00000000 
-14.48150000   0.00000000   0.00000000   0.00000000 
-14.41250000   0.01754000   0.00031750   0.00023360 
-14.34250000   0.02169000   0.00065690   0.00031780 
-14.27350000   0.01985000   0.00089950   0.00033590 
-14.20450000   0.02053000   0.00111600   0.00038400 
-14.13450000   0.02195000   0.00144100   0.00045770 
-14.06550000   0.01630000   0.00186800   0.00043820 
-13.99650000   0.01549000   0.00226100   0.00049650 
-13.92650000   0.01518000   0.00264200   0.00055800 
-13.85750000   0.03819000   0.00745100   0.00170800 
-13.78850000   0.01828000   0.00461500   0.00100800 
-13.71850000   0.02857000   0.00739600   0.00174000 
-13.64950000   0.05314000   0.00903900   0.00262400 
-13.58050000   0.06061000   0.01056000   0.00324500 
-13.51050000   0.01964000   0.00542500   0.00170100 
-13.44150000   0.03051000   0.00785400   0.00252600 
-13.37250000   0.03027000   0.00979800   0.00324100 
-13.30250000   0.02476000   0.01008000   0.00338100 
-13.23350000   0.03096000   0.01283000   0.00445900 
-13.16350000   0.03369000   0.01294000   0.00457700 
-13.09450000   0.02852000   0.01438000   0.00550800 
-13.02550000   0.07763000   0.01708000   0.00922700 
-12.95550000   0.05162000   0.01023000   0.00574200 
-12.88650000   0.05391000   0.01220000   0.00602300 
-12.81750000   0.06191000   0.01637000   0.00923600 
-12.74750000   0.05953000   0.03350000   0.01380000 
-12.67850000   0.06925000   0.05624000   0.02402000 
-12.60950000   0.03276000   0.02589000   0.01139000 
-12.53950000   0.03790000   0.05124000   0.02189000 
-12.47050000   0.02652000   0.03969000   0.01651000 
-12.40150000   0.09210000   0.04289000   0.02237000 
-12.33150000   0.03335000   0.04647000   0.02277000 
-12.26250000   0.02378000   0.04514000   0.02276000 
-12.19350000   0.01785000   0.03698000   0.01824000 
-12.12350000   0.01157000   0.02692000   0.01311000 
-12.05450000   0.00758900   0.01024000   0.00432800 
-11.98550000   0.00597000   0.00953000   0.00391200 
-11.91550000   0.00516400   0.00997300   0.00376800 
-11.84650000   0.00368000   0.00974300   0.00375100 
-11.77750000   0.00244400   0.01401000   0.00530200 
-11.70750000   0.00099040   0.00867400   0.00321000 
-11.63850000   0.00000000   0.00000000   0.00000000 
-11.56950000   0.00037280   0.00986100   0.00107700 
-11.49950000   0.00089260   0.02165000   0.00305200 
-11.43050000   0.00119700   0.02191000   0.00454900 
-11.36150000   0.00161800   0.02201000   0.00605700 
-11.29150000   0.00559000   0.02881000   0.00967100 
-11.22250000   0.01183000   0.03900000   0.01570000 
-11.15350000   0.03710000   0.07148000   0.03769000 
-11.08350000   0.02044000   0.03186000   0.01748000 
-11.01450000   0.01565000   0.01390000   0.02077000 
-10.94550000   0.02068000   0.01667000   0.03493000 
-10.87550000   0.01596000   0.01371000   0.02803000 
-10.80650000   0.01245000   0.01054000   0.02426000 
-10.73750000   0.05874000   0.02872000   0.04105000 
-10.66750000   0.04133000   0.02497000   0.03939000 
-10.59850000   0.04378000   0.02709000   0.04116000 
-10.52950000   0.04811000   0.03497000   0.05256000 
-10.45950000   0.04633000   0.03928000   0.06741000 
-10.39050000   0.05617000   0.04658000   0.07355000 
-10.32150000   0.04734000   0.04821000   0.07082000 
-10.25150000   0.04231000   0.04476000   0.09273000 
-10.18250000   0.02365000   0.03174000   0.06886000 
-10.11350000   0.03730000   0.04300000   0.07647000 
-10.04350000   0.01664000   0.02605000   0.04096000 
 -9.97450000   0.06289000   0.05575000   0.08133000 
 -9.90550000   0.01531000   0.03847000   0.02884000 
 -9.83550000   0.01303000   0.03012000   0.02881000 
 -9.76650000   0.01098000   0.05352000   0.04801000 
 -9.69750000   0.00531300   0.01178000   0.00983400 
 -9.62750000   0.00784000   0.01694000   0.01992000 
 -9.55850000   0.00819000   0.01008000   0.01593000 
 -9.48950000   0.00456700   0.00875000   0.01532000 
 -9.41950000   0.00184400   0.00773900   0.01423000 
 -9.35050000   0.00055210   0.00331100   0.00497700 
 -9.28150000   0.00000000   0.00000000   0.00000000 
 -9.21150000   0.00000000   0.00000000   0.00000000 
 -9.14250000   0.00000000   0.00000000   0.00000000 
 -9.07250000   0.00000000   0.00000000   0.00000000 
 -9.00350000   0.00000000   0.00000000   0.00000000 
 -8.93450000   0.00000000   0.00000000   0.00000000 
 -8.86450000   0.00000000   0.00000000   0.00000000 
 -8.79550000   0.00000000   0.00000000   0.00000000 
 -8.72650000   0.00000000   0.00000000   0.00000000 
 -8.65650000   0.00000000   0.00000000   0.00000000 
 -8.58750000   0.00000000   0.00000000   0.00000000 
 -8.51850000   0.00000000   0.00000000   0.00000000 
 -8.44850000   0.00000000   0.00000000   0.00000000 
 -8.37950000   0.00000000   0.00000000   0.00000000 
 -8.31050000   0.00000000   0.00000000   0.00000000 
 -8.24050000   0.00000000   0.00000000   0.00000000 
 -8.17150000   0.00000000   0.00000000   0.00000000 
 -8.10250000   0.00000000   0.00000000   0.00000000 
 -8.03250000   0.00000000   0.00000000   0.00000000 
 -7.96350000   0.00000000   0.00000000   0.00000000 
 -7.89450000   0.00000000   0.00000000   0.00000000 
 -7.82450000   0.00000000   0.00000000   0.00000000 
 -7.75550000   0.00000000   0.00000000   0.00000000 
 -7.68650000   0.00000000   0.00000000   0.00000000 
 -7.61650000   0.00000000   0.00000000   0.00000000 
 -7.54750000   0.00000000   0.00000000   0.00000000 
 -7.47850000   0.00000000   0.00000000   0.00000000 
 -7.40850000   0.01943000   0.00592500   0.01771000 
 -7.33950000   0.01805000   0.00635000   0.01238000 
 -7.27050000   0.02313000   0.00753700   0.01237000 
 -7.20050000   0.06728000   0.01008000   0.02681000 
 -7.13150000   0.07993000   0.01193000   0.03268000 
 -7.06250000   0.08779000   0.01674000   0.03741000 
 -6.99250000   0.10770000   0.02234000   0.04729000 
 -6.92350000   0.22070000   0.06999000   0.11880000 
 -6.85450000   0.11550000   0.04248000   0.06528000 
 -6.78450000   0.32280000   0.05394000   0.16440000 
 -6.71550000   0.14770000   0.04804000   0.06686000 
 -6.64650000   0.13050000   0.06879000   0.15170000 
 -6.57650000   0.14820000   0.06273000   0.17510000 
 -6.50750000   0.06065000   0.03230000   0.08295000 
 -6.43850000   0.22660000   0.17000000   0.45710000 
 -6.36850000   0.01849000   0.01080000   0.01519000 
 -6.29950000   0.06508000   0.03370000   0.11390000 
 -6.23050000   0.14260000   0.08534000   0.28590000 
 -6.16050000   0.04133000   0.02201000   0.08552000 
 -6.09150000   0.15200000   0.10450000   0.33680000 
 -6.02250000   0.05741000   0.03736000   0.15280000 
 -5.95250000   0.09192000   0.05588000   0.23570000 
 -5.88350000   0.07502000   0.05306000   0.19310000 
 -5.81450000   0.09237000   0.07912000   0.32800000 
 -5.74450000   0.03485000   0.04361000   0.17610000 
 -5.67550000   0.00811200   0.00995400   0.03961000 
 -5.60650000   0.04384000   0.05875000   0.26410000 
 -5.53650000   0.06592000   0.05847000   0.35090000 
 -5.46750000   0.06964000   0.05627000   0.30500000 
 -5.39850000   0.02292000   0.03164000   0.15090000 
 -5.32850000   0.05809000   0.05214000   0.27580000 
 -5.25950000   0.03493000   0.04892000   0.22780000 
 -5.19050000   0.06533000   0.07266000   0.36700000 
 -5.12050000   0.05016000   0.05895000   0.29500000 
 -5.05150000   0.05184000   0.06014000   0.29600000 
 -4.98250000   0.09695000   0.07710000   0.33270000 
 -4.91250000   0.05343000   0.05659000   0.33200000 
 -4.84350000   0.07652000   0.05783000   0.40480000 
 -4.77350000   0.06299000   0.04868000   0.57710000 
 -4.70450000   0.09711000   0.10070000   0.83200000 
 -4.63550000   0.04506000   0.05716000   0.50480000 
 -4.56550000   0.07984000   0.06349000   0.82320000 
 -4.49650000   0.02014000   0.02755000   0.32460000 
 -4.42750000   0.08230000   0.12080000   1.23200000 
 -4.35750000   0.06214000   0.13770000   1.81700000 
 -4.28850000   0.06089000   0.09241000   0.96510000 
 -4.21950000   0.05093000   0.07543000   0.78250000 
 -4.14950000   0.03390000   0.14490000   1.03000000 
 -4.08050000   0.03190000   0.07381000   1.14000000 
 -4.01150000   0.02600000   0.10610000   1.09300000 
 -3.94150000   0.06851000   0.17270000   1.37300000 
 -3.87250000   0.02482000   0.11230000   0.86400000 
 -3.80350000   0.08102000   0.20610000   1.85100000 
 -3.73350000   0.03815000   0.10990000   1.32600000 
 -3.66450000   0.03766000   0.11340000   1.53400000 
 -3.59550000   0.01685000   0.06397000   0.67590000 
 -3.52550000   0.02524000   0.08221000   0.85810000 
 -3.45650000   0.02009000   0.10170000   1.22500000 
 -3.38750000   0.00742600   0.05893000   0.41410000 
 -3.31750000   0.01856000   0.07283000   1.50800000 
 -3.24850000   0.02066000   0.18100000   3.00200000 
 -3.17950000   0.02203000   0.12850000   1.80300000 
 -3.10950000   0.02437000   0.12540000   1.38000000 
 -3.04050000   0.01645000   0.15500000   1.56800000 
 -2.97150000   0.01347000   0.12870000   2.63600000 
 -2.90150000   0.01040000   0.08414000   1.83000000 
 -2.83250000   0.00527100   0.02220000   0.72650000 
 -2.76350000   0.02069000   0.08295000   2.33100000 
 -2.69350000   0.01805000   0.06280000   1.61900000 
 -2.62450000   0.01690000   0.06473000   2.64400000 
 -2.55550000   0.02058000   0.07193000   2.93000000 
 -2.48550000   0.02077000   0.03614000   2.40800000 
 -2.41650000   0.02471000   0.04771000   2.75400000 
 -2.34750000   0.02054000   0.04697000   3.78900000 
 -2.27750000   0.00831500   0.03296000   1.77400000 
 -2.20850000   0.03845000   0.06279000   6.71600000 
 -2.13950000   0.02367000   0.09201000   5.87700000 
 -2.06950000   0.00709800   0.03265000   1.79500000 
 -2.00050000   0.02006000   0.08825000   4.58500000 
 -1.93150000   0.00415700   0.02043000   1.07900000 
 -1.86150000   0.01350000   0.06210000   3.80600000 
 -1.79250000   0.01456000   0.03690000   2.02800000 
 -1.72350000   0.01320000   0.03250000   1.98800000 
 -1.65350000   0.02844000   0.05972000   2.94900000 
 -1.58450000   0.03037000   0.07083000   3.29700000 
 -1.51550000   0.01509000   0.05105000   1.86900000 
 -1.44550000   0.01190000   0.06637000   2.76100000 
 -1.37650000   0.01673000   0.07964000   1.66200000 
 -1.30750000   0.02122000   0.12870000   2.20900000 
 -1.23750000   0.00832200   0.05538000   0.98890000 
 -1.16850000   0.04079000   0.10730000   1.70900000 
 -1.09950000   0.01752000   0.05179000   0.69770000 
 -1.02950000   0.01409000   0.02786000   0.48770000 
 -0.96050000   0.01805000   0.07716000   1.21100000 
 -0.89150000   0.01493000   0.05888000   0.87430000 
 -0.82150000   0.00626300   0.04554000   0.74730000 
 -0.75250000   0.01734000   0.05161000   0.58960000 
 -0.68350000   0.03722000   0.08174000   1.16200000 
 -0.61350000   0.02768000   0.06851000   0.91740000 
 -0.54450000   0.03430000   0.10830000   0.86780000 
 -0.47450000   0.01692000   0.07748000   0.50950000 
 -0.40550000   0.01282000   0.02506000   0.46360000 
 -0.33650000   0.00875400   0.03570000   0.34290000 
 -0.26650000   0.01215000   0.07542000   0.71190000 
 -0.19750000   0.00986200   0.06314000   0.63090000 
 -0.12850000   0.00600600   0.04861000   0.34880000 
 -0.05850000   0.00491500   0.03164000   0.30110000 
  0.01050000   0.01153000   0.05060000   0.41370000 
  0.07950000   0.01077000   0.03091000   0.27770000 
  0.14950000   0.00723500   0.02781000   0.25350000 
  0.21850000   0.01144000   0.02756000   0.26710000 
  0.28750000   0.02290000   0.04020000   0.35850000 
  0.35750000   0.03188000   0.06317000   0.58390000 
  0.42650000   0.02487000   0.04211000   0.44170000 
  0.49550000   0.01575000   0.03385000   0.33620000 
  0.56550000   0.01238000   0.03871000   0.43990000 
  0.63450000   0.01534000   0.04283000   0.46030000 
  0.70350000   0.01877000   0.05751000   0.54130000 
  0.77350000   0.02933000   0.07237000   0.77630000 
  0.84250000   0.02035000   0.06542000   0.61140000 
  0.91150000   0.01217000   0.05601000   0.45440000 
  0.98150000   0.01483000   0.05054000   0.35140000 
  1.05050000   0.01726000   0.04223000   0.32250000 
  1.11950000   0.01106000   0.03536000   0.39270000 
  1.18950000   0.00951400   0.03191000   0.33030000 
  1.25850000   0.01104000   0.03929000   0.35360000 
  1.32750000   0.01677000   0.05873000   0.50750000 
  1.39750000   0.00650000   0.03316000   0.31520000 
  1.46650000   0.00792200   0.03889000   0.31710000 
  1.53550000   0.01026000   0.04089000   0.29140000 
  1.60550000   0.01581000   0.04234000   0.37420000 
  1.67450000   0.02962000   0.05912000   0.46540000 
  1.74350000   0.02616000   0.04549000   0.35930000 
  1.81350000   0.01189000   0.04419000   0.38590000 
  1.88250000   0.01412000   0.03184000   0.30430000 
  1.95150000   0.01442000   0.03143000   0.26390000 
  2.02150000   0.02301000   0.03685000   0.34220000 
  2.09050000   0.02477000   0.04321000   0.34850000 
  2.15950000   0.02483000   0.03846000   0.35740000 
  2.22950000   0.06557000   0.03424000   0.46660000 
  2.29850000   0.01405000   0.02101000   0.15450000 
  2.36750000   0.01552000   0.02821000   0.20820000 
  2.43750000   0.01864000   0.02840000   0.23970000 
  2.50650000   0.01193000   0.01724000   0.10330000 
  2.57550000   0.01204000   0.01762000   0.12830000 
  2.64550000   0.01454000   0.02603000   0.22180000 
  2.71450000   0.01487000   0.02718000   0.18580000 
  2.78350000   0.02906000   0.05555000   0.36060000 
  2.85350000   0.01245000   0.02617000   0.14240000 
  2.92250000   0.01018000   0.01744000   0.10470000 
  2.99150000   0.01435000   0.02285000   0.13490000 
  3.06150000   0.01194000   0.02673000   0.15130000 
  3.13050000   0.00857500   0.01799000   0.13070000 
  3.19950000   0.01045000   0.02250000   0.15300000 
  3.26950000   0.01293000   0.02073000   0.14860000 
  3.33850000   0.01553000   0.02777000   0.17720000 
  3.40750000   0.01105000   0.01952000   0.12680000 
  3.47750000   0.00866300   0.02308000   0.11540000 
  3.54650000   0.01146000   0.01695000   0.09544000 
  3.61550000   0.01710000   0.01779000   0.11440000 
  3.68550000   0.00728800   0.00799500   0.04336000 
  3.75450000   0.00611400   0.00534300   0.02954000 
  3.82450000   0.00537700   0.00379100   0.01328000 
  3.89350000   0.00818700   0.00491200   0.01833000 
  3.96250000   0.01037000   0.00566200   0.02117000 
  4.03250000   0.01159000   0.00551100   0.02089000 
  4.10150000   0.01199000   0.00514700   0.02143000 
  4.17050000   0.00480400   0.00296400   0.01295000 
  4.24050000   0.00177300   0.00152600   0.00743300 
  4.30950000   0.00077920   0.00066490   0.00347300 
  4.37850000   0.00000000   0.00000000   0.00000000 
  4.44850000   0.00000000   0.00000000   0.00000000 
  4.51750000   0.00000000   0.00000000   0.00000000 
  4.58650000   0.00000000   0.00000000   0.00000000 
  4.65650000   0.00000000   0.00000000   0.00000000 
  4.72550000   0.00000000   0.00000000   0.00000000 
  4.79450000   0.00000000   0.00000000   0.00000000 
  4.86450000   0.00000000   0.00000000   0.00000000 
  4.93350000   0.00000000   0.00000000   0.00000000 
  5.00250000   0.00000000   0.00000000   0.00000000 
  5.07250000   0.00000000   0.00000000   0.00000000 
  5.14150000   0.00000000   0.00000000   0.00000000 
  5.21050000   0.00000000   0.00000000   0.00000000 
  5.28050000   0.00000000   0.00000000   0.00000000 
  5.34950000   0.00000000   0.00000000   0.00000000 
