-15.45250000   0.00000000   0.00000000   0.00000000 
-15.38250000   0.00000000   0.00000000   0.00000000 
-15.31350000   0.00000000   0.00000000   0.00000000 
-15.24450000   0.00000000   0.00000000   0.00000000 
-15.17450000   0.00000000   0.00000000   0.00000000 
-15.10550000   0.00000000   0.00000000   0.00000000 
-15.03650000   0.00000000   0.00000000   0.00000000 
-14.96650000   0.00000000   0.00000000   0.00000000 
-14.89750000   0.00000000   0.00000000   0.00000000 
-14.82850000   0.00000000   0.00000000   0.00000000 
-14.75850000   0.00000000   0.00000000   0.00000000 
-14.68950000   0.00000000   0.00000000   0.00000000 
-14.62050000   0.00000000   0.00000000   0.00000000 
-14.55050000   0.00000000   0.00000000   0.00000000 
-14.48150000   0.00000000   0.00000000   0.00000000 
-14.41250000   0.00123100   0.00019410   0.00004443 
-14.34250000   0.00150000   0.00026000   0.00006221 
-14.27350000   0.00127700   0.00025230   0.00006571 
-14.20450000   0.00117900   0.00026040   0.00007313 
-14.13450000   0.00125800   0.00029800   0.00008812 
-14.06550000   0.00128100   0.00030320   0.00008491 
-13.99650000   0.00123200   0.00030650   0.00008669 
-13.92650000   0.00120800   0.00031090   0.00008795 
-13.85750000   0.02728000   0.00381300   0.00142100 
-13.78850000   0.00940700   0.00168400   0.00061160 
-13.71850000   0.02129000   0.00379900   0.00144100 
-13.64950000   0.02914000   0.00606600   0.00240700 
-13.58050000   0.03287000   0.00767400   0.00292900 
-13.51050000   0.01517000   0.00377400   0.00141300 
-13.44150000   0.02079000   0.00555800   0.00208100 
-13.37250000   0.02238000   0.00623700   0.00243000 
-13.30250000   0.02189000   0.00611200   0.00229300 
-13.23350000   0.02556000   0.00735400   0.00282900 
-13.16350000   0.02057000   0.00784200   0.00314300 
-13.09450000   0.02705000   0.00834700   0.00370200 
-13.02550000   0.10070000   0.01632000   0.01054000 
-12.95550000   0.06331000   0.01120000   0.00718100 
-12.88650000   0.06789000   0.01352000   0.00822300 
-12.81750000   0.07210000   0.01857000   0.01029000 
-12.74750000   0.07713000   0.02711000   0.01461000 
-12.67850000   0.07075000   0.03489000   0.01770000 
-12.60950000   0.04499000   0.01831000   0.01004000 
-12.53950000   0.04032000   0.02320000   0.01270000 
-12.47050000   0.06556000   0.02498000   0.01453000 
-12.40150000   0.08220000   0.08256000   0.04058000 
-12.33150000   0.09697000   0.09526000   0.05221000 
-12.26250000   0.04109000   0.07548000   0.04258000 
-12.19350000   0.03270000   0.06909000   0.03942000 
-12.12350000   0.02603000   0.06549000   0.03850000 
-12.05450000   0.01623000   0.03738000   0.02184000 
-11.98550000   0.01180000   0.03102000   0.01810000 
-11.91550000   0.00725900   0.02354000   0.01455000 
-11.84650000   0.00536900   0.02138000   0.01305000 
-11.77750000   0.00383700   0.02679000   0.01619000 
-11.70750000   0.00156100   0.01570000   0.00951300 
-11.63850000   0.00000000   0.00000000   0.00000000 
-11.56950000   0.00324700   0.00030890   0.00088790 
-11.49950000   0.00628300   0.00096850   0.00194800 
-11.43050000   0.00457400   0.00117600   0.00180700 
-11.36150000   0.00503700   0.00156700   0.00204300 
-11.29150000   0.00492300   0.00215500   0.00225100 
-11.22250000   0.00414100   0.00271200   0.00232800 
-11.15350000   0.00452300   0.00434800   0.00309700 
-11.08350000   0.00068830   0.00207700   0.00128700 
-11.01450000   0.00033280   0.00067100   0.00066100 
-10.94550000   0.00194200   0.00087720   0.00128000 
-10.87550000   0.00155200   0.00076830   0.00096150 
-10.80650000   0.00116600   0.00064710   0.00075140 
-10.73750000   0.00591600   0.00345800   0.00230000 
-10.66750000   0.00373100   0.00314100   0.00219200 
-10.59850000   0.00345600   0.00332500   0.00246200 
-10.52950000   0.00299000   0.00434300   0.00342100 
-10.45950000   0.00320900   0.00489700   0.00422200 
-10.39050000   0.00721000   0.00616600   0.00539100 
-10.32150000   0.00871100   0.00575700   0.00667400 
-10.25150000   0.01358000   0.00703000   0.01285000 
-10.18250000   0.00840800   0.00679300   0.01211000 
-10.11350000   0.16070000   0.08730000   0.08543000 
-10.04350000   0.04669000   0.03581000   0.04753000 
 -9.97450000   0.16710000   0.13200000   0.13860000 
 -9.90550000   0.09375000   0.08122000   0.11970000 
 -9.83550000   0.07955000   0.07869000   0.09319000 
 -9.76650000   0.03546000   0.05205000   0.09102000 
 -9.69750000   0.02770000   0.03855000   0.06648000 
 -9.62750000   0.03674000   0.07418000   0.10730000 
 -9.55850000   0.02248000   0.07449000   0.12520000 
 -9.48950000   0.01449000   0.07056000   0.10010000 
 -9.41950000   0.01033000   0.07391000   0.08685000 
 -9.35050000   0.00589500   0.07391000   0.05183000 
 -9.28150000   0.00000000   0.00000000   0.00000000 
 -9.21150000   0.00000000   0.00000000   0.00000000 
 -9.14250000   0.00000000   0.00000000   0.00000000 
 -9.07250000   0.00000000   0.00000000   0.00000000 
 -9.00350000   0.00000000   0.00000000   0.00000000 
 -8.93450000   0.00000000   0.00000000   0.00000000 
 -8.86450000   0.00000000   0.00000000   0.00000000 
 -8.79550000   0.00000000   0.00000000   0.00000000 
 -8.72650000   0.00000000   0.00000000   0.00000000 
 -8.65650000   0.00000000   0.00000000   0.00000000 
 -8.58750000   0.00000000   0.00000000   0.00000000 
 -8.51850000   0.00000000   0.00000000   0.00000000 
 -8.44850000   0.00000000   0.00000000   0.00000000 
 -8.37950000   0.00000000   0.00000000   0.00000000 
 -8.31050000   0.00000000   0.00000000   0.00000000 
 -8.24050000   0.00000000   0.00000000   0.00000000 
 -8.17150000   0.00000000   0.00000000   0.00000000 
 -8.10250000   0.00000000   0.00000000   0.00000000 
 -8.03250000   0.00000000   0.00000000   0.00000000 
 -7.96350000   0.00000000   0.00000000   0.00000000 
 -7.89450000   0.00000000   0.00000000   0.00000000 
 -7.82450000   0.00000000   0.00000000   0.00000000 
 -7.75550000   0.00000000   0.00000000   0.00000000 
 -7.68650000   0.00000000   0.00000000   0.00000000 
 -7.61650000   0.00000000   0.00000000   0.00000000 
 -7.54750000   0.00000000   0.00000000   0.00000000 
 -7.47850000   0.00000000   0.00000000   0.00000000 
 -7.40850000   0.00062140   0.00017070   0.00077540 
 -7.33950000   0.00104100   0.00026320   0.00100900 
 -7.27050000   0.00231100   0.00054810   0.00195600 
 -7.20050000   0.01041000   0.00209000   0.00955100 
 -7.13150000   0.01250000   0.00287900   0.01206000 
 -7.06250000   0.01522000   0.00419400   0.01412000 
 -6.99250000   0.02063000   0.00601500   0.01892000 
 -6.92350000   0.04035000   0.01733000   0.05410000 
 -6.85450000   0.04672000   0.01413000   0.04001000 
 -6.78450000   0.05812000   0.01796000   0.06728000 
 -6.71550000   0.14790000   0.02551000   0.05294000 
 -6.64650000   0.15960000   0.03266000   0.07890000 
 -6.57650000   0.14010000   0.03384000   0.10270000 
 -6.50750000   0.04318000   0.01253000   0.03082000 
 -6.43850000   0.16750000   0.05057000   0.14390000 
 -6.36850000   0.00863700   0.00459400   0.00978600 
 -6.29950000   0.05204000   0.02071000   0.05168000 
 -6.23050000   0.13040000   0.06460000   0.13630000 
 -6.16050000   0.02637000   0.01878000   0.03850000 
 -6.09150000   0.17260000   0.08494000   0.20540000 
 -6.02250000   0.06772000   0.03175000   0.08866000 
 -5.95250000   0.11630000   0.04121000   0.15920000 
 -5.88350000   0.12520000   0.05521000   0.15330000 
 -5.81450000   0.13110000   0.06189000   0.17660000 
 -5.74450000   0.09067000   0.02432000   0.11790000 
 -5.67550000   0.02178000   0.01236000   0.03998000 
 -5.60650000   0.10860000   0.07386000   0.23940000 
 -5.53650000   0.08744000   0.07171000   0.23540000 
 -5.46750000   0.08388000   0.05366000   0.25680000 
 -5.39850000   0.08011000   0.02907000   0.12200000 
 -5.32850000   0.10870000   0.04194000   0.22640000 
 -5.25950000   0.04272000   0.03466000   0.18360000 
 -5.19050000   0.09993000   0.05271000   0.31190000 
 -5.12050000   0.07260000   0.03312000   0.27930000 
 -5.05150000   0.09003000   0.04505000   0.33330000 
 -4.98250000   0.17180000   0.07928000   0.61540000 
 -4.91250000   0.07066000   0.05435000   0.33130000 
 -4.84350000   0.06629000   0.06401000   0.43360000 
 -4.77350000   0.06979000   0.04665000   0.41960000 
 -4.70450000   0.11140000   0.07293000   0.59050000 
 -4.63550000   0.04420000   0.04479000   0.32520000 
 -4.56550000   0.13750000   0.05027000   0.46090000 
 -4.49650000   0.01850000   0.01806000   0.14460000 
 -4.42750000   0.09320000   0.07680000   0.76330000 
 -4.35750000   0.12050000   0.14220000   0.73820000 
 -4.28850000   0.07306000   0.05331000   0.55310000 
 -4.21950000   0.06895000   0.07318000   0.65260000 
 -4.14950000   0.05013000   0.07232000   0.72990000 
 -4.08050000   0.05299000   0.11450000   0.76560000 
 -4.01150000   0.03310000   0.10090000   0.87530000 
 -3.94150000   0.04021000   0.19520000   2.11300000 
 -3.87250000   0.06322000   0.12310000   0.90640000 
 -3.80350000   0.05016000   0.12310000   1.19100000 
 -3.73350000   0.03482000   0.07457000   0.71500000 
 -3.66450000   0.04241000   0.10330000   0.74920000 
 -3.59550000   0.02166000   0.07737000   0.39130000 
 -3.52550000   0.01746000   0.03805000   0.25820000 
 -3.45650000   0.01217000   0.03590000   0.35430000 
 -3.38750000   0.01311000   0.01803000   0.39220000 
 -3.31750000   0.01348000   0.04318000   0.51490000 
 -3.24850000   0.03701000   0.06732000   1.67300000 
 -3.17950000   0.02520000   0.07828000   1.24700000 
 -3.10950000   0.02133000   0.11780000   2.07400000 
 -3.04050000   0.01743000   0.17640000   2.77400000 
 -2.97150000   0.01902000   0.21300000   3.58300000 
 -2.90150000   0.00650800   0.12210000   1.82900000 
 -2.83250000   0.00705300   0.03781000   0.81690000 
 -2.76350000   0.01402000   0.06616000   1.27700000 
 -2.69350000   0.00869400   0.08157000   0.88220000 
 -2.62450000   0.01816000   0.08968000   1.84500000 
 -2.55550000   0.01090000   0.08503000   1.79200000 
 -2.48550000   0.01324000   0.05056000   1.16800000 
 -2.41650000   0.00739700   0.04027000   1.23200000 
 -2.34750000   0.00919600   0.07497000   2.13400000 
 -2.27750000   0.00549800   0.04609000   1.43200000 
 -2.20850000   0.01648000   0.10510000   5.28300000 
 -2.13950000   0.01499000   0.09979000   4.12400000 
 -2.06950000   0.00636000   0.03264000   1.30400000 
 -2.00050000   0.04317000   0.09881000   6.20900000 
 -1.93150000   0.01754000   0.02548000   2.02700000 
 -1.86150000   0.04489000   0.08495000   6.51500000 
 -1.79250000   0.03271000   0.05908000   3.34300000 
 -1.72350000   0.03193000   0.08360000   2.97200000 
 -1.65350000   0.03355000   0.06385000   3.07400000 
 -1.58450000   0.03209000   0.07234000   3.51500000 
 -1.51550000   0.01649000   0.03488000   1.96000000 
 -1.44550000   0.03870000   0.04511000   3.65800000 
 -1.37650000   0.07942000   0.05511000   5.01000000 
 -1.30750000   0.07508000   0.12470000   4.44600000 
 -1.23750000   0.01917000   0.06601000   1.89100000 
 -1.16850000   0.05689000   0.12660000   3.40500000 
 -1.09950000   0.03095000   0.09629000   2.96800000 
 -1.02950000   0.02128000   0.05901000   1.52400000 
 -0.96050000   0.03945000   0.08788000   1.83500000 
 -0.89150000   0.02668000   0.10160000   1.41800000 
 -0.82150000   0.02171000   0.02105000   0.83570000 
 -0.75250000   0.02579000   0.05711000   0.91160000 
 -0.68350000   0.04612000   0.06781000   1.52400000 
 -0.61350000   0.03050000   0.07310000   1.18100000 
 -0.54450000   0.03718000   0.11580000   1.42100000 
 -0.47450000   0.03455000   0.05587000   0.96200000 
 -0.40550000   0.01968000   0.02383000   0.43260000 
 -0.33650000   0.01113000   0.02982000   0.37780000 
 -0.26650000   0.03526000   0.12080000   1.24600000 
 -0.19750000   0.02696000   0.07268000   0.86350000 
 -0.12850000   0.01138000   0.03004000   0.45480000 
 -0.05850000   0.02191000   0.03721000   0.39920000 
  0.01050000   0.02058000   0.07915000   0.81810000 
  0.07950000   0.01346000   0.03291000   0.37260000 
  0.14950000   0.01000000   0.02895000   0.25570000 
  0.21850000   0.01165000   0.02086000   0.19900000 
  0.28750000   0.01695000   0.02920000   0.30730000 
  0.35750000   0.02215000   0.03996000   0.38620000 
  0.42650000   0.01483000   0.03638000   0.28340000 
  0.49550000   0.02097000   0.03353000   0.31380000 
  0.56550000   0.02165000   0.04764000   0.35580000 
  0.63450000   0.01687000   0.04215000   0.24150000 
  0.70350000   0.02631000   0.07010000   0.38860000 
  0.77350000   0.03553000   0.08409000   0.56790000 
  0.84250000   0.02615000   0.07139000   0.43320000 
  0.91150000   0.02944000   0.06772000   0.32640000 
  0.98150000   0.02114000   0.05522000   0.29620000 
  1.05050000   0.01847000   0.05349000   0.30920000 
  1.11950000   0.01707000   0.06052000   0.29120000 
  1.18950000   0.01385000   0.05782000   0.29380000 
  1.25850000   0.01483000   0.08632000   0.35230000 
  1.32750000   0.02400000   0.11490000   0.51560000 
  1.39750000   0.01310000   0.05534000   0.29350000 
  1.46650000   0.01558000   0.08062000   0.33760000 
  1.53550000   0.00863700   0.05833000   0.22340000 
  1.60550000   0.00963900   0.05029000   0.20470000 
  1.67450000   0.01340000   0.08027000   0.45160000 
  1.74350000   0.01306000   0.06446000   0.35270000 
  1.81350000   0.02352000   0.06476000   0.33280000 
  1.88250000   0.02261000   0.06004000   0.27380000 
  1.95150000   0.01563000   0.05059000   0.22040000 
  2.02150000   0.01515000   0.08893000   0.24880000 
  2.09050000   0.01703000   0.08440000   0.35470000 
  2.15950000   0.01402000   0.07114000   0.29220000 
  2.22950000   0.01804000   0.06895000   0.25210000 
  2.29850000   0.00836800   0.05680000   0.16060000 
  2.36750000   0.01101000   0.05236000   0.14350000 
  2.43750000   0.00817300   0.04710000   0.12740000 
  2.50650000   0.00499800   0.02341000   0.06556000 
  2.57550000   0.00528200   0.02260000   0.08118000 
  2.64550000   0.01104000   0.02975000   0.12320000 
  2.71450000   0.00863000   0.03386000   0.09607000 
  2.78350000   0.01906000   0.09487000   0.19780000 
  2.85350000   0.01273000   0.05141000   0.08780000 
  2.92250000   0.01946000   0.04048000   0.06142000 
  2.99150000   0.03113000   0.08102000   0.08994000 
  3.06150000   0.02171000   0.05627000   0.11170000 
  3.13050000   0.01140000   0.06463000   0.11440000 
  3.19950000   0.00941600   0.06792000   0.08873000 
  3.26950000   0.01553000   0.07484000   0.14770000 
  3.33850000   0.01707000   0.06697000   0.14270000 
  3.40750000   0.01579000   0.05152000   0.10600000 
  3.47750000   0.01184000   0.02986000   0.13740000 
  3.54650000   0.00945100   0.03233000   0.20630000 
  3.61550000   0.01022000   0.03968000   0.20960000 
  3.68550000   0.00727100   0.02013000   0.08147000 
  3.75450000   0.00560500   0.01110000   0.06111000 
  3.82450000   0.00472400   0.00659100   0.03109000 
  3.89350000   0.00666500   0.00898600   0.03572000 
  3.96250000   0.00803400   0.01114000   0.03829000 
  4.03250000   0.00856100   0.01201000   0.03512000 
  4.10150000   0.01017000   0.01573000   0.03891000 
  4.17050000   0.00730400   0.01138000   0.02539000 
  4.24050000   0.00508000   0.00461200   0.00978400 
  4.30950000   0.00286100   0.00212200   0.00429800 
  4.37850000   0.00000000   0.00000000   0.00000000 
  4.44850000   0.00000000   0.00000000   0.00000000 
  4.51750000   0.00000000   0.00000000   0.00000000 
  4.58650000   0.00000000   0.00000000   0.00000000 
  4.65650000   0.00000000   0.00000000   0.00000000 
  4.72550000   0.00000000   0.00000000   0.00000000 
  4.79450000   0.00000000   0.00000000   0.00000000 
  4.86450000   0.00000000   0.00000000   0.00000000 
  4.93350000   0.00000000   0.00000000   0.00000000 
  5.00250000   0.00000000   0.00000000   0.00000000 
  5.07250000   0.00000000   0.00000000   0.00000000 
  5.14150000   0.00000000   0.00000000   0.00000000 
  5.21050000   0.00000000   0.00000000   0.00000000 
  5.28050000   0.00000000   0.00000000   0.00000000 
  5.34950000   0.00000000   0.00000000   0.00000000 
