-15.45250000   0.00000000   0.00000000   0.00000000 
-15.38250000   0.00000000   0.00000000   0.00000000 
-15.31350000   0.00000000   0.00000000   0.00000000 
-15.24450000   0.00000000   0.00000000   0.00000000 
-15.17450000   0.00000000   0.00000000   0.00000000 
-15.10550000   0.00000000   0.00000000   0.00000000 
-15.03650000   0.00000000   0.00000000   0.00000000 
-14.96650000   0.00000000   0.00000000   0.00000000 
-14.89750000   0.00000000   0.00000000   0.00000000 
-14.82850000   0.00000000   0.00000000   0.00000000 
-14.75850000   0.00000000   0.00000000   0.00000000 
-14.68950000   0.00000000   0.00000000   0.00000000 
-14.62050000   0.00000000   0.00000000   0.00000000 
-14.55050000   0.00000000   0.00000000   0.00000000 
-14.48150000   0.00000000   0.00000000   0.00000000 
-14.41250000   0.00122300   0.00019340   0.00004584 
-14.34250000   0.00149000   0.00025910   0.00006412 
-14.27350000   0.00127500   0.00025290   0.00006478 
-14.20450000   0.00118900   0.00026360   0.00006868 
-14.13450000   0.00127300   0.00030000   0.00007816 
-14.06550000   0.00126700   0.00029730   0.00008200 
-13.99650000   0.00121800   0.00030250   0.00008555 
-13.92650000   0.00119400   0.00030930   0.00008923 
-13.85750000   0.02716000   0.00379700   0.00141400 
-13.78850000   0.00936300   0.00167900   0.00061050 
-13.71850000   0.01971000   0.00371300   0.00135400 
-13.64950000   0.02633000   0.00588900   0.00214500 
-13.58050000   0.03286000   0.00762700   0.00288600 
-13.51050000   0.01696000   0.00383700   0.00145400 
-13.44150000   0.02185000   0.00557400   0.00218100 
-13.37250000   0.02299000   0.00625000   0.00238500 
-13.30250000   0.02197000   0.00619500   0.00249400 
-13.23350000   0.02533000   0.00740500   0.00298900 
-13.16350000   0.02003000   0.00783600   0.00336900 
-13.09450000   0.02394000   0.00811400   0.00355400 
-13.02550000   0.10320000   0.01643000   0.01062000 
-12.95550000   0.05935000   0.01115000   0.00716600 
-12.88650000   0.05457000   0.01343000   0.00809600 
-12.81750000   0.08624000   0.01847000   0.01098000 
-12.74750000   0.08691000   0.02650000   0.01416000 
-12.67850000   0.06741000   0.03344000   0.01771000 
-12.60950000   0.04742000   0.01929000   0.01019000 
-12.53950000   0.04331000   0.02324000   0.01248000 
-12.47050000   0.06365000   0.02538000   0.01435000 
-12.40150000   0.06986000   0.08118000   0.04228000 
-12.33150000   0.09058000   0.09424000   0.05228000 
-12.26250000   0.05450000   0.07549000   0.04270000 
-12.19350000   0.03880000   0.06906000   0.03994000 
-12.12350000   0.02910000   0.06472000   0.03741000 
-12.05450000   0.01628000   0.03478000   0.01954000 
-11.98550000   0.01164000   0.02826000   0.01591000 
-11.91550000   0.00861300   0.02785000   0.01740000 
-11.84650000   0.00596400   0.02320000   0.01420000 
-11.77750000   0.00407500   0.02672000   0.01594000 
-11.70750000   0.00171800   0.01569000   0.00936200 
-11.63850000   0.00000000   0.00000000   0.00000000 
-11.56950000   0.00319300   0.00024060   0.00089110 
-11.49950000   0.00622300   0.00088610   0.00197500 
-11.43050000   0.00438200   0.00119800   0.00159900 
-11.36150000   0.00505000   0.00157600   0.00206400 
-11.29150000   0.00503200   0.00209600   0.00236800 
-11.22250000   0.00423100   0.00261700   0.00238700 
-11.15350000   0.00412000   0.00434500   0.00311100 
-11.08350000   0.00059160   0.00190100   0.00126700 
-11.01450000   0.00044040   0.00098200   0.00061610 
-10.94550000   0.00198100   0.00094200   0.00129300 
-10.87550000   0.00157600   0.00076510   0.00099930 
-10.80650000   0.00114300   0.00066740   0.00075790 
-10.73750000   0.00602100   0.00350700   0.00231900 
-10.66750000   0.00350900   0.00306000   0.00220800 
-10.59850000   0.00319200   0.00334300   0.00249200 
-10.52950000   0.00296000   0.00437800   0.00344100 
-10.45950000   0.00270000   0.00496900   0.00415900 
-10.39050000   0.00704700   0.00615000   0.00497400 
-10.32150000   0.00879400   0.00579200   0.00664300 
-10.25150000   0.01282000   0.00735100   0.01263000 
-10.18250000   0.00954700   0.00572500   0.01274000 
-10.11350000   0.13540000   0.07816000   0.09642000 
-10.04350000   0.05438000   0.03786000   0.04405000 
 -9.97450000   0.14300000   0.11040000   0.15870000 
 -9.90550000   0.10240000   0.08616000   0.10890000 
 -9.83550000   0.07693000   0.08614000   0.09861000 
 -9.76650000   0.04378000   0.05410000   0.08936000 
 -9.69750000   0.02503000   0.03847000   0.06461000 
 -9.62750000   0.04100000   0.07395000   0.10660000 
 -9.55850000   0.02264000   0.07720000   0.12390000 
 -9.48950000   0.01614000   0.06950000   0.09993000 
 -9.41950000   0.01241000   0.07525000   0.08596000 
 -9.35050000   0.00578100   0.07605000   0.05140000 
 -9.28150000   0.00000000   0.00000000   0.00000000 
 -9.21150000   0.00000000   0.00000000   0.00000000 
 -9.14250000   0.00000000   0.00000000   0.00000000 
 -9.07250000   0.00000000   0.00000000   0.00000000 
 -9.00350000   0.00000000   0.00000000   0.00000000 
 -8.93450000   0.00000000   0.00000000   0.00000000 
 -8.86450000   0.00000000   0.00000000   0.00000000 
 -8.79550000   0.00000000   0.00000000   0.00000000 
 -8.72650000   0.00000000   0.00000000   0.00000000 
 -8.65650000   0.00000000   0.00000000   0.00000000 
 -8.58750000   0.00000000   0.00000000   0.00000000 
 -8.51850000   0.00000000   0.00000000   0.00000000 
 -8.44850000   0.00000000   0.00000000   0.00000000 
 -8.37950000   0.00000000   0.00000000   0.00000000 
 -8.31050000   0.00000000   0.00000000   0.00000000 
 -8.24050000   0.00000000   0.00000000   0.00000000 
 -8.17150000   0.00000000   0.00000000   0.00000000 
 -8.10250000   0.00000000   0.00000000   0.00000000 
 -8.03250000   0.00000000   0.00000000   0.00000000 
 -7.96350000   0.00000000   0.00000000   0.00000000 
 -7.89450000   0.00000000   0.00000000   0.00000000 
 -7.82450000   0.00000000   0.00000000   0.00000000 
 -7.75550000   0.00000000   0.00000000   0.00000000 
 -7.68650000   0.00000000   0.00000000   0.00000000 
 -7.61650000   0.00000000   0.00000000   0.00000000 
 -7.54750000   0.00000000   0.00000000   0.00000000 
 -7.47850000   0.00000000   0.00000000   0.00000000 
 -7.40850000   0.00049450   0.00016820   0.00084500 
 -7.33950000   0.00109000   0.00027540   0.00097580 
 -7.27050000   0.00240700   0.00055550   0.00191500 
 -7.20050000   0.01029000   0.00207100   0.00957100 
 -7.13150000   0.01188000   0.00298400   0.01192000 
 -7.06250000   0.01293000   0.00470400   0.01377000 
 -6.99250000   0.01680000   0.00686900   0.01831000 
 -6.92350000   0.04314000   0.01966000   0.05435000 
 -6.85450000   0.05941000   0.01058000   0.03571000 
 -6.78450000   0.05647000   0.01730000   0.07048000 
 -6.71550000   0.14850000   0.02431000   0.05199000 
 -6.64650000   0.15110000   0.03055000   0.08621000 
 -6.57650000   0.13580000   0.03376000   0.10150000 
 -6.50750000   0.05596000   0.01228000   0.03262000 
 -6.43850000   0.17940000   0.05054000   0.14030000 
 -6.36850000   0.00856100   0.00498100   0.00947700 
 -6.29950000   0.04456000   0.02164000   0.05249000 
 -6.23050000   0.14700000   0.06565000   0.12530000 
 -6.16050000   0.02965000   0.01782000   0.03697000 
 -6.09150000   0.19050000   0.07791000   0.19980000 
 -6.02250000   0.07941000   0.03017000   0.09620000 
 -5.95250000   0.10900000   0.03643000   0.16620000 
 -5.88350000   0.13240000   0.05505000   0.14350000 
 -5.81450000   0.10600000   0.06335000   0.18990000 
 -5.74450000   0.07860000   0.03451000   0.11930000 
 -5.67550000   0.02453000   0.01092000   0.03295000 
 -5.60650000   0.11590000   0.06295000   0.23130000 
 -5.53650000   0.08022000   0.06839000   0.23500000 
 -5.46750000   0.08926000   0.05423000   0.25090000 
 -5.39850000   0.07484000   0.02751000   0.12020000 
 -5.32850000   0.12060000   0.04662000   0.22990000 
 -5.25950000   0.03327000   0.03447000   0.17400000 
 -5.19050000   0.13080000   0.05064000   0.27170000 
 -5.12050000   0.07536000   0.03676000   0.27150000 
 -5.05150000   0.07291000   0.05061000   0.31280000 
 -4.98250000   0.16900000   0.07479000   0.55060000 
 -4.91250000   0.07710000   0.05430000   0.34490000 
 -4.84350000   0.06401000   0.06181000   0.43320000 
 -4.77350000   0.08085000   0.04393000   0.42350000 
 -4.70450000   0.11220000   0.06333000   0.62520000 
 -4.63550000   0.04032000   0.04739000   0.32190000 
 -4.56550000   0.09976000   0.06513000   0.52920000 
 -4.49650000   0.02216000   0.01908000   0.12490000 
 -4.42750000   0.11220000   0.06120000   0.63370000 
 -4.35750000   0.14310000   0.15180000   0.76290000 
 -4.28850000   0.05932000   0.05613000   0.54240000 
 -4.21950000   0.07262000   0.06318000   0.62930000 
 -4.14950000   0.05088000   0.06881000   0.69550000 
 -4.08050000   0.04681000   0.10960000   0.75340000 
 -4.01150000   0.03491000   0.10690000   0.90990000 
 -3.94150000   0.03698000   0.19800000   2.08400000 
 -3.87250000   0.04786000   0.13570000   1.02600000 
 -3.80350000   0.06759000   0.12430000   1.35200000 
 -3.73350000   0.02908000   0.07131000   0.63230000 
 -3.66450000   0.04913000   0.09985000   0.75440000 
 -3.59550000   0.02084000   0.07948000   0.39710000 
 -3.52550000   0.02150000   0.03295000   0.25240000 
 -3.45650000   0.01192000   0.04058000   0.33340000 
 -3.38750000   0.01546000   0.01844000   0.36040000 
 -3.31750000   0.01404000   0.04440000   0.49430000 
 -3.24850000   0.03625000   0.05776000   1.49500000 
 -3.17950000   0.02188000   0.07229000   1.30000000 
 -3.10950000   0.01941000   0.12000000   2.08900000 
 -3.04050000   0.02056000   0.18000000   2.78400000 
 -2.97150000   0.01618000   0.20720000   3.63200000 
 -2.90150000   0.00995900   0.12980000   1.70000000 
 -2.83250000   0.00758700   0.04220000   0.84030000 
 -2.76350000   0.01184000   0.07158000   1.25200000 
 -2.69350000   0.00899000   0.08154000   0.91450000 
 -2.62450000   0.02056000   0.08174000   1.87000000 
 -2.55550000   0.01140000   0.08871000   1.80400000 
 -2.48550000   0.01143000   0.05049000   1.12400000 
 -2.41650000   0.00732000   0.03809000   1.26400000 
 -2.34750000   0.00981400   0.07669000   2.11900000 
 -2.27750000   0.00611100   0.04424000   1.48100000 
 -2.20850000   0.01795000   0.10460000   5.31200000 
 -2.13950000   0.01547000   0.10140000   3.80300000 
 -2.06950000   0.00638800   0.03039000   1.39200000 
 -2.00050000   0.03773000   0.09628000   6.14000000 
 -1.93150000   0.01895000   0.02764000   2.36100000 
 -1.86150000   0.04423000   0.09250000   5.99800000 
 -1.79250000   0.02267000   0.05515000   3.02300000 
 -1.72350000   0.02550000   0.08461000   3.27800000 
 -1.65350000   0.03337000   0.06237000   3.05100000 
 -1.58450000   0.03386000   0.07074000   3.56300000 
 -1.51550000   0.01265000   0.03705000   2.20300000 
 -1.44550000   0.03614000   0.04648000   3.53800000 
 -1.37650000   0.07554000   0.04620000   4.55800000 
 -1.30750000   0.06771000   0.11290000   4.48000000 
 -1.23750000   0.02100000   0.05504000   1.62100000 
 -1.16850000   0.04662000   0.12310000   3.22500000 
 -1.09950000   0.02767000   0.09356000   2.75300000 
 -1.02950000   0.02037000   0.05713000   1.60000000 
 -0.96050000   0.04159000   0.08624000   1.94000000 
 -0.89150000   0.02749000   0.09900000   1.50500000 
 -0.82150000   0.02280000   0.02163000   0.81790000 
 -0.75250000   0.03510000   0.05487000   0.84730000 
 -0.68350000   0.04270000   0.06243000   1.39100000 
 -0.61350000   0.02807000   0.06591000   1.18400000 
 -0.54450000   0.02954000   0.12210000   1.55400000 
 -0.47450000   0.03564000   0.05555000   1.01100000 
 -0.40550000   0.01690000   0.02347000   0.44990000 
 -0.33650000   0.01303000   0.02896000   0.37810000 
 -0.26650000   0.03531000   0.12130000   1.20900000 
 -0.19750000   0.03307000   0.07949000   0.93260000 
 -0.12850000   0.01186000   0.02915000   0.47970000 
 -0.05850000   0.02023000   0.03839000   0.38870000 
  0.01050000   0.02131000   0.08541000   0.80420000 
  0.07950000   0.01422000   0.03136000   0.37460000 
  0.14950000   0.00923200   0.02938000   0.22970000 
  0.21850000   0.01341000   0.02118000   0.21300000 
  0.28750000   0.01193000   0.02936000   0.31000000 
  0.35750000   0.02190000   0.04027000   0.38650000 
  0.42650000   0.01610000   0.03590000   0.27580000 
  0.49550000   0.02066000   0.03358000   0.31770000 
  0.56550000   0.02339000   0.04352000   0.36490000 
  0.63450000   0.01436000   0.04184000   0.24070000 
  0.70350000   0.02607000   0.07031000   0.38960000 
  0.77350000   0.03184000   0.07449000   0.52740000 
  0.84250000   0.03024000   0.08109000   0.44250000 
  0.91150000   0.02635000   0.06188000   0.32410000 
  0.98150000   0.02381000   0.05766000   0.29090000 
  1.05050000   0.02014000   0.06127000   0.31300000 
  1.11950000   0.01672000   0.06084000   0.29490000 
  1.18950000   0.01422000   0.06068000   0.29490000 
  1.25850000   0.01431000   0.08414000   0.35590000 
  1.32750000   0.02762000   0.10540000   0.51090000 
  1.39750000   0.01301000   0.05070000   0.29550000 
  1.46650000   0.01504000   0.07845000   0.34040000 
  1.53550000   0.00770700   0.05835000   0.22140000 
  1.60550000   0.00865900   0.05262000   0.20090000 
  1.67450000   0.01435000   0.08002000   0.43040000 
  1.74350000   0.01086000   0.06960000   0.34920000 
  1.81350000   0.02647000   0.07199000   0.33900000 
  1.88250000   0.02187000   0.05439000   0.27510000 
  1.95150000   0.01550000   0.04611000   0.22040000 
  2.02150000   0.01170000   0.08871000   0.24870000 
  2.09050000   0.01749000   0.08351000   0.34690000 
  2.15950000   0.01401000   0.07215000   0.28140000 
  2.22950000   0.01980000   0.06715000   0.25750000 
  2.29850000   0.00717000   0.04893000   0.17670000 
  2.36750000   0.01022000   0.04864000   0.13110000 
  2.43750000   0.01206000   0.04712000   0.12960000 
  2.50650000   0.00498400   0.02410000   0.06859000 
  2.57550000   0.00547800   0.02280000   0.08228000 
  2.64550000   0.01063000   0.02453000   0.13480000 
  2.71450000   0.00910800   0.03310000   0.09282000 
  2.78350000   0.01786000   0.09759000   0.19360000 
  2.85350000   0.01423000   0.05023000   0.08932000 
  2.92250000   0.01906000   0.03953000   0.06619000 
  2.99150000   0.04185000   0.08231000   0.09835000 
  3.06150000   0.01779000   0.05723000   0.10800000 
  3.13050000   0.01345000   0.05645000   0.10420000 
  3.19950000   0.01058000   0.07734000   0.10350000 
  3.26950000   0.01674000   0.06594000   0.13680000 
  3.33850000   0.02097000   0.07602000   0.13460000 
  3.40750000   0.01364000   0.05407000   0.11910000 
  3.47750000   0.00965500   0.02912000   0.15010000 
  3.54650000   0.00690100   0.02528000   0.20650000 
  3.61550000   0.01043000   0.04066000   0.23190000 
  3.68550000   0.00576100   0.02092000   0.10070000 
  3.75450000   0.00694500   0.01447000   0.06256000 
  3.82450000   0.00565500   0.00843300   0.02734000 
  3.89350000   0.00730400   0.01079000   0.03295000 
  3.96250000   0.00837400   0.01225000   0.03628000 
  4.03250000   0.00904400   0.01254000   0.03392000 
  4.10150000   0.01215000   0.01600000   0.03903000 
  4.17050000   0.00799100   0.00929500   0.02556000 
  4.24050000   0.00142400   0.00318600   0.00910100 
  4.30950000   0.00052250   0.00159500   0.00401100 
  4.37850000   0.00000000   0.00000000   0.00000000 
  4.44850000   0.00000000   0.00000000   0.00000000 
  4.51750000   0.00000000   0.00000000   0.00000000 
  4.58650000   0.00000000   0.00000000   0.00000000 
  4.65650000   0.00000000   0.00000000   0.00000000 
  4.72550000   0.00000000   0.00000000   0.00000000 
  4.79450000   0.00000000   0.00000000   0.00000000 
  4.86450000   0.00000000   0.00000000   0.00000000 
  4.93350000   0.00000000   0.00000000   0.00000000 
  5.00250000   0.00000000   0.00000000   0.00000000 
  5.07250000   0.00000000   0.00000000   0.00000000 
  5.14150000   0.00000000   0.00000000   0.00000000 
  5.21050000   0.00000000   0.00000000   0.00000000 
  5.28050000   0.00000000   0.00000000   0.00000000 
  5.34950000   0.00000000   0.00000000   0.00000000 
