-15.45250000   0.00000000   0.00000000   0.00000000 
-15.38250000   0.00000000   0.00000000   0.00000000 
-15.31350000   0.00000000   0.00000000   0.00000000 
-15.24450000   0.00000000   0.00000000   0.00000000 
-15.17450000   0.00000000   0.00000000   0.00000000 
-15.10550000   0.00000000   0.00000000   0.00000000 
-15.03650000   0.00000000   0.00000000   0.00000000 
-14.96650000   0.00000000   0.00000000   0.00000000 
-14.89750000   0.00000000   0.00000000   0.00000000 
-14.82850000   0.00000000   0.00000000   0.00000000 
-14.75850000   0.00000000   0.00000000   0.00000000 
-14.68950000   0.00000000   0.00000000   0.00000000 
-14.62050000   0.00000000   0.00000000   0.00000000 
-14.55050000   0.00000000   0.00000000   0.00000000 
-14.48150000   0.00000000   0.00000000   0.00000000 
-14.41250000   0.00269700   0.00015980   0.00005558 
-14.34250000   0.00330200   0.00023890   0.00007403 
-14.27350000   0.00283900   0.00026100   0.00007286 
-14.20450000   0.00265100   0.00029270   0.00007634 
-14.13450000   0.00285100   0.00034570   0.00009105 
-14.06550000   0.00274600   0.00037510   0.00009836 
-13.99650000   0.00251100   0.00041790   0.00010440 
-13.92650000   0.00233600   0.00045620   0.00011020 
-13.85750000   0.04153000   0.00151900   0.00144000 
-13.78850000   0.01425000   0.00120600   0.00056010 
-13.71850000   0.03236000   0.00233300   0.00127200 
-13.64950000   0.04726000   0.00389400   0.00188200 
-13.58050000   0.05296000   0.00555600   0.00228500 
-13.51050000   0.02305000   0.00280900   0.00129100 
-13.44150000   0.03083000   0.00466300   0.00178200 
-13.37250000   0.03006000   0.00616600   0.00211600 
-13.30250000   0.02380000   0.00739800   0.00213100 
-13.23350000   0.02633000   0.00921300   0.00267700 
-13.16350000   0.03049000   0.00739700   0.00279900 
-13.09450000   0.02526000   0.01025000   0.00335600 
-13.02550000   0.07847000   0.01720000   0.01097000 
-12.95550000   0.05207000   0.01030000   0.00772100 
-12.88650000   0.05699000   0.01293000   0.00859800 
-12.81750000   0.05519000   0.01850000   0.01135000 
-12.74750000   0.05608000   0.03315000   0.01298000 
-12.67850000   0.07354000   0.03688000   0.01565000 
-12.60950000   0.03362000   0.01920000   0.01068000 
-12.53950000   0.03978000   0.02536000   0.01284000 
-12.47050000   0.03133000   0.02936000   0.01578000 
-12.40150000   0.12520000   0.05769000   0.03264000 
-12.33150000   0.06979000   0.09043000   0.04480000 
-12.26250000   0.04449000   0.06900000   0.03520000 
-12.19350000   0.03483000   0.06380000   0.03149000 
-12.12350000   0.02582000   0.06041000   0.02999000 
-12.05450000   0.01493000   0.02936000   0.01874000 
-11.98550000   0.01077000   0.02397000   0.01579000 
-11.91550000   0.00628600   0.01961000   0.01120000 
-11.84650000   0.00471300   0.01697000   0.01070000 
-11.77750000   0.00337500   0.02001000   0.01421000 
-11.70750000   0.00141400   0.01158000   0.00841900 
-11.63850000   0.00000000   0.00000000   0.00000000 
-11.56950000   0.00007130   0.00254100   0.00066220 
-11.49950000   0.00014880   0.00558200   0.00162800 
-11.43050000   0.00011350   0.00482700   0.00179900 
-11.36150000   0.00014320   0.00587100   0.00226300 
-11.29150000   0.00058310   0.00672200   0.00291500 
-11.22250000   0.00155400   0.00711000   0.00359100 
-11.15350000   0.00662900   0.01007000   0.00540700 
-11.08350000   0.00294700   0.00465700   0.00178000 
-11.01450000   0.00184800   0.00135800   0.00092060 
-10.94550000   0.00332400   0.00197400   0.00343600 
-10.87550000   0.00253200   0.00159200   0.00287500 
-10.80650000   0.00175400   0.00124200   0.00238400 
-10.73750000   0.01372000   0.00835500   0.00737200 
-10.66750000   0.01122000   0.00792800   0.00695800 
-10.59850000   0.01118000   0.00867900   0.00769600 
-10.52950000   0.01264000   0.01162000   0.01024000 
-10.45950000   0.01247000   0.01376000   0.01213000 
-10.39050000   0.01710000   0.01675000   0.01376000 
-10.32150000   0.01756000   0.02059000   0.01363000 
-10.25150000   0.01710000   0.02936000   0.01570000 
-10.18250000   0.01246000   0.02672000   0.01045000 
-10.11350000   0.16010000   0.08227000   0.08497000 
-10.04350000   0.04577000   0.03937000   0.04371000 
 -9.97450000   0.17380000   0.11690000   0.12560000 
 -9.90550000   0.08740000   0.06802000   0.10690000 
 -9.83550000   0.07778000   0.05964000   0.09875000 
 -9.76650000   0.04089000   0.04718000   0.08628000 
 -9.69750000   0.02971000   0.03407000   0.05442000 
 -9.62750000   0.03973000   0.05574000   0.09616000 
 -9.55850000   0.02525000   0.05330000   0.11250000 
 -9.48950000   0.01609000   0.05236000   0.09096000 
 -9.41950000   0.00968000   0.05906000   0.07520000 
 -9.35050000   0.00482100   0.06071000   0.04238000 
 -9.28150000   0.00000000   0.00000000   0.00000000 
 -9.21150000   0.00000000   0.00000000   0.00000000 
 -9.14250000   0.00000000   0.00000000   0.00000000 
 -9.07250000   0.00000000   0.00000000   0.00000000 
 -9.00350000   0.00000000   0.00000000   0.00000000 
 -8.93450000   0.00000000   0.00000000   0.00000000 
 -8.86450000   0.00000000   0.00000000   0.00000000 
 -8.79550000   0.00000000   0.00000000   0.00000000 
 -8.72650000   0.00000000   0.00000000   0.00000000 
 -8.65650000   0.00000000   0.00000000   0.00000000 
 -8.58750000   0.00000000   0.00000000   0.00000000 
 -8.51850000   0.00000000   0.00000000   0.00000000 
 -8.44850000   0.00000000   0.00000000   0.00000000 
 -8.37950000   0.00000000   0.00000000   0.00000000 
 -8.31050000   0.00000000   0.00000000   0.00000000 
 -8.24050000   0.00000000   0.00000000   0.00000000 
 -8.17150000   0.00000000   0.00000000   0.00000000 
 -8.10250000   0.00000000   0.00000000   0.00000000 
 -8.03250000   0.00000000   0.00000000   0.00000000 
 -7.96350000   0.00000000   0.00000000   0.00000000 
 -7.89450000   0.00000000   0.00000000   0.00000000 
 -7.82450000   0.00000000   0.00000000   0.00000000 
 -7.75550000   0.00000000   0.00000000   0.00000000 
 -7.68650000   0.00000000   0.00000000   0.00000000 
 -7.61650000   0.00000000   0.00000000   0.00000000 
 -7.54750000   0.00000000   0.00000000   0.00000000 
 -7.47850000   0.00000000   0.00000000   0.00000000 
 -7.40850000   0.00076930   0.00066130   0.00144000 
 -7.33950000   0.00147800   0.00089810   0.00155600 
 -7.27050000   0.00424300   0.00144000   0.00299700 
 -7.20050000   0.02434000   0.00507500   0.01542000 
 -7.13150000   0.02776000   0.00708400   0.01808000 
 -7.06250000   0.02715000   0.01012000   0.01885000 
 -6.99250000   0.03226000   0.01397000   0.02352000 
 -6.92350000   0.05138000   0.03763000   0.05648000 
 -6.85450000   0.05976000   0.01882000   0.04002000 
 -6.78450000   0.06857000   0.03134000   0.05812000 
 -6.71550000   0.16330000   0.01959000   0.05128000 
 -6.64650000   0.19340000   0.02700000   0.07960000 
 -6.57650000   0.19390000   0.03073000   0.07882000 
 -6.50750000   0.04975000   0.01510000   0.03310000 
 -6.43850000   0.19050000   0.07299000   0.22150000 
 -6.36850000   0.00865800   0.00644100   0.01338000 
 -6.29950000   0.05577000   0.02462000   0.07060000 
 -6.23050000   0.17550000   0.06871000   0.17000000 
 -6.16050000   0.04472000   0.01579000   0.05595000 
 -6.09150000   0.21550000   0.07000000   0.34620000 
 -6.02250000   0.08838000   0.03922000   0.09551000 
 -5.95250000   0.11760000   0.04493000   0.17230000 
 -5.88350000   0.13030000   0.06185000   0.19510000 
 -5.81450000   0.14710000   0.05731000   0.26180000 
 -5.74450000   0.09799000   0.03298000   0.12770000 
 -5.67550000   0.02284000   0.01430000   0.05137000 
 -5.60650000   0.14100000   0.07337000   0.27950000 
 -5.53650000   0.12670000   0.06455000   0.29750000 
 -5.46750000   0.08251000   0.05768000   0.26390000 
 -5.39850000   0.03176000   0.04097000   0.13660000 
 -5.32850000   0.05734000   0.07305000   0.21530000 
 -5.25950000   0.03918000   0.04223000   0.16800000 
 -5.19050000   0.05671000   0.07943000   0.26690000 
 -5.12050000   0.06293000   0.06100000   0.24210000 
 -5.05150000   0.10160000   0.08047000   0.23160000 
 -4.98250000   0.15080000   0.11000000   0.51140000 
 -4.91250000   0.06525000   0.05528000   0.42160000 
 -4.84350000   0.08797000   0.08239000   0.42390000 
 -4.77350000   0.05247000   0.06562000   0.45620000 
 -4.70450000   0.07144000   0.09337000   0.59500000 
 -4.63550000   0.04118000   0.04691000   0.39360000 
 -4.56550000   0.04882000   0.07990000   0.83910000 
 -4.49650000   0.01684000   0.02944000   0.24580000 
 -4.42750000   0.03347000   0.08848000   1.20800000 
 -4.35750000   0.10090000   0.15950000   1.34300000 
 -4.28850000   0.02363000   0.07116000   0.90930000 
 -4.21950000   0.02535000   0.07240000   0.94500000 
 -4.14950000   0.03460000   0.09201000   1.01200000 
 -4.08050000   0.03400000   0.06790000   1.02600000 
 -4.01150000   0.02927000   0.12590000   1.16600000 
 -3.94150000   0.03937000   0.26960000   1.93400000 
 -3.87250000   0.02486000   0.13170000   1.31700000 
 -3.80350000   0.02404000   0.16520000   1.26900000 
 -3.73350000   0.02004000   0.11450000   0.85210000 
 -3.66450000   0.02248000   0.19790000   1.55100000 
 -3.59550000   0.00804500   0.07511000   0.61520000 
 -3.52550000   0.00958600   0.05648000   0.67060000 
 -3.45650000   0.03156000   0.03750000   0.81420000 
 -3.38750000   0.02062000   0.01812000   0.66840000 
 -3.31750000   0.01305000   0.04319000   0.69720000 
 -3.24850000   0.05240000   0.07763000   2.35300000 
 -3.17950000   0.04462000   0.07413000   1.83800000 
 -3.10950000   0.04246000   0.10600000   1.93800000 
 -3.04050000   0.05507000   0.17150000   3.00400000 
 -2.97150000   0.04587000   0.22560000   3.76900000 
 -2.90150000   0.01898000   0.13520000   1.92100000 
 -2.83250000   0.00974100   0.02762000   0.90950000 
 -2.76350000   0.01922000   0.07492000   1.80000000 
 -2.69350000   0.02548000   0.06191000   1.69400000 
 -2.62450000   0.02330000   0.09550000   2.60800000 
 -2.55550000   0.02246000   0.05768000   2.43400000 
 -2.48550000   0.01410000   0.04821000   1.71300000 
 -2.41650000   0.02264000   0.05196000   1.63400000 
 -2.34750000   0.02397000   0.06912000   2.56300000 
 -2.27750000   0.01829000   0.04905000   1.73200000 
 -2.20850000   0.03841000   0.08184000   6.30000000 
 -2.13950000   0.03335000   0.09327000   6.23500000 
 -2.06950000   0.00872100   0.03150000   1.93500000 
 -2.00050000   0.01602000   0.06285000   4.44100000 
 -1.93150000   0.00578300   0.02121000   1.45500000 
 -1.86150000   0.02503000   0.09188000   4.39000000 
 -1.79250000   0.01409000   0.04573000   2.73800000 
 -1.72350000   0.01548000   0.03626000   3.22800000 
 -1.65350000   0.01803000   0.07377000   3.73200000 
 -1.58450000   0.02251000   0.07325000   3.70400000 
 -1.51550000   0.01507000   0.03363000   1.46100000 
 -1.44550000   0.02684000   0.06554000   2.12100000 
 -1.37650000   0.02361000   0.05147000   1.98100000 
 -1.30750000   0.02376000   0.05445000   1.64100000 
 -1.23750000   0.00879500   0.05135000   0.99100000 
 -1.16850000   0.03223000   0.12050000   2.06000000 
 -1.09950000   0.02298000   0.08097000   1.35400000 
 -1.02950000   0.01814000   0.05812000   0.95440000 
 -0.96050000   0.02733000   0.07131000   1.40200000 
 -0.89150000   0.01654000   0.07681000   0.99350000 
 -0.82150000   0.02627000   0.03636000   0.69560000 
 -0.75250000   0.02372000   0.09094000   0.81190000 
 -0.68350000   0.04115000   0.10920000   1.18200000 
 -0.61350000   0.02872000   0.10020000   1.11800000 
 -0.54450000   0.02069000   0.14540000   1.95500000 
 -0.47450000   0.02708000   0.06530000   0.89410000 
 -0.40550000   0.00836000   0.03146000   0.60480000 
 -0.33650000   0.01134000   0.03924000   0.35000000 
 -0.26650000   0.02985000   0.12560000   1.05400000 
 -0.19750000   0.01368000   0.09012000   0.83940000 
 -0.12850000   0.00946800   0.04779000   0.41940000 
 -0.05850000   0.00622100   0.06546000   0.32130000 
  0.01050000   0.01745000   0.09099000   0.61680000 
  0.07950000   0.01064000   0.04299000   0.33140000 
  0.14950000   0.00507400   0.03334000   0.29000000 
  0.21850000   0.00452500   0.02943000   0.24180000 
  0.28750000   0.01348000   0.03181000   0.26260000 
  0.35750000   0.01061000   0.04861000   0.40860000 
  0.42650000   0.00960500   0.04193000   0.32250000 
  0.49550000   0.00949500   0.03571000   0.30200000 
  0.56550000   0.01354000   0.04233000   0.35270000 
  0.63450000   0.01257000   0.03497000   0.31890000 
  0.70350000   0.02090000   0.05933000   0.49630000 
  0.77350000   0.02177000   0.08129000   0.63830000 
  0.84250000   0.01936000   0.06724000   0.56360000 
  0.91150000   0.01379000   0.05008000   0.47470000 
  0.98150000   0.01043000   0.04439000   0.37390000 
  1.05050000   0.01192000   0.03856000   0.35500000 
  1.11950000   0.01273000   0.03801000   0.36770000 
  1.18950000   0.00971900   0.02972000   0.30940000 
  1.25850000   0.01122000   0.04429000   0.37770000 
  1.32750000   0.01498000   0.08431000   0.64360000 
  1.39750000   0.00947200   0.03932000   0.30560000 
  1.46650000   0.00888900   0.03474000   0.36510000 
  1.53550000   0.00757500   0.02670000   0.25790000 
  1.60550000   0.00941700   0.03287000   0.24450000 
  1.67450000   0.02503000   0.05810000   0.48120000 
  1.74350000   0.01530000   0.04460000   0.36160000 
  1.81350000   0.01607000   0.05080000   0.38670000 
  1.88250000   0.01153000   0.03560000   0.31820000 
  1.95150000   0.01098000   0.03130000   0.25270000 
  2.02150000   0.01085000   0.02994000   0.28450000 
  2.09050000   0.01403000   0.05647000   0.39320000 
  2.15950000   0.01523000   0.04630000   0.32260000 
  2.22950000   0.01155000   0.03552000   0.29880000 
  2.29850000   0.00429800   0.02199000   0.17330000 
  2.36750000   0.00948300   0.02051000   0.26250000 
  2.43750000   0.00988700   0.02303000   0.23970000 
  2.50650000   0.00457700   0.01263000   0.11910000 
  2.57550000   0.00628800   0.01257000   0.09438000 
  2.64550000   0.00966200   0.01990000   0.12730000 
  2.71450000   0.00784200   0.01740000   0.11690000 
  2.78350000   0.00958900   0.03524000   0.26090000 
  2.85350000   0.00420600   0.02001000   0.12590000 
  2.92250000   0.00328800   0.01739000   0.13010000 
  2.99150000   0.00473700   0.02687000   0.20680000 
  3.06150000   0.00684300   0.02122000   0.14840000 
  3.13050000   0.00990200   0.02209000   0.14570000 
  3.19950000   0.01257000   0.02492000   0.15220000 
  3.26950000   0.01234000   0.02476000   0.19000000 
  3.33850000   0.01951000   0.03045000   0.22580000 
  3.40750000   0.00837300   0.02603000   0.21260000 
  3.47750000   0.01664000   0.01751000   0.16930000 
  3.54650000   0.01899000   0.01481000   0.09981000 
  3.61550000   0.02743000   0.01827000   0.10590000 
  3.68550000   0.01325000   0.00916000   0.04447000 
  3.75450000   0.01230000   0.00933500   0.02374000 
  3.82450000   0.00600300   0.00578900   0.01269000 
  3.89350000   0.00865100   0.00777400   0.01659000 
  3.96250000   0.01167000   0.00897000   0.01916000 
  4.03250000   0.01313000   0.00882000   0.01844000 
  4.10150000   0.02417000   0.00989600   0.02199000 
  4.17050000   0.01557000   0.00644000   0.01371000 
  4.24050000   0.00504400   0.00278700   0.00460400 
  4.30950000   0.00283200   0.00120900   0.00214800 
  4.37850000   0.00000000   0.00000000   0.00000000 
  4.44850000   0.00000000   0.00000000   0.00000000 
  4.51750000   0.00000000   0.00000000   0.00000000 
  4.58650000   0.00000000   0.00000000   0.00000000 
  4.65650000   0.00000000   0.00000000   0.00000000 
  4.72550000   0.00000000   0.00000000   0.00000000 
  4.79450000   0.00000000   0.00000000   0.00000000 
  4.86450000   0.00000000   0.00000000   0.00000000 
  4.93350000   0.00000000   0.00000000   0.00000000 
  5.00250000   0.00000000   0.00000000   0.00000000 
  5.07250000   0.00000000   0.00000000   0.00000000 
  5.14150000   0.00000000   0.00000000   0.00000000 
  5.21050000   0.00000000   0.00000000   0.00000000 
  5.28050000   0.00000000   0.00000000   0.00000000 
  5.34950000   0.00000000   0.00000000   0.00000000 
