-15.45250000   0.00000000   0.00000000   0.00000000 
-15.38250000   0.00000000   0.00000000   0.00000000 
-15.31350000   0.00000000   0.00000000   0.00000000 
-15.24450000   0.00000000   0.00000000   0.00000000 
-15.17450000   0.00000000   0.00000000   0.00000000 
-15.10550000   0.00000000   0.00000000   0.00000000 
-15.03650000   0.00000000   0.00000000   0.00000000 
-14.96650000   0.00000000   0.00000000   0.00000000 
-14.89750000   0.00000000   0.00000000   0.00000000 
-14.82850000   0.00000000   0.00000000   0.00000000 
-14.75850000   0.00000000   0.00000000   0.00000000 
-14.68950000   0.00000000   0.00000000   0.00000000 
-14.62050000   0.00000000   0.00000000   0.00000000 
-14.55050000   0.00000000   0.00000000   0.00000000 
-14.48150000   0.00000000   0.00000000   0.00000000 
-14.41250000   0.00269200   0.00015710   0.00005717 
-14.34250000   0.00329500   0.00023530   0.00007611 
-14.27350000   0.00282800   0.00026040   0.00007271 
-14.20450000   0.00263300   0.00029530   0.00007392 
-14.13450000   0.00282700   0.00035410   0.00008332 
-14.06550000   0.00273600   0.00037750   0.00009383 
-13.99650000   0.00249800   0.00041780   0.00010160 
-13.92650000   0.00232000   0.00045300   0.00010970 
-13.85750000   0.04140000   0.00151600   0.00144000 
-13.78850000   0.01419000   0.00120100   0.00055990 
-13.71850000   0.02979000   0.00246600   0.00121900 
-13.64950000   0.04245000   0.00423700   0.00170000 
-13.58050000   0.05299000   0.00555100   0.00226000 
-13.51050000   0.02597000   0.00265700   0.00131400 
-13.44150000   0.03268000   0.00444800   0.00186200 
-13.37250000   0.03097000   0.00613900   0.00208200 
-13.30250000   0.02447000   0.00727200   0.00229200 
-13.23350000   0.02628000   0.00914200   0.00280100 
-13.16350000   0.03024000   0.00722700   0.00297400 
-13.09450000   0.02490000   0.00899600   0.00325300 
-13.02550000   0.07796000   0.01838000   0.01105000 
-12.95550000   0.04607000   0.01130000   0.00734900 
-12.88650000   0.04152000   0.01439000   0.00784100 
-12.81750000   0.06441000   0.01918000   0.01176000 
-12.74750000   0.07193000   0.02969000   0.01354000 
-12.67850000   0.07281000   0.03496000   0.01675000 
-12.60950000   0.03697000   0.02086000   0.00976400 
-12.53950000   0.04708000   0.02381000   0.01326000 
-12.47050000   0.03197000   0.02949000   0.01554000 
-12.40150000   0.11760000   0.05495000   0.03740000 
-12.33150000   0.06563000   0.08836000   0.04595000 
-12.26250000   0.05277000   0.06904000   0.03474000 
-12.19350000   0.04033000   0.06322000   0.03163000 
-12.12350000   0.02873000   0.06038000   0.02869000 
-12.05450000   0.01373000   0.02870000   0.01663000 
-11.98550000   0.00985000   0.02288000   0.01389000 
-11.91550000   0.00852100   0.02162000   0.01378000 
-11.84650000   0.00557400   0.01791000   0.01171000 
-11.77750000   0.00328900   0.02019000   0.01393000 
-11.70750000   0.00136100   0.01170000   0.00823600 
-11.63850000   0.00000000   0.00000000   0.00000000 
-11.56950000   0.00005852   0.00254500   0.00070400 
-11.49950000   0.00012940   0.00558300   0.00170100 
-11.43050000   0.00010860   0.00465800   0.00170100 
-11.36150000   0.00014200   0.00608200   0.00230300 
-11.29150000   0.00066170   0.00691300   0.00297900 
-11.22250000   0.00171700   0.00708100   0.00362200 
-11.15350000   0.00529700   0.00996700   0.00543500 
-11.08350000   0.00250900   0.00378000   0.00184200 
-11.01450000   0.00328900   0.00257300   0.00086260 
-10.94550000   0.00350700   0.00226400   0.00339500 
-10.87550000   0.00253600   0.00159700   0.00289500 
-10.80650000   0.00176400   0.00123600   0.00240800 
-10.73750000   0.01505000   0.00916200   0.00763000 
-10.66750000   0.01049000   0.00774400   0.00713000 
-10.59850000   0.01129000   0.00876600   0.00800100 
-10.52950000   0.01253000   0.01171000   0.01007000 
-10.45950000   0.01187000   0.01336000   0.01227000 
-10.39050000   0.01894000   0.01808000   0.01394000 
-10.32150000   0.01599000   0.01925000   0.01343000 
-10.25150000   0.01729000   0.03083000   0.01458000 
-10.18250000   0.01258000   0.02464000   0.01270000 
-10.11350000   0.12600000   0.07624000   0.08946000 
-10.04350000   0.05449000   0.03962000   0.04091000 
 -9.97450000   0.13490000   0.09944000   0.14280000 
 -9.90550000   0.10070000   0.07536000   0.09515000 
 -9.83550000   0.07248000   0.05853000   0.10930000 
 -9.76650000   0.04916000   0.04980000   0.08551000 
 -9.69750000   0.02814000   0.03287000   0.05283000 
 -9.62750000   0.04331000   0.05681000   0.09577000 
 -9.55850000   0.02584000   0.05455000   0.11250000 
 -9.48950000   0.01699000   0.05159000   0.09072000 
 -9.41950000   0.01179000   0.06030000   0.07541000 
 -9.35050000   0.00511000   0.06253000   0.04315000 
 -9.28150000   0.00000000   0.00000000   0.00000000 
 -9.21150000   0.00000000   0.00000000   0.00000000 
 -9.14250000   0.00000000   0.00000000   0.00000000 
 -9.07250000   0.00000000   0.00000000   0.00000000 
 -9.00350000   0.00000000   0.00000000   0.00000000 
 -8.93450000   0.00000000   0.00000000   0.00000000 
 -8.86450000   0.00000000   0.00000000   0.00000000 
 -8.79550000   0.00000000   0.00000000   0.00000000 
 -8.72650000   0.00000000   0.00000000   0.00000000 
 -8.65650000   0.00000000   0.00000000   0.00000000 
 -8.58750000   0.00000000   0.00000000   0.00000000 
 -8.51850000   0.00000000   0.00000000   0.00000000 
 -8.44850000   0.00000000   0.00000000   0.00000000 
 -8.37950000   0.00000000   0.00000000   0.00000000 
 -8.31050000   0.00000000   0.00000000   0.00000000 
 -8.24050000   0.00000000   0.00000000   0.00000000 
 -8.17150000   0.00000000   0.00000000   0.00000000 
 -8.10250000   0.00000000   0.00000000   0.00000000 
 -8.03250000   0.00000000   0.00000000   0.00000000 
 -7.96350000   0.00000000   0.00000000   0.00000000 
 -7.89450000   0.00000000   0.00000000   0.00000000 
 -7.82450000   0.00000000   0.00000000   0.00000000 
 -7.75550000   0.00000000   0.00000000   0.00000000 
 -7.68650000   0.00000000   0.00000000   0.00000000 
 -7.61650000   0.00000000   0.00000000   0.00000000 
 -7.54750000   0.00000000   0.00000000   0.00000000 
 -7.47850000   0.00000000   0.00000000   0.00000000 
 -7.40850000   0.00112600   0.00051390   0.00164100 
 -7.33950000   0.00175600   0.00076900   0.00158800 
 -7.27050000   0.00416800   0.00147500   0.00284700 
 -7.20050000   0.02388000   0.00530800   0.01536000 
 -7.13150000   0.02752000   0.00694700   0.01786000 
 -7.06250000   0.02675000   0.00905900   0.01859000 
 -6.99250000   0.03131000   0.01218000   0.02315000 
 -6.92350000   0.06375000   0.03774000   0.05380000 
 -6.85450000   0.06246000   0.02060000   0.04261000 
 -6.78450000   0.07014000   0.03449000   0.05832000 
 -6.71550000   0.15910000   0.02121000   0.05077000 
 -6.64650000   0.18850000   0.02641000   0.07637000 
 -6.57650000   0.18960000   0.03008000   0.07707000 
 -6.50750000   0.06270000   0.01489000   0.03454000 
 -6.43850000   0.20250000   0.07560000   0.22760000 
 -6.36850000   0.00889700   0.00634900   0.01373000 
 -6.29950000   0.05655000   0.02511000   0.06778000 
 -6.23050000   0.19260000   0.06370000   0.17340000 
 -6.16050000   0.04434000   0.01588000   0.05585000 
 -6.09150000   0.23690000   0.07131000   0.33830000 
 -6.02250000   0.10050000   0.03290000   0.10590000 
 -5.95250000   0.11790000   0.04250000   0.16870000 
 -5.88350000   0.14150000   0.06151000   0.19560000 
 -5.81450000   0.15000000   0.06528000   0.25320000 
 -5.74450000   0.08785000   0.02432000   0.14700000 
 -5.67550000   0.02664000   0.01600000   0.04800000 
 -5.60650000   0.14610000   0.06999000   0.28730000 
 -5.53650000   0.12720000   0.06686000   0.28340000 
 -5.46750000   0.08269000   0.05658000   0.27830000 
 -5.39850000   0.03050000   0.04327000   0.12710000 
 -5.32850000   0.06408000   0.06632000   0.21140000 
 -5.25950000   0.03785000   0.04889000   0.15030000 
 -5.19050000   0.06313000   0.07618000   0.26070000 
 -5.12050000   0.05891000   0.05771000   0.24640000 
 -5.05150000   0.07883000   0.08152000   0.25450000 
 -4.98250000   0.15700000   0.10910000   0.47480000 
 -4.91250000   0.07395000   0.05971000   0.42480000 
 -4.84350000   0.08825000   0.08036000   0.42550000 
 -4.77350000   0.05356000   0.06422000   0.43960000 
 -4.70450000   0.06264000   0.10120000   0.67920000 
 -4.63550000   0.03870000   0.04860000   0.39860000 
 -4.56550000   0.04721000   0.07033000   0.89970000 
 -4.49650000   0.01491000   0.02613000   0.21270000 
 -4.42750000   0.04514000   0.10710000   1.14100000 
 -4.35750000   0.10850000   0.16420000   1.14300000 
 -4.28850000   0.02677000   0.07110000   0.88730000 
 -4.21950000   0.01887000   0.08488000   0.98710000 
 -4.14950000   0.03210000   0.08987000   0.94370000 
 -4.08050000   0.02803000   0.06535000   1.12400000 
 -4.01150000   0.02161000   0.12020000   1.10800000 
 -3.94150000   0.04485000   0.28140000   1.87100000 
 -3.87250000   0.03238000   0.12630000   1.48900000 
 -3.80350000   0.02760000   0.17110000   1.18900000 
 -3.73350000   0.01905000   0.11010000   0.89390000 
 -3.66450000   0.02247000   0.19570000   1.55600000 
 -3.59550000   0.00825200   0.08011000   0.63220000 
 -3.52550000   0.01469000   0.06972000   0.63290000 
 -3.45650000   0.03285000   0.03804000   0.81080000 
 -3.38750000   0.02259000   0.01969000   0.63900000 
 -3.31750000   0.01341000   0.04230000   0.68710000 
 -3.24850000   0.05134000   0.06213000   2.46000000 
 -3.17950000   0.04250000   0.07790000   1.84100000 
 -3.10950000   0.04529000   0.10930000   2.03000000 
 -3.04050000   0.06192000   0.16640000   3.17700000 
 -2.97150000   0.03723000   0.24080000   3.63400000 
 -2.90150000   0.02251000   0.13640000   1.73000000 
 -2.83250000   0.00981700   0.02686000   0.98090000 
 -2.76350000   0.01858000   0.07745000   1.85200000 
 -2.69350000   0.02447000   0.05966000   1.73700000 
 -2.62450000   0.02173000   0.09097000   2.72500000 
 -2.55550000   0.02071000   0.06096000   2.30600000 
 -2.48550000   0.01457000   0.05173000   1.59700000 
 -2.41650000   0.02072000   0.05024000   1.77000000 
 -2.34750000   0.01878000   0.07020000   2.64700000 
 -2.27750000   0.01870000   0.04935000   1.74000000 
 -2.20850000   0.03967000   0.08474000   6.20900000 
 -2.13950000   0.02966000   0.09138000   5.94300000 
 -2.06950000   0.01037000   0.03390000   2.11500000 
 -2.00050000   0.01535000   0.06610000   4.48900000 
 -1.93150000   0.00665300   0.02017000   1.72700000 
 -1.86150000   0.02474000   0.07856000   4.81000000 
 -1.79250000   0.01277000   0.05072000   2.45200000 
 -1.72350000   0.01528000   0.03541000   3.17400000 
 -1.65350000   0.01852000   0.07696000   4.03300000 
 -1.58450000   0.02366000   0.07360000   3.58400000 
 -1.51550000   0.01830000   0.03405000   1.55200000 
 -1.44550000   0.03065000   0.06508000   2.09300000 
 -1.37650000   0.02674000   0.05155000   1.96100000 
 -1.30750000   0.02224000   0.04720000   1.73300000 
 -1.23750000   0.00677700   0.04059000   0.89680000 
 -1.16850000   0.02703000   0.09931000   2.11300000 
 -1.09950000   0.02321000   0.07579000   1.29700000 
 -1.02950000   0.01813000   0.05903000   0.96200000 
 -0.96050000   0.03051000   0.07105000   1.36900000 
 -0.89150000   0.01516000   0.07748000   0.91330000 
 -0.82150000   0.02717000   0.03235000   0.69570000 
 -0.75250000   0.01991000   0.08860000   0.84510000 
 -0.68350000   0.03556000   0.10970000   1.11100000 
 -0.61350000   0.03010000   0.09774000   1.06000000 
 -0.54450000   0.02129000   0.16040000   1.70700000 
 -0.47450000   0.02745000   0.06154000   0.91420000 
 -0.40550000   0.00818100   0.03395000   0.61110000 
 -0.33650000   0.01147000   0.03391000   0.32960000 
 -0.26650000   0.02717000   0.13030000   1.04700000 
 -0.19750000   0.01524000   0.09673000   0.79510000 
 -0.12850000   0.00901800   0.04266000   0.42300000 
 -0.05850000   0.00571700   0.06840000   0.35290000 
  0.01050000   0.01781000   0.09837000   0.58350000 
  0.07950000   0.01034000   0.04192000   0.33300000 
  0.14950000   0.00473600   0.03563000   0.27900000 
  0.21850000   0.00428400   0.02747000   0.24340000 
  0.28750000   0.01513000   0.03221000   0.27880000 
  0.35750000   0.01114000   0.05294000   0.38380000 
  0.42650000   0.01018000   0.04127000   0.33790000 
  0.49550000   0.00882400   0.03553000   0.30080000 
  0.56550000   0.01469000   0.04069000   0.35230000 
  0.63450000   0.01250000   0.03556000   0.32690000 
  0.70350000   0.02184000   0.05841000   0.50340000 
  0.77350000   0.02092000   0.08151000   0.65210000 
  0.84250000   0.01982000   0.06579000   0.56870000 
  0.91150000   0.01315000   0.05005000   0.46220000 
  0.98150000   0.01146000   0.03968000   0.36920000 
  1.05050000   0.01309000   0.03920000   0.35820000 
  1.11950000   0.01119000   0.04241000   0.36060000 
  1.18950000   0.00787500   0.03186000   0.32560000 
  1.25850000   0.01280000   0.04319000   0.37780000 
  1.32750000   0.01617000   0.07949000   0.61250000 
  1.39750000   0.00938200   0.03716000   0.30270000 
  1.46650000   0.00862900   0.03472000   0.36860000 
  1.53550000   0.00725400   0.02667000   0.25900000 
  1.60550000   0.00987500   0.03223000   0.24630000 
  1.67450000   0.03108000   0.05381000   0.45330000 
  1.74350000   0.01626000   0.04611000   0.36540000 
  1.81350000   0.01628000   0.05666000   0.37250000 
  1.88250000   0.01113000   0.03502000   0.33740000 
  1.95150000   0.01018000   0.03140000   0.23370000 
  2.02150000   0.01087000   0.03112000   0.27780000 
  2.09050000   0.01273000   0.05211000   0.40380000 
  2.15950000   0.01641000   0.04304000   0.31770000 
  2.22950000   0.01168000   0.03440000   0.30000000 
  2.29850000   0.00444700   0.01807000   0.18420000 
  2.36750000   0.00955000   0.02093000   0.28260000 
  2.43750000   0.01079000   0.02337000   0.23790000 
  2.50650000   0.00490600   0.01230000   0.10940000 
  2.57550000   0.00716500   0.01252000   0.09117000 
  2.64550000   0.01397000   0.01679000   0.14320000 
  2.71450000   0.00760000   0.01726000   0.11280000 
  2.78350000   0.00848800   0.03221000   0.27780000 
  2.85350000   0.00402400   0.02000000   0.12930000 
  2.92250000   0.00301400   0.01693000   0.13140000 
  2.99150000   0.00475800   0.02758000   0.22860000 
  3.06150000   0.00697300   0.02277000   0.13790000 
  3.13050000   0.00854600   0.01853000   0.15680000 
  3.19950000   0.01124000   0.02665000   0.13730000 
  3.26950000   0.01792000   0.02190000   0.18220000 
  3.33850000   0.01502000   0.02638000   0.21820000 
  3.40750000   0.00818200   0.03000000   0.19860000 
  3.47750000   0.01849000   0.01797000   0.15490000 
  3.54650000   0.01445000   0.01713000   0.10080000 
  3.61550000   0.02185000   0.02671000   0.10740000 
  3.68550000   0.01476000   0.01229000   0.05978000 
  3.75450000   0.01138000   0.00858400   0.03243000 
  3.82450000   0.00711000   0.00536400   0.01304000 
  3.89350000   0.01028000   0.00746000   0.01640000 
  3.96250000   0.01316000   0.00885000   0.01802000 
  4.03250000   0.01360000   0.00919400   0.01705000 
  4.10150000   0.02335000   0.01234000   0.02054000 
  4.17050000   0.01397000   0.00822200   0.01321000 
  4.24050000   0.00284600   0.00287000   0.00499800 
  4.30950000   0.00131400   0.00119600   0.00235100 
  4.37850000   0.00000000   0.00000000   0.00000000 
  4.44850000   0.00000000   0.00000000   0.00000000 
  4.51750000   0.00000000   0.00000000   0.00000000 
  4.58650000   0.00000000   0.00000000   0.00000000 
  4.65650000   0.00000000   0.00000000   0.00000000 
  4.72550000   0.00000000   0.00000000   0.00000000 
  4.79450000   0.00000000   0.00000000   0.00000000 
  4.86450000   0.00000000   0.00000000   0.00000000 
  4.93350000   0.00000000   0.00000000   0.00000000 
  5.00250000   0.00000000   0.00000000   0.00000000 
  5.07250000   0.00000000   0.00000000   0.00000000 
  5.14150000   0.00000000   0.00000000   0.00000000 
  5.21050000   0.00000000   0.00000000   0.00000000 
  5.28050000   0.00000000   0.00000000   0.00000000 
  5.34950000   0.00000000   0.00000000   0.00000000 
