local structure data information
P    3    2.2650504102    [ 0.42642197  0.56669324  0.36722907]    139.993225211    128.609804212
P    4    2.28419612013    [ 0.88984052  0.77043325  0.48050019]    27.6717368995    87.6596739264
P    9    2.30465487166    [ 0.18052191  0.49205591  0.48445164]    164.590029395    87.0053609792
P    0    2.5092692396    [ 0.53017314  0.08293986  0.44752841]    91.7838855578    91.9294133655
Ni    23    2.62201701614    [ 0.87384163  0.23952132  0.46348839]    46.9789678722    90.1380442317
Ni    19    3.34136686915    [ 0.06502588  0.66183136  0.39167582]    168.047854059    98.5356345124
P    13    3.85857254031    [ 0.85013922  0.02612479  0.37481664]    61.9917211735    97.9725818499
Ni    26    3.91400535257    [ 0.50303035  0.01398599  0.34162918]    94.1668231921    102.006228549
P    12    4.12760339003    [ 0.93392438  0.39528571  0.31653111]    32.3073718065    108.826698837
Ni    15    4.41715713173    [ 0.21533744  0.70936153  0.28758037]    147.202307664    116.751677036
