    -13.112  0.0000E+00  0.0000E+00  0.0000E+00
    -13.042  0.0000E+00  0.0000E+00  0.0000E+00
    -12.973  0.0000E+00  0.0000E+00  0.0000E+00
    -12.904  0.0000E+00  0.0000E+00  0.0000E+00
    -12.834  0.0000E+00  0.0000E+00  0.0000E+00
    -12.765  0.0000E+00  0.0000E+00  0.0000E+00
    -12.696  0.0000E+00  0.0000E+00  0.0000E+00
    -12.626  0.0000E+00  0.0000E+00  0.0000E+00
    -12.557  0.0000E+00  0.0000E+00  0.0000E+00
    -12.488  0.0000E+00  0.0000E+00  0.0000E+00
    -12.418  0.0000E+00  0.0000E+00  0.0000E+00
    -12.349  0.0000E+00  0.0000E+00  0.0000E+00
    -12.280  0.0000E+00  0.0000E+00  0.0000E+00
    -12.210  0.0000E+00  0.0000E+00  0.0000E+00
    -12.141  0.0000E+00  0.0000E+00  0.0000E+00
    -12.072  0.2216E-01  0.6389E-03  0.0000E+00
    -12.002  0.2783E-01  0.8597E-03  0.0000E+00
    -11.933  0.2508E-01  0.8289E-03  0.0000E+00
    -11.864  0.2464E-01  0.8419E-03  0.0000E+00
    -11.794  0.2710E-01  0.9695E-03  0.0000E+00
    -11.725  0.2608E-01  0.1079E-02  0.0000E+00
    -11.656  0.2546E-01  0.1126E-02  0.0000E+00
    -11.586  0.2520E-01  0.1172E-02  0.0000E+00
    -11.517  0.1360E+00  0.2137E-02  0.0000E+00
    -11.448  0.5771E-01  0.1417E-02  0.0000E+00
    -11.378  0.1159E+00  0.2147E-02  0.0000E+00
    -11.309  0.1771E+00  0.3204E-02  0.0000E+00
    -11.240  0.1992E+00  0.4103E-02  0.0000E+00
    -11.170  0.8263E-01  0.2108E-02  0.0000E+00
    -11.101  0.1182E+00  0.2901E-02  0.0000E+00
    -11.032  0.1316E+00  0.3722E-02  0.0000E+00
    -10.962  0.1219E+00  0.4276E-02  0.0000E+00
    -10.893  0.1444E+00  0.5505E-02  0.0000E+00
    -10.823  0.1456E+00  0.5471E-02  0.0000E+00
    -10.754  0.1366E+00  0.5594E-02  0.0000E+00
    -10.685  0.1732E+00  0.1526E-01  0.0000E+00
    -10.615  0.1216E+00  0.1035E-01  0.0000E+00
    -10.546  0.1625E+00  0.1200E-01  0.0000E+00
    -10.477  0.1712E+00  0.1250E-01  0.0000E+00
    -10.407  0.2850E+00  0.1713E-01  0.0000E+00
    -10.338  0.4489E+00  0.2542E-01  0.0000E+00
    -10.269  0.1771E+00  0.1169E-01  0.0000E+00
    -10.199  0.3538E+00  0.2252E-01  0.0000E+00
    -10.130  0.2388E+00  0.1769E-01  0.0000E+00
    -10.061  0.3023E+00  0.3072E-01  0.0000E+00
     -9.991  0.3247E+00  0.2413E-01  0.0000E+00
     -9.922  0.2911E+00  0.1941E-01  0.0000E+00
     -9.853  0.2465E+00  0.1618E-01  0.0000E+00
     -9.783  0.1896E+00  0.1250E-01  0.0000E+00
     -9.714  0.4630E-01  0.7209E-02  0.0000E+00
     -9.645  0.4082E-01  0.6431E-02  0.0000E+00
     -9.575  0.4267E-01  0.5054E-02  0.0000E+00
     -9.506  0.3983E-01  0.5108E-02  0.0000E+00
     -9.437  0.5300E-01  0.7100E-02  0.0000E+00
     -9.367  0.3213E-01  0.4246E-02  0.0000E+00
     -9.298  0.0000E+00  0.0000E+00  0.0000E+00
     -9.229  0.4112E-01  0.1140E-03  0.0000E+00
     -9.159  0.9290E-01  0.3151E-03  0.0000E+00
     -9.090  0.8489E-01  0.3253E-03  0.0000E+00
     -9.021  0.1068E+00  0.4802E-03  0.0000E+00
     -8.951  0.1304E+00  0.7876E-03  0.0000E+00
     -8.882  0.1508E+00  0.1263E-02  0.0000E+00
     -8.813  0.2403E+00  0.4015E-02  0.0000E+00
     -8.743  0.9986E-01  0.1969E-02  0.0000E+00
     -8.674  0.2847E-01  0.1634E-02  0.0000E+00
     -8.605  0.9426E-01  0.2228E-02  0.0000E+00
     -8.535  0.7875E-01  0.1741E-02  0.0000E+00
     -8.466  0.6183E-01  0.1335E-02  0.0000E+00
     -8.397  0.2982E+00  0.7042E-02  0.0000E+00
     -8.327  0.2863E+00  0.6059E-02  0.0000E+00
     -8.258  0.3069E+00  0.6514E-02  0.0000E+00
     -8.189  0.4015E+00  0.8403E-02  0.0000E+00
     -8.119  0.4542E+00  0.9410E-02  0.0000E+00
     -8.050  0.4934E+00  0.1454E-01  0.0000E+00
     -7.981  0.5291E+00  0.1626E-01  0.0000E+00
     -7.911  0.5538E+00  0.2134E-01  0.0000E+00
     -7.842  0.4227E+00  0.1513E-01  0.0000E+00
     -7.773  0.4750E+00  0.3045E-01  0.0000E+00
     -7.703  0.2687E+00  0.1369E-01  0.0000E+00
     -7.634  0.4469E+00  0.3196E-01  0.0000E+00
     -7.565  0.2331E+00  0.1502E-01  0.0000E+00
     -7.495  0.2167E+00  0.1500E-01  0.0000E+00
     -7.426  0.3713E+00  0.1525E-01  0.0000E+00
     -7.357  0.8957E-01  0.5590E-02  0.0000E+00
     -7.287  0.1214E+00  0.7942E-02  0.0000E+00
     -7.218  0.1435E+00  0.7353E-02  0.0000E+00
     -7.149  0.1240E+00  0.5140E-02  0.0000E+00
     -7.079  0.1012E+00  0.3568E-02  0.0000E+00
     -7.010  0.3184E-01  0.1739E-02  0.0000E+00
     -6.941  0.0000E+00  0.0000E+00  0.0000E+00
     -6.871  0.0000E+00  0.0000E+00  0.0000E+00
     -6.802  0.0000E+00  0.0000E+00  0.0000E+00
     -6.732  0.0000E+00  0.0000E+00  0.0000E+00
     -6.663  0.0000E+00  0.0000E+00  0.0000E+00
     -6.594  0.0000E+00  0.0000E+00  0.0000E+00
     -6.524  0.0000E+00  0.0000E+00  0.0000E+00
     -6.455  0.0000E+00  0.0000E+00  0.0000E+00
     -6.386  0.0000E+00  0.0000E+00  0.0000E+00
     -6.316  0.0000E+00  0.0000E+00  0.0000E+00
     -6.247  0.0000E+00  0.0000E+00  0.0000E+00
     -6.178  0.0000E+00  0.0000E+00  0.0000E+00
     -6.108  0.0000E+00  0.0000E+00  0.0000E+00
     -6.039  0.0000E+00  0.0000E+00  0.0000E+00
     -5.970  0.0000E+00  0.0000E+00  0.0000E+00
     -5.900  0.0000E+00  0.0000E+00  0.0000E+00
     -5.831  0.0000E+00  0.0000E+00  0.0000E+00
     -5.762  0.0000E+00  0.0000E+00  0.0000E+00
     -5.692  0.0000E+00  0.0000E+00  0.0000E+00
     -5.623  0.0000E+00  0.0000E+00  0.0000E+00
     -5.554  0.0000E+00  0.0000E+00  0.0000E+00
     -5.484  0.0000E+00  0.0000E+00  0.0000E+00
     -5.415  0.0000E+00  0.0000E+00  0.0000E+00
     -5.346  0.0000E+00  0.0000E+00  0.0000E+00
     -5.276  0.0000E+00  0.0000E+00  0.0000E+00
     -5.207  0.0000E+00  0.0000E+00  0.0000E+00
     -5.138  0.0000E+00  0.0000E+00  0.0000E+00
     -5.068  0.3553E-02  0.8424E-02  0.0000E+00
     -4.999  0.2108E-02  0.1011E-01  0.0000E+00
     -4.930  0.2033E-02  0.1569E-01  0.0000E+00
     -4.860  0.4476E-02  0.5199E-01  0.0000E+00
     -4.791  0.5892E-02  0.6419E-01  0.0000E+00
     -4.722  0.8058E-02  0.7494E-01  0.0000E+00
     -4.652  0.1132E-01  0.9562E-01  0.0000E+00
     -4.583  0.3664E-01  0.2199E+00  0.0000E+00
     -4.514  0.1206E-01  0.1205E+00  0.0000E+00
     -4.444  0.2310E-01  0.2691E+00  0.0000E+00
     -4.375  0.6696E-02  0.1080E+00  0.0000E+00
     -4.306  0.1431E-01  0.2154E+00  0.0000E+00
     -4.236  0.1703E-01  0.2223E+00  0.0000E+00
     -4.167  0.8804E-02  0.9427E-01  0.0000E+00
     -4.098  0.5185E-01  0.4396E+00  0.0000E+00
     -4.028  0.1602E-02  0.4135E-01  0.0000E+00
     -3.959  0.1599E-01  0.1564E+00  0.0000E+00
     -3.890  0.4045E-01  0.3831E+00  0.0000E+00
     -3.820  0.9658E-02  0.1295E+00  0.0000E+00
     -3.751  0.3863E-01  0.4723E+00  0.0000E+00
     -3.682  0.2085E-01  0.1752E+00  0.0000E+00
     -3.612  0.2619E-01  0.2433E+00  0.0000E+00
     -3.543  0.2932E-01  0.2501E+00  0.0000E+00
     -3.474  0.2868E-01  0.3065E+00  0.0000E+00
     -3.404  0.9070E-02  0.1832E+00  0.0000E+00
     -3.335  0.3958E-02  0.4594E-01  0.0000E+00
     -3.266  0.2967E-01  0.2656E+00  0.0000E+00
     -3.196  0.5038E-01  0.2362E+00  0.0000E+00
     -3.127  0.3682E-01  0.1916E+00  0.0000E+00
     -3.058  0.1280E-01  0.9764E-01  0.0000E+00
     -2.988  0.2698E-01  0.1675E+00  0.0000E+00
     -2.919  0.2014E-01  0.1151E+00  0.0000E+00
     -2.850  0.3015E-01  0.2010E+00  0.0000E+00
     -2.780  0.1788E-01  0.1741E+00  0.0000E+00
     -2.711  0.1468E-01  0.2714E+00  0.0000E+00
     -2.642  0.2258E-01  0.2338E+00  0.0000E+00
     -2.572  0.1489E-01  0.1948E+00  0.0000E+00
     -2.503  0.1583E-01  0.1897E+00  0.0000E+00
     -2.433  0.1156E-01  0.2100E+00  0.0000E+00
     -2.364  0.2440E-01  0.2809E+00  0.0000E+00
     -2.295  0.1467E-01  0.1448E+00  0.0000E+00
     -2.225  0.1394E-01  0.2186E+00  0.0000E+00
     -2.156  0.5657E-02  0.1228E+00  0.0000E+00
     -2.087  0.4121E-01  0.5361E+00  0.0000E+00
     -2.017  0.2408E-01  0.6395E+00  0.0000E+00
     -1.948  0.2298E-01  0.3824E+00  0.0000E+00
     -1.879  0.2178E-01  0.2798E+00  0.0000E+00
     -1.809  0.2157E-01  0.3798E+00  0.0000E+00
     -1.740  0.1829E-01  0.2813E+00  0.0000E+00
     -1.671  0.1330E-01  0.3280E+00  0.0000E+00
     -1.601  0.2735E-01  0.5363E+00  0.0000E+00
     -1.532  0.2094E-01  0.2940E+00  0.0000E+00
     -1.463  0.2227E-01  0.4867E+00  0.0000E+00
     -1.393  0.2225E-01  0.4513E+00  0.0000E+00
     -1.324  0.2436E-01  0.5916E+00  0.0000E+00
     -1.255  0.9797E-02  0.2113E+00  0.0000E+00
     -1.185  0.7199E-02  0.3301E+00  0.0000E+00
     -1.116  0.5988E-02  0.1661E+00  0.0000E+00
     -1.047  0.1613E-02  0.5872E-01  0.0000E+00
     -0.977  0.5692E-02  0.1508E+00  0.0000E+00
     -0.908  0.9526E-02  0.2637E+00  0.0000E+00
     -0.839  0.7182E-02  0.1848E+00  0.0000E+00
     -0.769  0.8920E-02  0.1757E+00  0.0000E+00
     -0.700  0.1836E-01  0.1483E+00  0.0000E+00
     -0.631  0.2337E-01  0.2025E+00  0.0000E+00
     -0.561  0.1709E-01  0.1583E+00  0.0000E+00
     -0.492  0.2167E-02  0.3259E-01  0.0000E+00
     -0.423  0.8815E-02  0.1040E+00  0.0000E+00
     -0.353  0.6615E-02  0.9348E-01  0.0000E+00
     -0.284  0.8553E-02  0.1044E+00  0.0000E+00
     -0.215  0.8347E-02  0.1284E+00  0.0000E+00
     -0.145  0.7626E-02  0.8076E-01  0.0000E+00
     -0.076  0.5147E-02  0.7352E-01  0.0000E+00
     -0.007  0.6615E-02  0.9900E-01  0.0000E+00
      0.063  0.6646E-02  0.5566E-01  0.0000E+00
      0.132  0.1286E-01  0.1856E+00  0.0000E+00
      0.201  0.1557E-01  0.1467E+00  0.0000E+00
      0.271  0.7103E-02  0.4726E-01  0.0000E+00
      0.340  0.1305E-01  0.1111E+00  0.0000E+00
      0.409  0.4705E-02  0.3997E-01  0.0000E+00
      0.479  0.4123E-01  0.8037E-01  0.0000E+00
      0.548  0.1166E-01  0.4993E-01  0.0000E+00
      0.617  0.1035E-01  0.5114E-01  0.0000E+00
      0.687  0.1919E-01  0.6613E-01  0.0000E+00
      0.756  0.2010E-01  0.9810E-01  0.0000E+00
      0.825  0.1937E-01  0.6507E-01  0.0000E+00
      0.895  0.2235E-01  0.1151E+00  0.0000E+00
      0.964  0.1869E-01  0.1096E+00  0.0000E+00
      1.033  0.2737E-01  0.1715E+00  0.0000E+00
      1.103  0.1254E-01  0.8397E-01  0.0000E+00
      1.172  0.3774E-01  0.1222E+00  0.0000E+00
      1.241  0.2110E-01  0.7432E-01  0.0000E+00
      1.311  0.1958E-01  0.6745E-01  0.0000E+00
      1.380  0.3609E-01  0.1097E+00  0.0000E+00
      1.449  0.2079E-01  0.1190E+00  0.0000E+00
      1.519  0.1956E-01  0.6878E-01  0.0000E+00
      1.588  0.2406E-01  0.9420E-01  0.0000E+00
      1.657  0.4105E-01  0.1570E+00  0.0000E+00
      1.727  0.5051E-01  0.1867E+00  0.0000E+00
      1.796  0.1009E+00  0.2719E+00  0.0000E+00
      1.866  0.3913E-01  0.1473E+00  0.0000E+00
      1.935  0.1177E-01  0.6197E-01  0.0000E+00
      2.004  0.1684E-01  0.6685E-01  0.0000E+00
      2.074  0.3766E-01  0.1770E+00  0.0000E+00
      2.143  0.2313E-01  0.1700E+00  0.0000E+00
      2.212  0.2174E-01  0.8828E-01  0.0000E+00
      2.282  0.3135E-01  0.5514E-01  0.0000E+00
      2.351  0.2640E-01  0.1172E+00  0.0000E+00
      2.420  0.2511E-01  0.7895E-01  0.0000E+00
      2.490  0.2243E-01  0.7040E-01  0.0000E+00
      2.559  0.2429E-01  0.6377E-01  0.0000E+00
      2.628  0.1990E-01  0.1085E+00  0.0000E+00
      2.698  0.3842E-01  0.1624E+00  0.0000E+00
      2.767  0.2998E-01  0.1226E+00  0.0000E+00
      2.836  0.2744E-01  0.1199E+00  0.0000E+00
      2.906  0.3992E-01  0.1509E+00  0.0000E+00
      2.975  0.4927E-01  0.1478E+00  0.0000E+00
      3.044  0.5003E-01  0.1948E+00  0.0000E+00
      3.114  0.4980E-01  0.2800E+00  0.0000E+00
      3.183  0.2737E-01  0.2923E+00  0.0000E+00
      3.252  0.3314E-01  0.2063E+00  0.0000E+00
      3.322  0.1634E-01  0.1729E+00  0.0000E+00
      3.391  0.1853E-01  0.1285E+00  0.0000E+00
      3.460  0.3577E-01  0.1472E+00  0.0000E+00
      3.530  0.1878E-01  0.1334E+00  0.0000E+00
      3.599  0.2552E-01  0.1732E+00  0.0000E+00
      3.668  0.3716E-01  0.2495E+00  0.0000E+00
      3.738  0.1746E-01  0.1451E+00  0.0000E+00
      3.807  0.1557E-01  0.1434E+00  0.0000E+00
      3.876  0.2224E-01  0.1307E+00  0.0000E+00
      3.946  0.2653E-01  0.1649E+00  0.0000E+00
      4.015  0.7962E-01  0.2196E+00  0.0000E+00
      4.084  0.4662E-01  0.1796E+00  0.0000E+00
      4.154  0.4440E-01  0.2055E+00  0.0000E+00
      4.223  0.3442E-01  0.2171E+00  0.0000E+00
      4.292  0.3022E-01  0.1819E+00  0.0000E+00
      4.362  0.2931E-01  0.2284E+00  0.0000E+00
      4.431  0.3031E-01  0.2852E+00  0.0000E+00
      4.500  0.2002E-01  0.3146E+00  0.0000E+00
      4.570  0.1606E-01  0.3254E+00  0.0000E+00
      4.639  0.1050E-01  0.1787E+00  0.0000E+00
      4.708  0.1886E-01  0.2199E+00  0.0000E+00
      4.778  0.1764E-01  0.2238E+00  0.0000E+00
      4.847  0.1022E-01  0.9225E-01  0.0000E+00
      4.916  0.1414E-01  0.1164E+00  0.0000E+00
      4.986  0.2247E-01  0.1760E+00  0.0000E+00
      5.055  0.1561E-01  0.1499E+00  0.0000E+00
      5.124  0.2408E-01  0.3017E+00  0.0000E+00
      5.194  0.1586E-01  0.1412E+00  0.0000E+00
      5.263  0.7655E-02  0.1170E+00  0.0000E+00
      5.332  0.1097E-01  0.1563E+00  0.0000E+00
      5.402  0.1113E-01  0.1633E+00  0.0000E+00
      5.471  0.2103E-01  0.2417E+00  0.0000E+00
      5.540  0.3541E-01  0.3846E+00  0.0000E+00
      5.610  0.3200E-01  0.3281E+00  0.0000E+00
      5.679  0.5233E-01  0.5333E+00  0.0000E+00
      5.748  0.3426E-01  0.3297E+00  0.0000E+00
      5.818  0.2447E-01  0.2398E+00  0.0000E+00
      5.887  0.2971E-01  0.1789E+00  0.0000E+00
      5.956  0.4847E-01  0.2521E+00  0.0000E+00
      6.026  0.1429E-01  0.8982E-01  0.0000E+00
      6.095  0.9216E-02  0.4549E-01  0.0000E+00
      6.165  0.3496E-02  0.1336E-01  0.0000E+00
      6.234  0.4470E-02  0.1745E-01  0.0000E+00
      6.303  0.4904E-02  0.1986E-01  0.0000E+00
      6.373  0.4326E-02  0.1883E-01  0.0000E+00
      6.442  0.4350E-02  0.2116E-01  0.0000E+00
      6.511  0.2959E-02  0.1255E-01  0.0000E+00
      6.581  0.1103E-02  0.4491E-02  0.0000E+00
      6.650  0.4242E-03  0.2238E-02  0.0000E+00
      6.719  0.0000E+00  0.0000E+00  0.0000E+00
      6.789  0.0000E+00  0.0000E+00  0.0000E+00
      6.858  0.0000E+00  0.0000E+00  0.0000E+00
      6.927  0.0000E+00  0.0000E+00  0.0000E+00
      6.997  0.0000E+00  0.0000E+00  0.0000E+00
      7.066  0.0000E+00  0.0000E+00  0.0000E+00
      7.135  0.0000E+00  0.0000E+00  0.0000E+00
      7.205  0.0000E+00  0.0000E+00  0.0000E+00
      7.274  0.0000E+00  0.0000E+00  0.0000E+00
      7.343  0.0000E+00  0.0000E+00  0.0000E+00
      7.413  0.0000E+00  0.0000E+00  0.0000E+00
      7.482  0.0000E+00  0.0000E+00  0.0000E+00
      7.551  0.0000E+00  0.0000E+00  0.0000E+00
      7.621  0.0000E+00  0.0000E+00  0.0000E+00
      7.690  0.0000E+00  0.0000E+00  0.0000E+00
