    -13.112  0.0000E+00  0.0000E+00  0.0000E+00
    -13.042  0.0000E+00  0.0000E+00  0.0000E+00
    -12.973  0.0000E+00  0.0000E+00  0.0000E+00
    -12.904  0.0000E+00  0.0000E+00  0.0000E+00
    -12.834  0.0000E+00  0.0000E+00  0.0000E+00
    -12.765  0.0000E+00  0.0000E+00  0.0000E+00
    -12.696  0.0000E+00  0.0000E+00  0.0000E+00
    -12.626  0.0000E+00  0.0000E+00  0.0000E+00
    -12.557  0.0000E+00  0.0000E+00  0.0000E+00
    -12.488  0.0000E+00  0.0000E+00  0.0000E+00
    -12.418  0.0000E+00  0.0000E+00  0.0000E+00
    -12.349  0.0000E+00  0.0000E+00  0.0000E+00
    -12.280  0.0000E+00  0.0000E+00  0.0000E+00
    -12.210  0.0000E+00  0.0000E+00  0.0000E+00
    -12.141  0.0000E+00  0.0000E+00  0.0000E+00
    -12.072  0.6651E-01  0.8967E-03  0.0000E+00
    -12.002  0.8457E-01  0.1333E-02  0.0000E+00
    -11.933  0.8155E-01  0.1469E-02  0.0000E+00
    -11.864  0.8855E-01  0.1668E-02  0.0000E+00
    -11.794  0.9712E-01  0.1997E-02  0.0000E+00
    -11.725  0.7444E-01  0.2248E-02  0.0000E+00
    -11.656  0.7680E-01  0.2611E-02  0.0000E+00
    -11.586  0.8127E-01  0.2999E-02  0.0000E+00
    -11.517  0.1082E+00  0.6775E-02  0.0000E+00
    -11.448  0.7789E-01  0.4259E-02  0.0000E+00
    -11.378  0.8893E-01  0.6286E-02  0.0000E+00
    -11.309  0.1484E+00  0.7984E-02  0.0000E+00
    -11.240  0.1611E+00  0.8763E-02  0.0000E+00
    -11.170  0.4422E-01  0.4185E-02  0.0000E+00
    -11.101  0.8307E-01  0.5890E-02  0.0000E+00
    -11.032  0.8945E-01  0.7277E-02  0.0000E+00
    -10.962  0.8294E-01  0.6274E-02  0.0000E+00
    -10.893  0.1357E+00  0.7923E-02  0.0000E+00
    -10.823  0.1595E+00  0.9850E-02  0.0000E+00
    -10.754  0.1992E+00  0.1291E-01  0.0000E+00
    -10.685  0.2519E+00  0.2122E-01  0.0000E+00
    -10.615  0.1250E+00  0.1126E-01  0.0000E+00
    -10.546  0.8898E-01  0.9238E-02  0.0000E+00
    -10.477  0.1155E+00  0.1172E-01  0.0000E+00
    -10.407  0.9607E-01  0.1152E-01  0.0000E+00
    -10.338  0.1724E+00  0.1838E-01  0.0000E+00
    -10.269  0.9184E-01  0.8522E-02  0.0000E+00
    -10.199  0.8486E-01  0.8808E-02  0.0000E+00
    -10.130  0.2075E-01  0.4623E-02  0.0000E+00
    -10.061  0.3548E-01  0.8805E-02  0.0000E+00
     -9.991  0.2380E-01  0.5371E-02  0.0000E+00
     -9.922  0.2115E-01  0.4881E-02  0.0000E+00
     -9.853  0.1581E-01  0.3800E-02  0.0000E+00
     -9.783  0.8930E-02  0.2763E-02  0.0000E+00
     -9.714  0.6113E-02  0.1297E-02  0.0000E+00
     -9.645  0.5537E-02  0.1115E-02  0.0000E+00
     -9.575  0.4960E-02  0.9354E-03  0.0000E+00
     -9.506  0.4642E-02  0.8967E-03  0.0000E+00
     -9.437  0.5851E-02  0.1168E-02  0.0000E+00
     -9.367  0.3378E-02  0.6848E-03  0.0000E+00
     -9.298  0.0000E+00  0.0000E+00  0.0000E+00
     -9.229  0.1185E+00  0.8483E-04  0.0000E+00
     -9.159  0.2664E+00  0.3969E-03  0.0000E+00
     -9.090  0.2968E+00  0.5528E-03  0.0000E+00
     -9.021  0.3013E+00  0.9485E-03  0.0000E+00
     -8.951  0.4526E+00  0.1560E-02  0.0000E+00
     -8.882  0.6968E+00  0.2298E-02  0.0000E+00
     -8.813  0.1484E+01  0.6447E-02  0.0000E+00
     -8.743  0.7094E+00  0.3139E-02  0.0000E+00
     -8.674  0.4962E+00  0.3586E-02  0.0000E+00
     -8.605  0.7312E+00  0.5370E-02  0.0000E+00
     -8.535  0.5885E+00  0.4373E-02  0.0000E+00
     -8.466  0.4906E+00  0.3604E-02  0.0000E+00
     -8.397  0.4478E+00  0.1405E-01  0.0000E+00
     -8.327  0.3579E+00  0.1225E-01  0.0000E+00
     -8.258  0.3135E+00  0.1331E-01  0.0000E+00
     -8.189  0.3131E+00  0.1521E-01  0.0000E+00
     -8.119  0.3914E+00  0.1551E-01  0.0000E+00
     -8.050  0.2514E+00  0.1546E-01  0.0000E+00
     -7.981  0.1201E+00  0.1101E-01  0.0000E+00
     -7.911  0.1174E+00  0.1034E-01  0.0000E+00
     -7.842  0.5307E-01  0.6126E-02  0.0000E+00
     -7.773  0.1209E+00  0.1106E-01  0.0000E+00
     -7.703  0.8234E-01  0.8307E-02  0.0000E+00
     -7.634  0.3001E+00  0.2209E-01  0.0000E+00
     -7.565  0.2575E+00  0.1123E-01  0.0000E+00
     -7.495  0.1484E+00  0.6697E-02  0.0000E+00
     -7.426  0.1403E+00  0.4670E-02  0.0000E+00
     -7.357  0.5376E-01  0.2247E-02  0.0000E+00
     -7.287  0.1630E+00  0.5739E-02  0.0000E+00
     -7.218  0.3532E-02  0.3774E-03  0.0000E+00
     -7.149  0.2644E-02  0.2559E-03  0.0000E+00
     -7.079  0.2483E-02  0.1596E-03  0.0000E+00
     -7.010  0.1159E-02  0.6087E-04  0.0000E+00
     -6.941  0.0000E+00  0.0000E+00  0.0000E+00
     -6.871  0.0000E+00  0.0000E+00  0.0000E+00
     -6.802  0.0000E+00  0.0000E+00  0.0000E+00
     -6.732  0.0000E+00  0.0000E+00  0.0000E+00
     -6.663  0.0000E+00  0.0000E+00  0.0000E+00
     -6.594  0.0000E+00  0.0000E+00  0.0000E+00
     -6.524  0.0000E+00  0.0000E+00  0.0000E+00
     -6.455  0.0000E+00  0.0000E+00  0.0000E+00
     -6.386  0.0000E+00  0.0000E+00  0.0000E+00
     -6.316  0.0000E+00  0.0000E+00  0.0000E+00
     -6.247  0.0000E+00  0.0000E+00  0.0000E+00
     -6.178  0.0000E+00  0.0000E+00  0.0000E+00
     -6.108  0.0000E+00  0.0000E+00  0.0000E+00
     -6.039  0.0000E+00  0.0000E+00  0.0000E+00
     -5.970  0.0000E+00  0.0000E+00  0.0000E+00
     -5.900  0.0000E+00  0.0000E+00  0.0000E+00
     -5.831  0.0000E+00  0.0000E+00  0.0000E+00
     -5.762  0.0000E+00  0.0000E+00  0.0000E+00
     -5.692  0.0000E+00  0.0000E+00  0.0000E+00
     -5.623  0.0000E+00  0.0000E+00  0.0000E+00
     -5.554  0.0000E+00  0.0000E+00  0.0000E+00
     -5.484  0.0000E+00  0.0000E+00  0.0000E+00
     -5.415  0.0000E+00  0.0000E+00  0.0000E+00
     -5.346  0.0000E+00  0.0000E+00  0.0000E+00
     -5.276  0.0000E+00  0.0000E+00  0.0000E+00
     -5.207  0.0000E+00  0.0000E+00  0.0000E+00
     -5.138  0.0000E+00  0.0000E+00  0.0000E+00
     -5.068  0.1018E-01  0.7549E-01  0.0000E+00
     -4.999  0.6438E-02  0.5696E-01  0.0000E+00
     -4.930  0.5600E-02  0.5583E-01  0.0000E+00
     -4.860  0.6499E-02  0.6404E-01  0.0000E+00
     -4.791  0.6676E-02  0.7079E-01  0.0000E+00
     -4.722  0.6802E-02  0.9303E-01  0.0000E+00
     -4.652  0.7442E-02  0.1186E+00  0.0000E+00
     -4.583  0.6893E-02  0.2991E+00  0.0000E+00
     -4.514  0.5968E-02  0.2068E+00  0.0000E+00
     -4.444  0.1614E-01  0.2920E+00  0.0000E+00
     -4.375  0.5065E-02  0.2220E+00  0.0000E+00
     -4.306  0.2594E-01  0.2855E+00  0.0000E+00
     -4.236  0.1675E-01  0.3029E+00  0.0000E+00
     -4.167  0.1127E-01  0.1647E+00  0.0000E+00
     -4.098  0.9022E-01  0.9493E+00  0.0000E+00
     -4.028  0.2570E-02  0.2174E-01  0.0000E+00
     -3.959  0.2148E-01  0.1056E+00  0.0000E+00
     -3.890  0.5991E-01  0.3251E+00  0.0000E+00
     -3.820  0.2599E-01  0.7304E-01  0.0000E+00
     -3.751  0.1077E+00  0.2104E+00  0.0000E+00
     -3.682  0.3395E-01  0.1066E+00  0.0000E+00
     -3.612  0.5488E-01  0.1798E+00  0.0000E+00
     -3.543  0.5101E-01  0.1285E+00  0.0000E+00
     -3.474  0.4400E-01  0.2181E+00  0.0000E+00
     -3.404  0.7858E-01  0.1504E+00  0.0000E+00
     -3.335  0.1278E-01  0.2878E-01  0.0000E+00
     -3.266  0.2641E-01  0.1218E+00  0.0000E+00
     -3.196  0.3754E-01  0.1391E+00  0.0000E+00
     -3.127  0.3558E-01  0.1636E+00  0.0000E+00
     -3.058  0.1297E-01  0.6798E-01  0.0000E+00
     -2.988  0.3886E-01  0.1788E+00  0.0000E+00
     -2.919  0.2431E-01  0.1751E+00  0.0000E+00
     -2.850  0.2914E-01  0.3040E+00  0.0000E+00
     -2.780  0.1923E-01  0.1949E+00  0.0000E+00
     -2.711  0.1983E-01  0.2733E+00  0.0000E+00
     -2.642  0.1398E-01  0.2156E+00  0.0000E+00
     -2.572  0.1391E-01  0.2077E+00  0.0000E+00
     -2.503  0.2330E-01  0.2616E+00  0.0000E+00
     -2.433  0.1805E-01  0.3090E+00  0.0000E+00
     -2.364  0.3112E-01  0.4002E+00  0.0000E+00
     -2.295  0.1836E-01  0.2325E+00  0.0000E+00
     -2.225  0.1985E-01  0.2801E+00  0.0000E+00
     -2.156  0.6883E-02  0.1006E+00  0.0000E+00
     -2.087  0.2931E-01  0.5378E+00  0.0000E+00
     -2.017  0.2622E-01  0.3757E+00  0.0000E+00
     -1.948  0.1270E-01  0.3462E+00  0.0000E+00
     -1.879  0.7556E-02  0.3085E+00  0.0000E+00
     -1.809  0.9940E-02  0.3633E+00  0.0000E+00
     -1.740  0.1331E-01  0.3174E+00  0.0000E+00
     -1.671  0.2411E-01  0.2427E+00  0.0000E+00
     -1.601  0.2143E-01  0.4350E+00  0.0000E+00
     -1.532  0.1520E-01  0.3819E+00  0.0000E+00
     -1.463  0.2842E-01  0.5716E+00  0.0000E+00
     -1.393  0.1319E-01  0.3549E+00  0.0000E+00
     -1.324  0.1984E-01  0.3671E+00  0.0000E+00
     -1.255  0.4826E-02  0.1357E+00  0.0000E+00
     -1.185  0.4270E-02  0.2079E+00  0.0000E+00
     -1.116  0.6823E-02  0.2316E+00  0.0000E+00
     -1.047  0.2711E-02  0.7257E-01  0.0000E+00
     -0.977  0.8823E-02  0.1724E+00  0.0000E+00
     -0.908  0.1093E-01  0.1827E+00  0.0000E+00
     -0.839  0.7641E-02  0.1736E+00  0.0000E+00
     -0.769  0.6247E-02  0.1827E+00  0.0000E+00
     -0.700  0.3913E-02  0.1072E+00  0.0000E+00
     -0.631  0.7602E-02  0.2294E+00  0.0000E+00
     -0.561  0.1050E-01  0.1694E+00  0.0000E+00
     -0.492  0.5356E-02  0.5127E-01  0.0000E+00
     -0.423  0.1094E-01  0.2343E+00  0.0000E+00
     -0.353  0.8193E-02  0.1144E+00  0.0000E+00
     -0.284  0.1105E-01  0.1375E+00  0.0000E+00
     -0.215  0.8139E-02  0.1555E+00  0.0000E+00
     -0.145  0.7288E-02  0.9681E-01  0.0000E+00
     -0.076  0.4173E-02  0.1117E+00  0.0000E+00
     -0.007  0.1052E-01  0.9069E-01  0.0000E+00
      0.063  0.6362E-02  0.5886E-01  0.0000E+00
      0.132  0.1340E-01  0.1544E+00  0.0000E+00
      0.201  0.1252E-01  0.1064E+00  0.0000E+00
      0.271  0.5181E-02  0.5677E-01  0.0000E+00
      0.340  0.2321E-01  0.1092E+00  0.0000E+00
      0.409  0.4265E-02  0.2862E-01  0.0000E+00
      0.479  0.1902E-01  0.9308E-01  0.0000E+00
      0.548  0.1064E-01  0.5556E-01  0.0000E+00
      0.617  0.1492E-01  0.3473E-01  0.0000E+00
      0.687  0.2208E-01  0.5987E-01  0.0000E+00
      0.756  0.2256E-01  0.7156E-01  0.0000E+00
      0.825  0.1890E-01  0.4935E-01  0.0000E+00
      0.895  0.5166E-01  0.9050E-01  0.0000E+00
      0.964  0.3669E-01  0.1028E+00  0.0000E+00
      1.033  0.3515E-01  0.1586E+00  0.0000E+00
      1.103  0.1066E-01  0.8494E-01  0.0000E+00
      1.172  0.4020E-01  0.2026E+00  0.0000E+00
      1.241  0.1695E-01  0.7142E-01  0.0000E+00
      1.311  0.3096E-01  0.7294E-01  0.0000E+00
      1.380  0.4122E-01  0.1467E+00  0.0000E+00
      1.449  0.3401E-01  0.1269E+00  0.0000E+00
      1.519  0.2613E-01  0.8925E-01  0.0000E+00
      1.588  0.2259E-01  0.1006E+00  0.0000E+00
      1.657  0.3607E-01  0.2097E+00  0.0000E+00
      1.727  0.2611E-01  0.1531E+00  0.0000E+00
      1.796  0.5676E-01  0.1745E+00  0.0000E+00
      1.866  0.4626E-01  0.9172E-01  0.0000E+00
      1.935  0.1294E-01  0.4441E-01  0.0000E+00
      2.004  0.1497E-01  0.6206E-01  0.0000E+00
      2.074  0.4266E-01  0.1442E+00  0.0000E+00
      2.143  0.3390E-01  0.1303E+00  0.0000E+00
      2.212  0.3647E-01  0.8913E-01  0.0000E+00
      2.282  0.3218E-01  0.6732E-01  0.0000E+00
      2.351  0.4602E-01  0.1440E+00  0.0000E+00
      2.420  0.3196E-01  0.1076E+00  0.0000E+00
      2.490  0.2628E-01  0.8745E-01  0.0000E+00
      2.559  0.2840E-01  0.1055E+00  0.0000E+00
      2.628  0.4284E-01  0.1555E+00  0.0000E+00
      2.698  0.5287E-01  0.2100E+00  0.0000E+00
      2.767  0.5705E-01  0.1637E+00  0.0000E+00
      2.836  0.4159E-01  0.1450E+00  0.0000E+00
      2.906  0.3485E-01  0.1634E+00  0.0000E+00
      2.975  0.3417E-01  0.1684E+00  0.0000E+00
      3.044  0.4262E-01  0.2632E+00  0.0000E+00
      3.114  0.5602E-01  0.2216E+00  0.0000E+00
      3.183  0.4145E-01  0.2205E+00  0.0000E+00
      3.252  0.2855E-01  0.2426E+00  0.0000E+00
      3.322  0.1936E-01  0.2763E+00  0.0000E+00
      3.391  0.2003E-01  0.2414E+00  0.0000E+00
      3.460  0.2758E-01  0.2284E+00  0.0000E+00
      3.530  0.2503E-01  0.1623E+00  0.0000E+00
      3.599  0.2542E-01  0.2264E+00  0.0000E+00
      3.668  0.5095E-01  0.2745E+00  0.0000E+00
      3.738  0.3537E-01  0.1917E+00  0.0000E+00
      3.807  0.2563E-01  0.1807E+00  0.0000E+00
      3.876  0.3099E-01  0.2004E+00  0.0000E+00
      3.946  0.3908E-01  0.2323E+00  0.0000E+00
      4.015  0.3600E-01  0.4159E+00  0.0000E+00
      4.084  0.2925E-01  0.2309E+00  0.0000E+00
      4.154  0.3293E-01  0.2478E+00  0.0000E+00
      4.223  0.2155E-01  0.2071E+00  0.0000E+00
      4.292  0.2159E-01  0.1425E+00  0.0000E+00
      4.362  0.2098E-01  0.2827E+00  0.0000E+00
      4.431  0.2097E-01  0.2328E+00  0.0000E+00
      4.500  0.1942E-01  0.2127E+00  0.0000E+00
      4.570  0.4057E-01  0.2369E+00  0.0000E+00
      4.639  0.1620E-01  0.1386E+00  0.0000E+00
      4.708  0.1847E-01  0.2830E+00  0.0000E+00
      4.778  0.2622E-01  0.2819E+00  0.0000E+00
      4.847  0.1513E-01  0.1776E+00  0.0000E+00
      4.916  0.1209E-01  0.2601E+00  0.0000E+00
      4.986  0.1719E-01  0.4654E+00  0.0000E+00
      5.055  0.1713E-01  0.3686E+00  0.0000E+00
      5.124  0.3433E-01  0.5972E+00  0.0000E+00
      5.194  0.1825E-01  0.2275E+00  0.0000E+00
      5.263  0.1236E-01  0.1758E+00  0.0000E+00
      5.332  0.1368E-01  0.2553E+00  0.0000E+00
      5.402  0.1969E-01  0.2687E+00  0.0000E+00
      5.471  0.1713E-01  0.1823E+00  0.0000E+00
      5.540  0.1158E-01  0.1447E+00  0.0000E+00
      5.610  0.1432E-01  0.1240E+00  0.0000E+00
      5.679  0.1507E-01  0.1484E+00  0.0000E+00
      5.748  0.1199E-01  0.1518E+00  0.0000E+00
      5.818  0.1210E-01  0.1376E+00  0.0000E+00
      5.887  0.9345E-02  0.9873E-01  0.0000E+00
      5.956  0.1411E-01  0.9330E-01  0.0000E+00
      6.026  0.6050E-02  0.3562E-01  0.0000E+00
      6.095  0.4079E-02  0.2136E-01  0.0000E+00
      6.165  0.1464E-02  0.1028E-01  0.0000E+00
      6.234  0.2004E-02  0.1421E-01  0.0000E+00
      6.303  0.2374E-02  0.1727E-01  0.0000E+00
      6.373  0.2403E-02  0.1663E-01  0.0000E+00
      6.442  0.2769E-02  0.1747E-01  0.0000E+00
      6.511  0.1867E-02  0.1067E-01  0.0000E+00
      6.581  0.1384E-02  0.5988E-02  0.0000E+00
      6.650  0.7126E-03  0.2791E-02  0.0000E+00
      6.719  0.0000E+00  0.0000E+00  0.0000E+00
      6.789  0.0000E+00  0.0000E+00  0.0000E+00
      6.858  0.0000E+00  0.0000E+00  0.0000E+00
      6.927  0.0000E+00  0.0000E+00  0.0000E+00
      6.997  0.0000E+00  0.0000E+00  0.0000E+00
      7.066  0.0000E+00  0.0000E+00  0.0000E+00
      7.135  0.0000E+00  0.0000E+00  0.0000E+00
      7.205  0.0000E+00  0.0000E+00  0.0000E+00
      7.274  0.0000E+00  0.0000E+00  0.0000E+00
      7.343  0.0000E+00  0.0000E+00  0.0000E+00
      7.413  0.0000E+00  0.0000E+00  0.0000E+00
      7.482  0.0000E+00  0.0000E+00  0.0000E+00
      7.551  0.0000E+00  0.0000E+00  0.0000E+00
      7.621  0.0000E+00  0.0000E+00  0.0000E+00
      7.690  0.0000E+00  0.0000E+00  0.0000E+00
