    -13.112  0.0000E+00  0.0000E+00  0.0000E+00
    -13.042  0.0000E+00  0.0000E+00  0.0000E+00
    -12.973  0.0000E+00  0.0000E+00  0.0000E+00
    -12.904  0.0000E+00  0.0000E+00  0.0000E+00
    -12.834  0.0000E+00  0.0000E+00  0.0000E+00
    -12.765  0.0000E+00  0.0000E+00  0.0000E+00
    -12.696  0.0000E+00  0.0000E+00  0.0000E+00
    -12.626  0.0000E+00  0.0000E+00  0.0000E+00
    -12.557  0.0000E+00  0.0000E+00  0.0000E+00
    -12.488  0.0000E+00  0.0000E+00  0.0000E+00
    -12.418  0.0000E+00  0.0000E+00  0.0000E+00
    -12.349  0.0000E+00  0.0000E+00  0.0000E+00
    -12.280  0.0000E+00  0.0000E+00  0.0000E+00
    -12.210  0.0000E+00  0.0000E+00  0.0000E+00
    -12.141  0.0000E+00  0.0000E+00  0.0000E+00
    -12.072  0.3722E-01  0.2289E-03  0.0000E+00
    -12.002  0.4683E-01  0.3823E-03  0.0000E+00
    -11.933  0.4218E-01  0.4519E-03  0.0000E+00
    -11.864  0.4134E-01  0.5175E-03  0.0000E+00
    -11.794  0.4541E-01  0.6571E-03  0.0000E+00
    -11.725  0.4487E-01  0.7645E-03  0.0000E+00
    -11.656  0.4470E-01  0.8169E-03  0.0000E+00
    -11.586  0.4516E-01  0.8548E-03  0.0000E+00
    -11.517  0.1078E+00  0.4420E-02  0.0000E+00
    -11.448  0.5812E-01  0.1979E-02  0.0000E+00
    -11.378  0.8653E-01  0.3677E-02  0.0000E+00
    -11.309  0.1212E+00  0.6052E-02  0.0000E+00
    -11.240  0.1477E+00  0.7648E-02  0.0000E+00
    -11.170  0.6951E-01  0.3444E-02  0.0000E+00
    -11.101  0.8891E-01  0.4609E-02  0.0000E+00
    -11.032  0.1064E+00  0.5303E-02  0.0000E+00
    -10.962  0.1008E+00  0.5341E-02  0.0000E+00
    -10.893  0.1152E+00  0.6580E-02  0.0000E+00
    -10.823  0.1094E+00  0.6716E-02  0.0000E+00
    -10.754  0.1056E+00  0.5925E-02  0.0000E+00
    -10.685  0.2766E+00  0.8605E-02  0.0000E+00
    -10.615  0.1570E+00  0.4810E-02  0.0000E+00
    -10.546  0.1492E+00  0.5099E-02  0.0000E+00
    -10.477  0.2521E+00  0.8025E-02  0.0000E+00
    -10.407  0.3738E+00  0.1406E-01  0.0000E+00
    -10.338  0.5228E+00  0.1983E-01  0.0000E+00
    -10.269  0.2786E+00  0.1030E-01  0.0000E+00
    -10.199  0.4690E+00  0.1847E-01  0.0000E+00
    -10.130  0.3885E+00  0.1196E-01  0.0000E+00
    -10.061  0.5449E+00  0.1794E-01  0.0000E+00
     -9.991  0.4107E+00  0.1531E-01  0.0000E+00
     -9.922  0.3888E+00  0.1540E-01  0.0000E+00
     -9.853  0.3223E+00  0.1276E-01  0.0000E+00
     -9.783  0.2418E+00  0.9653E-02  0.0000E+00
     -9.714  0.9552E-01  0.3136E-02  0.0000E+00
     -9.645  0.8675E-01  0.2854E-02  0.0000E+00
     -9.575  0.9161E-01  0.3273E-02  0.0000E+00
     -9.506  0.8475E-01  0.2931E-02  0.0000E+00
     -9.437  0.1137E+00  0.3715E-02  0.0000E+00
     -9.367  0.6904E-01  0.2197E-02  0.0000E+00
     -9.298  0.0000E+00  0.0000E+00  0.0000E+00
     -9.229  0.2245E-03  0.4064E-02  0.0000E+00
     -9.159  0.7019E-03  0.8727E-02  0.0000E+00
     -9.090  0.1039E-02  0.7328E-02  0.0000E+00
     -9.021  0.1756E-02  0.9176E-02  0.0000E+00
     -8.951  0.6509E-02  0.1134E-01  0.0000E+00
     -8.882  0.1472E-01  0.1318E-01  0.0000E+00
     -8.813  0.4691E-01  0.2296E-01  0.0000E+00
     -8.743  0.2621E-01  0.9332E-02  0.0000E+00
     -8.674  0.2122E-01  0.7782E-02  0.0000E+00
     -8.605  0.2155E-01  0.1182E-01  0.0000E+00
     -8.535  0.1660E-01  0.9228E-02  0.0000E+00
     -8.466  0.1301E-01  0.7089E-02  0.0000E+00
     -8.397  0.2510E+00  0.1880E-01  0.0000E+00
     -8.327  0.2073E+00  0.1498E-01  0.0000E+00
     -8.258  0.2443E+00  0.1568E-01  0.0000E+00
     -8.189  0.3372E+00  0.1736E-01  0.0000E+00
     -8.119  0.3893E+00  0.1832E-01  0.0000E+00
     -8.050  0.5519E+00  0.1877E-01  0.0000E+00
     -7.981  0.5470E+00  0.1522E-01  0.0000E+00
     -7.911  0.7191E+00  0.1476E-01  0.0000E+00
     -7.842  0.4868E+00  0.8350E-02  0.0000E+00
     -7.773  0.5188E+00  0.1367E-01  0.0000E+00
     -7.703  0.2901E+00  0.7904E-02  0.0000E+00
     -7.634  0.5136E+00  0.2100E-01  0.0000E+00
     -7.565  0.2483E+00  0.9249E-02  0.0000E+00
     -7.495  0.2189E+00  0.7678E-02  0.0000E+00
     -7.426  0.4263E+00  0.1056E-01  0.0000E+00
     -7.357  0.6246E-01  0.3335E-02  0.0000E+00
     -7.287  0.6212E-01  0.5389E-02  0.0000E+00
     -7.218  0.3317E-01  0.6176E-02  0.0000E+00
     -7.149  0.3244E-01  0.5038E-02  0.0000E+00
     -7.079  0.2987E-01  0.4223E-02  0.0000E+00
     -7.010  0.7519E-02  0.2115E-02  0.0000E+00
     -6.941  0.0000E+00  0.0000E+00  0.0000E+00
     -6.871  0.0000E+00  0.0000E+00  0.0000E+00
     -6.802  0.0000E+00  0.0000E+00  0.0000E+00
     -6.732  0.0000E+00  0.0000E+00  0.0000E+00
     -6.663  0.0000E+00  0.0000E+00  0.0000E+00
     -6.594  0.0000E+00  0.0000E+00  0.0000E+00
     -6.524  0.0000E+00  0.0000E+00  0.0000E+00
     -6.455  0.0000E+00  0.0000E+00  0.0000E+00
     -6.386  0.0000E+00  0.0000E+00  0.0000E+00
     -6.316  0.0000E+00  0.0000E+00  0.0000E+00
     -6.247  0.0000E+00  0.0000E+00  0.0000E+00
     -6.178  0.0000E+00  0.0000E+00  0.0000E+00
     -6.108  0.0000E+00  0.0000E+00  0.0000E+00
     -6.039  0.0000E+00  0.0000E+00  0.0000E+00
     -5.970  0.0000E+00  0.0000E+00  0.0000E+00
     -5.900  0.0000E+00  0.0000E+00  0.0000E+00
     -5.831  0.0000E+00  0.0000E+00  0.0000E+00
     -5.762  0.0000E+00  0.0000E+00  0.0000E+00
     -5.692  0.0000E+00  0.0000E+00  0.0000E+00
     -5.623  0.0000E+00  0.0000E+00  0.0000E+00
     -5.554  0.0000E+00  0.0000E+00  0.0000E+00
     -5.484  0.0000E+00  0.0000E+00  0.0000E+00
     -5.415  0.0000E+00  0.0000E+00  0.0000E+00
     -5.346  0.0000E+00  0.0000E+00  0.0000E+00
     -5.276  0.0000E+00  0.0000E+00  0.0000E+00
     -5.207  0.0000E+00  0.0000E+00  0.0000E+00
     -5.138  0.0000E+00  0.0000E+00  0.0000E+00
     -5.068  0.7777E-02  0.2556E-01  0.0000E+00
     -4.999  0.4306E-02  0.2432E-01  0.0000E+00
     -4.930  0.3459E-02  0.2976E-01  0.0000E+00
     -4.860  0.4139E-02  0.6242E-01  0.0000E+00
     -4.791  0.4159E-02  0.7415E-01  0.0000E+00
     -4.722  0.4279E-02  0.8519E-01  0.0000E+00
     -4.652  0.4997E-02  0.1077E+00  0.0000E+00
     -4.583  0.7027E-02  0.3231E+00  0.0000E+00
     -4.514  0.6721E-02  0.2025E+00  0.0000E+00
     -4.444  0.1957E-01  0.3523E+00  0.0000E+00
     -4.375  0.1139E-01  0.1604E+00  0.0000E+00
     -4.306  0.2870E-01  0.2019E+00  0.0000E+00
     -4.236  0.3154E-01  0.2584E+00  0.0000E+00
     -4.167  0.9617E-02  0.1333E+00  0.0000E+00
     -4.098  0.4791E-01  0.6602E+00  0.0000E+00
     -4.028  0.1829E-02  0.3395E-01  0.0000E+00
     -3.959  0.1242E-01  0.1477E+00  0.0000E+00
     -3.890  0.3757E-01  0.4273E+00  0.0000E+00
     -3.820  0.1496E-01  0.1182E+00  0.0000E+00
     -3.751  0.6736E-01  0.4274E+00  0.0000E+00
     -3.682  0.4097E-01  0.1566E+00  0.0000E+00
     -3.612  0.3589E-01  0.2322E+00  0.0000E+00
     -3.543  0.3925E-01  0.1911E+00  0.0000E+00
     -3.474  0.4954E-01  0.2865E+00  0.0000E+00
     -3.404  0.1860E-01  0.1006E+00  0.0000E+00
     -3.335  0.5642E-02  0.5815E-01  0.0000E+00
     -3.266  0.3389E-01  0.2152E+00  0.0000E+00
     -3.196  0.4324E-01  0.2595E+00  0.0000E+00
     -3.127  0.3040E-01  0.2156E+00  0.0000E+00
     -3.058  0.1103E-01  0.8233E-01  0.0000E+00
     -2.988  0.1691E-01  0.1909E+00  0.0000E+00
     -2.919  0.1310E-01  0.1265E+00  0.0000E+00
     -2.850  0.1979E-01  0.1821E+00  0.0000E+00
     -2.780  0.2390E-01  0.2133E+00  0.0000E+00
     -2.711  0.1981E-01  0.2188E+00  0.0000E+00
     -2.642  0.1900E-01  0.2674E+00  0.0000E+00
     -2.572  0.1220E-01  0.1938E+00  0.0000E+00
     -2.503  0.1218E-01  0.2282E+00  0.0000E+00
     -2.433  0.1275E-01  0.2278E+00  0.0000E+00
     -2.364  0.2489E-01  0.4796E+00  0.0000E+00
     -2.295  0.8974E-02  0.2375E+00  0.0000E+00
     -2.225  0.1368E-01  0.4117E+00  0.0000E+00
     -2.156  0.4648E-02  0.1382E+00  0.0000E+00
     -2.087  0.1559E-01  0.5822E+00  0.0000E+00
     -2.017  0.1430E-01  0.5849E+00  0.0000E+00
     -1.948  0.1332E-01  0.3770E+00  0.0000E+00
     -1.879  0.1174E-01  0.3261E+00  0.0000E+00
     -1.809  0.1238E-01  0.4471E+00  0.0000E+00
     -1.740  0.7205E-02  0.3970E+00  0.0000E+00
     -1.671  0.6017E-02  0.3881E+00  0.0000E+00
     -1.601  0.2056E-01  0.6318E+00  0.0000E+00
     -1.532  0.7759E-02  0.3548E+00  0.0000E+00
     -1.463  0.1510E-01  0.4156E+00  0.0000E+00
     -1.393  0.1470E-01  0.2947E+00  0.0000E+00
     -1.324  0.1863E-01  0.5032E+00  0.0000E+00
     -1.255  0.5988E-02  0.2307E+00  0.0000E+00
     -1.185  0.7777E-02  0.2148E+00  0.0000E+00
     -1.116  0.8746E-02  0.1703E+00  0.0000E+00
     -1.047  0.2052E-02  0.9477E-01  0.0000E+00
     -0.977  0.6224E-02  0.1195E+00  0.0000E+00
     -0.908  0.1213E-01  0.2115E+00  0.0000E+00
     -0.839  0.7436E-02  0.1253E+00  0.0000E+00
     -0.769  0.6911E-02  0.1144E+00  0.0000E+00
     -0.700  0.5788E-02  0.1334E+00  0.0000E+00
     -0.631  0.7220E-02  0.1378E+00  0.0000E+00
     -0.561  0.6341E-02  0.7530E-01  0.0000E+00
     -0.492  0.2294E-02  0.3107E-01  0.0000E+00
     -0.423  0.8752E-02  0.9671E-01  0.0000E+00
     -0.353  0.7754E-02  0.5827E-01  0.0000E+00
     -0.284  0.8243E-02  0.7926E-01  0.0000E+00
     -0.215  0.3994E-02  0.1223E+00  0.0000E+00
     -0.145  0.5219E-02  0.6950E-01  0.0000E+00
     -0.076  0.6378E-02  0.7449E-01  0.0000E+00
     -0.007  0.9951E-02  0.8344E-01  0.0000E+00
      0.063  0.6729E-02  0.5526E-01  0.0000E+00
      0.132  0.1244E-01  0.1126E+00  0.0000E+00
      0.201  0.1141E-01  0.9668E-01  0.0000E+00
      0.271  0.5340E-02  0.6116E-01  0.0000E+00
      0.340  0.1865E-01  0.1143E+00  0.0000E+00
      0.409  0.4199E-02  0.3623E-01  0.0000E+00
      0.479  0.1593E-01  0.8975E-01  0.0000E+00
      0.548  0.8270E-02  0.6746E-01  0.0000E+00
      0.617  0.1460E-01  0.4877E-01  0.0000E+00
      0.687  0.2298E-01  0.7891E-01  0.0000E+00
      0.756  0.1411E-01  0.9119E-01  0.0000E+00
      0.825  0.1348E-01  0.7799E-01  0.0000E+00
      0.895  0.1964E-01  0.8169E-01  0.0000E+00
      0.964  0.1407E-01  0.7574E-01  0.0000E+00
      1.033  0.1284E-01  0.1147E+00  0.0000E+00
      1.103  0.9833E-02  0.5012E-01  0.0000E+00
      1.172  0.2189E-01  0.9882E-01  0.0000E+00
      1.241  0.2625E-01  0.5496E-01  0.0000E+00
      1.311  0.1019E-01  0.5006E-01  0.0000E+00
      1.380  0.4467E-01  0.1015E+00  0.0000E+00
      1.449  0.2356E-01  0.1167E+00  0.0000E+00
      1.519  0.1294E-01  0.6087E-01  0.0000E+00
      1.588  0.3471E-01  0.6956E-01  0.0000E+00
      1.657  0.4632E-01  0.1821E+00  0.0000E+00
      1.727  0.2294E-01  0.1601E+00  0.0000E+00
      1.796  0.3547E-01  0.2776E+00  0.0000E+00
      1.866  0.1566E-01  0.1541E+00  0.0000E+00
      1.935  0.9330E-02  0.8659E-01  0.0000E+00
      2.004  0.7629E-02  0.7193E-01  0.0000E+00
      2.074  0.2172E-01  0.1657E+00  0.0000E+00
      2.143  0.2552E-01  0.1689E+00  0.0000E+00
      2.212  0.1839E-01  0.1140E+00  0.0000E+00
      2.282  0.1500E-01  0.7763E-01  0.0000E+00
      2.351  0.1668E-01  0.1167E+00  0.0000E+00
      2.420  0.1658E-01  0.7751E-01  0.0000E+00
      2.490  0.1432E-01  0.6650E-01  0.0000E+00
      2.559  0.2558E-01  0.7939E-01  0.0000E+00
      2.628  0.4300E-01  0.1183E+00  0.0000E+00
      2.698  0.6079E-01  0.1665E+00  0.0000E+00
      2.767  0.3894E-01  0.1391E+00  0.0000E+00
      2.836  0.1985E-01  0.1047E+00  0.0000E+00
      2.906  0.2988E-01  0.1260E+00  0.0000E+00
      2.975  0.3399E-01  0.1347E+00  0.0000E+00
      3.044  0.3899E-01  0.1929E+00  0.0000E+00
      3.114  0.4111E-01  0.2216E+00  0.0000E+00
      3.183  0.5170E-01  0.1832E+00  0.0000E+00
      3.252  0.3715E-01  0.1506E+00  0.0000E+00
      3.322  0.2915E-01  0.1190E+00  0.0000E+00
      3.391  0.6126E-01  0.9859E-01  0.0000E+00
      3.460  0.6680E-01  0.1152E+00  0.0000E+00
      3.530  0.4649E-01  0.9671E-01  0.0000E+00
      3.599  0.5372E-01  0.1287E+00  0.0000E+00
      3.668  0.3906E-01  0.2201E+00  0.0000E+00
      3.738  0.2941E-01  0.1345E+00  0.0000E+00
      3.807  0.3375E-01  0.1458E+00  0.0000E+00
      3.876  0.2829E-01  0.1415E+00  0.0000E+00
      3.946  0.3141E-01  0.1853E+00  0.0000E+00
      4.015  0.4105E-01  0.2786E+00  0.0000E+00
      4.084  0.4293E-01  0.2192E+00  0.0000E+00
      4.154  0.2611E-01  0.1732E+00  0.0000E+00
      4.223  0.3199E-01  0.1507E+00  0.0000E+00
      4.292  0.2188E-01  0.1579E+00  0.0000E+00
      4.362  0.5163E-01  0.1813E+00  0.0000E+00
      4.431  0.3731E-01  0.2387E+00  0.0000E+00
      4.500  0.3160E-01  0.2341E+00  0.0000E+00
      4.570  0.3592E-01  0.3314E+00  0.0000E+00
      4.639  0.1526E-01  0.1408E+00  0.0000E+00
      4.708  0.2545E-01  0.1786E+00  0.0000E+00
      4.778  0.2977E-01  0.1704E+00  0.0000E+00
      4.847  0.1488E-01  0.8871E-01  0.0000E+00
      4.916  0.1401E-01  0.1018E+00  0.0000E+00
      4.986  0.2083E-01  0.1508E+00  0.0000E+00
      5.055  0.2741E-01  0.1201E+00  0.0000E+00
      5.124  0.4730E-01  0.3821E+00  0.0000E+00
      5.194  0.1872E-01  0.1534E+00  0.0000E+00
      5.263  0.1776E-01  0.1468E+00  0.0000E+00
      5.332  0.1632E-01  0.1918E+00  0.0000E+00
      5.402  0.1843E-01  0.2012E+00  0.0000E+00
      5.471  0.2577E-01  0.2499E+00  0.0000E+00
      5.540  0.3815E-01  0.3503E+00  0.0000E+00
      5.610  0.3683E-01  0.4054E+00  0.0000E+00
      5.679  0.3841E-01  0.5087E+00  0.0000E+00
      5.748  0.2838E-01  0.4092E+00  0.0000E+00
      5.818  0.2266E-01  0.2822E+00  0.0000E+00
      5.887  0.1892E-01  0.1817E+00  0.0000E+00
      5.956  0.2566E-01  0.2284E+00  0.0000E+00
      6.026  0.1158E-01  0.8819E-01  0.0000E+00
      6.095  0.6842E-02  0.5774E-01  0.0000E+00
      6.165  0.2574E-02  0.2633E-01  0.0000E+00
      6.234  0.3134E-02  0.3392E-01  0.0000E+00
      6.303  0.3195E-02  0.3606E-01  0.0000E+00
      6.373  0.2906E-02  0.3242E-01  0.0000E+00
      6.442  0.3115E-02  0.3091E-01  0.0000E+00
      6.511  0.1834E-02  0.1747E-01  0.0000E+00
      6.581  0.8841E-03  0.6141E-02  0.0000E+00
      6.650  0.3599E-03  0.2713E-02  0.0000E+00
      6.719  0.0000E+00  0.0000E+00  0.0000E+00
      6.789  0.0000E+00  0.0000E+00  0.0000E+00
      6.858  0.0000E+00  0.0000E+00  0.0000E+00
      6.927  0.0000E+00  0.0000E+00  0.0000E+00
      6.997  0.0000E+00  0.0000E+00  0.0000E+00
      7.066  0.0000E+00  0.0000E+00  0.0000E+00
      7.135  0.0000E+00  0.0000E+00  0.0000E+00
      7.205  0.0000E+00  0.0000E+00  0.0000E+00
      7.274  0.0000E+00  0.0000E+00  0.0000E+00
      7.343  0.0000E+00  0.0000E+00  0.0000E+00
      7.413  0.0000E+00  0.0000E+00  0.0000E+00
      7.482  0.0000E+00  0.0000E+00  0.0000E+00
      7.551  0.0000E+00  0.0000E+00  0.0000E+00
      7.621  0.0000E+00  0.0000E+00  0.0000E+00
      7.690  0.0000E+00  0.0000E+00  0.0000E+00
