    -13.112  0.0000E+00  0.0000E+00  0.0000E+00
    -13.042  0.0000E+00  0.0000E+00  0.0000E+00
    -12.973  0.0000E+00  0.0000E+00  0.0000E+00
    -12.904  0.0000E+00  0.0000E+00  0.0000E+00
    -12.834  0.0000E+00  0.0000E+00  0.0000E+00
    -12.765  0.0000E+00  0.0000E+00  0.0000E+00
    -12.696  0.0000E+00  0.0000E+00  0.0000E+00
    -12.626  0.0000E+00  0.0000E+00  0.0000E+00
    -12.557  0.0000E+00  0.0000E+00  0.0000E+00
    -12.488  0.0000E+00  0.0000E+00  0.0000E+00
    -12.418  0.0000E+00  0.0000E+00  0.0000E+00
    -12.349  0.0000E+00  0.0000E+00  0.0000E+00
    -12.280  0.0000E+00  0.0000E+00  0.0000E+00
    -12.210  0.0000E+00  0.0000E+00  0.0000E+00
    -12.141  0.0000E+00  0.0000E+00  0.0000E+00
    -12.072  0.2461E-01  0.2575E-02  0.0000E+00
    -12.002  0.3166E-01  0.3371E-02  0.0000E+00
    -11.933  0.3038E-01  0.3335E-02  0.0000E+00
    -11.864  0.3226E-01  0.3641E-02  0.0000E+00
    -11.794  0.3594E-01  0.4107E-02  0.0000E+00
    -11.725  0.3223E-01  0.3685E-02  0.0000E+00
    -11.656  0.3429E-01  0.4035E-02  0.0000E+00
    -11.586  0.3710E-01  0.4469E-02  0.0000E+00
    -11.517  0.7079E-01  0.7844E-02  0.0000E+00
    -11.448  0.4517E-01  0.5430E-02  0.0000E+00
    -11.378  0.6316E-01  0.7308E-02  0.0000E+00
    -11.309  0.8776E-01  0.9746E-02  0.0000E+00
    -11.240  0.9750E-01  0.1085E-01  0.0000E+00
    -11.170  0.4285E-01  0.4924E-02  0.0000E+00
    -11.101  0.6569E-01  0.7595E-02  0.0000E+00
    -11.032  0.7991E-01  0.9405E-02  0.0000E+00
    -10.962  0.5970E-01  0.7284E-02  0.0000E+00
    -10.893  0.7167E-01  0.9241E-02  0.0000E+00
    -10.823  0.9233E-01  0.1196E-01  0.0000E+00
    -10.754  0.1229E+00  0.1571E-01  0.0000E+00
    -10.685  0.1843E+00  0.2185E-01  0.0000E+00
    -10.615  0.9603E-01  0.1135E-01  0.0000E+00
    -10.546  0.7539E-01  0.8653E-02  0.0000E+00
    -10.477  0.1008E+00  0.1249E-01  0.0000E+00
    -10.407  0.1064E+00  0.1162E-01  0.0000E+00
    -10.338  0.1552E+00  0.1865E-01  0.0000E+00
    -10.269  0.7273E-01  0.8798E-02  0.0000E+00
    -10.199  0.6718E-01  0.8221E-02  0.0000E+00
    -10.130  0.1837E-01  0.1723E-02  0.0000E+00
    -10.061  0.4492E-01  0.3302E-02  0.0000E+00
     -9.991  0.1906E-01  0.1878E-02  0.0000E+00
     -9.922  0.1548E-01  0.1538E-02  0.0000E+00
     -9.853  0.1261E-01  0.1247E-02  0.0000E+00
     -9.783  0.1088E-01  0.1075E-02  0.0000E+00
     -9.714  0.5087E-02  0.4147E-03  0.0000E+00
     -9.645  0.4333E-02  0.3522E-03  0.0000E+00
     -9.575  0.3964E-02  0.3235E-03  0.0000E+00
     -9.506  0.3662E-02  0.3042E-03  0.0000E+00
     -9.437  0.4729E-02  0.4064E-03  0.0000E+00
     -9.367  0.2779E-02  0.2456E-03  0.0000E+00
     -9.298  0.0000E+00  0.0000E+00  0.0000E+00
     -9.229  0.6588E-01  0.1488E-02  0.0000E+00
     -9.159  0.1463E+00  0.3387E-02  0.0000E+00
     -9.090  0.1478E+00  0.3655E-02  0.0000E+00
     -9.021  0.1576E+00  0.3938E-02  0.0000E+00
     -8.951  0.1858E+00  0.5348E-02  0.0000E+00
     -8.882  0.2160E+00  0.7648E-02  0.0000E+00
     -8.813  0.3040E+00  0.1599E-01  0.0000E+00
     -8.743  0.1231E+00  0.6230E-02  0.0000E+00
     -8.674  0.1048E+00  0.6901E-02  0.0000E+00
     -8.605  0.1656E+00  0.8296E-02  0.0000E+00
     -8.535  0.1285E+00  0.6251E-02  0.0000E+00
     -8.466  0.1068E+00  0.4907E-02  0.0000E+00
     -8.397  0.2460E+00  0.7781E-02  0.0000E+00
     -8.327  0.2327E+00  0.6984E-02  0.0000E+00
     -8.258  0.2377E+00  0.6875E-02  0.0000E+00
     -8.189  0.2875E+00  0.7881E-02  0.0000E+00
     -8.119  0.3226E+00  0.8636E-02  0.0000E+00
     -8.050  0.6542E+00  0.1389E-01  0.0000E+00
     -7.981  0.7551E+00  0.1538E-01  0.0000E+00
     -7.911  0.9258E+00  0.1772E-01  0.0000E+00
     -7.842  0.1008E+01  0.1565E-01  0.0000E+00
     -7.773  0.7714E+00  0.1306E-01  0.0000E+00
     -7.703  0.4416E+00  0.7606E-02  0.0000E+00
     -7.634  0.1285E+01  0.2019E-01  0.0000E+00
     -7.565  0.5526E+00  0.8455E-02  0.0000E+00
     -7.495  0.4647E+00  0.9270E-02  0.0000E+00
     -7.426  0.4632E+00  0.8806E-02  0.0000E+00
     -7.357  0.2580E+00  0.4804E-02  0.0000E+00
     -7.287  0.6938E+00  0.1191E-01  0.0000E+00
     -7.218  0.6692E-02  0.1193E-03  0.0000E+00
     -7.149  0.4498E-02  0.8417E-04  0.0000E+00
     -7.079  0.2015E-02  0.4655E-04  0.0000E+00
     -7.010  0.6320E-03  0.1522E-04  0.0000E+00
     -6.941  0.0000E+00  0.0000E+00  0.0000E+00
     -6.871  0.0000E+00  0.0000E+00  0.0000E+00
     -6.802  0.0000E+00  0.0000E+00  0.0000E+00
     -6.732  0.0000E+00  0.0000E+00  0.0000E+00
     -6.663  0.0000E+00  0.0000E+00  0.0000E+00
     -6.594  0.0000E+00  0.0000E+00  0.0000E+00
     -6.524  0.0000E+00  0.0000E+00  0.0000E+00
     -6.455  0.0000E+00  0.0000E+00  0.0000E+00
     -6.386  0.0000E+00  0.0000E+00  0.0000E+00
     -6.316  0.0000E+00  0.0000E+00  0.0000E+00
     -6.247  0.0000E+00  0.0000E+00  0.0000E+00
     -6.178  0.0000E+00  0.0000E+00  0.0000E+00
     -6.108  0.0000E+00  0.0000E+00  0.0000E+00
     -6.039  0.0000E+00  0.0000E+00  0.0000E+00
     -5.970  0.0000E+00  0.0000E+00  0.0000E+00
     -5.900  0.0000E+00  0.0000E+00  0.0000E+00
     -5.831  0.0000E+00  0.0000E+00  0.0000E+00
     -5.762  0.0000E+00  0.0000E+00  0.0000E+00
     -5.692  0.0000E+00  0.0000E+00  0.0000E+00
     -5.623  0.0000E+00  0.0000E+00  0.0000E+00
     -5.554  0.0000E+00  0.0000E+00  0.0000E+00
     -5.484  0.0000E+00  0.0000E+00  0.0000E+00
     -5.415  0.0000E+00  0.0000E+00  0.0000E+00
     -5.346  0.0000E+00  0.0000E+00  0.0000E+00
     -5.276  0.0000E+00  0.0000E+00  0.0000E+00
     -5.207  0.0000E+00  0.0000E+00  0.0000E+00
     -5.138  0.0000E+00  0.0000E+00  0.0000E+00
     -5.068  0.7804E-02  0.3373E-01  0.0000E+00
     -4.999  0.5018E-02  0.2391E-01  0.0000E+00
     -4.930  0.5149E-02  0.2287E-01  0.0000E+00
     -4.860  0.7054E-02  0.2436E-01  0.0000E+00
     -4.791  0.9029E-02  0.2602E-01  0.0000E+00
     -4.722  0.1604E-01  0.3268E-01  0.0000E+00
     -4.652  0.2413E-01  0.3917E-01  0.0000E+00
     -4.583  0.7249E-01  0.5909E-01  0.0000E+00
     -4.514  0.2675E-01  0.4032E-01  0.0000E+00
     -4.444  0.5307E-01  0.5824E-01  0.0000E+00
     -4.375  0.4652E-01  0.3194E-01  0.0000E+00
     -4.306  0.6259E-01  0.7721E-01  0.0000E+00
     -4.236  0.3745E-01  0.5444E-01  0.0000E+00
     -4.167  0.2018E-01  0.2733E-01  0.0000E+00
     -4.098  0.9991E-01  0.1439E+00  0.0000E+00
     -4.028  0.5357E-02  0.8618E-02  0.0000E+00
     -3.959  0.3084E-01  0.4666E-01  0.0000E+00
     -3.890  0.8827E-01  0.1107E+00  0.0000E+00
     -3.820  0.2457E-01  0.3086E-01  0.0000E+00
     -3.751  0.9041E-01  0.1231E+00  0.0000E+00
     -3.682  0.3828E-01  0.5653E-01  0.0000E+00
     -3.612  0.3354E-01  0.9140E-01  0.0000E+00
     -3.543  0.3830E-01  0.1008E+00  0.0000E+00
     -3.474  0.4611E-01  0.1575E+00  0.0000E+00
     -3.404  0.2502E-01  0.9904E-01  0.0000E+00
     -3.335  0.1949E-01  0.3349E-01  0.0000E+00
     -3.266  0.4365E-01  0.1959E+00  0.0000E+00
     -3.196  0.7733E-01  0.2771E+00  0.0000E+00
     -3.127  0.5985E-01  0.2274E+00  0.0000E+00
     -3.058  0.2458E-01  0.9744E-01  0.0000E+00
     -2.988  0.3935E-01  0.1695E+00  0.0000E+00
     -2.919  0.3714E-01  0.1729E+00  0.0000E+00
     -2.850  0.2401E-01  0.1636E+00  0.0000E+00
     -2.780  0.3642E-01  0.1478E+00  0.0000E+00
     -2.711  0.1986E-01  0.1395E+00  0.0000E+00
     -2.642  0.2213E-01  0.1668E+00  0.0000E+00
     -2.572  0.1805E-01  0.1458E+00  0.0000E+00
     -2.503  0.1327E-01  0.1170E+00  0.0000E+00
     -2.433  0.1409E-01  0.1118E+00  0.0000E+00
     -2.364  0.1886E-01  0.1859E+00  0.0000E+00
     -2.295  0.9916E-02  0.1100E+00  0.0000E+00
     -2.225  0.1364E-01  0.1938E+00  0.0000E+00
     -2.156  0.9440E-02  0.5138E-01  0.0000E+00
     -2.087  0.3439E-01  0.2732E+00  0.0000E+00
     -2.017  0.1870E-01  0.3060E+00  0.0000E+00
     -1.948  0.7128E-02  0.2931E+00  0.0000E+00
     -1.879  0.2173E-01  0.5101E+00  0.0000E+00
     -1.809  0.1985E-01  0.2946E+00  0.0000E+00
     -1.740  0.1502E-01  0.2664E+00  0.0000E+00
     -1.671  0.1495E-01  0.2929E+00  0.0000E+00
     -1.601  0.2529E-01  0.4268E+00  0.0000E+00
     -1.532  0.1992E-01  0.3176E+00  0.0000E+00
     -1.463  0.2242E-01  0.2847E+00  0.0000E+00
     -1.393  0.1203E-01  0.2526E+00  0.0000E+00
     -1.324  0.1472E-01  0.2603E+00  0.0000E+00
     -1.255  0.7231E-02  0.1175E+00  0.0000E+00
     -1.185  0.9965E-02  0.1533E+00  0.0000E+00
     -1.116  0.2345E-01  0.2320E+00  0.0000E+00
     -1.047  0.4401E-02  0.6325E-01  0.0000E+00
     -0.977  0.1744E-01  0.2782E+00  0.0000E+00
     -0.908  0.2394E-01  0.2714E+00  0.0000E+00
     -0.839  0.4063E-01  0.3490E+00  0.0000E+00
     -0.769  0.3640E-01  0.3165E+00  0.0000E+00
     -0.700  0.1056E-01  0.1116E+00  0.0000E+00
     -0.631  0.4195E-01  0.3300E+00  0.0000E+00
     -0.561  0.5461E-01  0.3079E+00  0.0000E+00
     -0.492  0.8424E-02  0.8603E-01  0.0000E+00
     -0.423  0.6954E-01  0.5171E+00  0.0000E+00
     -0.353  0.1791E-01  0.1593E+00  0.0000E+00
     -0.284  0.2394E-01  0.2649E+00  0.0000E+00
     -0.215  0.3272E-01  0.3618E+00  0.0000E+00
     -0.145  0.2504E-01  0.1704E+00  0.0000E+00
     -0.076  0.1032E-01  0.1465E+00  0.0000E+00
     -0.007  0.1231E-01  0.1367E+00  0.0000E+00
      0.063  0.1276E-01  0.1703E+00  0.0000E+00
      0.132  0.1723E-01  0.1876E+00  0.0000E+00
      0.201  0.2929E-01  0.2007E+00  0.0000E+00
      0.271  0.7230E-02  0.1027E+00  0.0000E+00
      0.340  0.4233E-01  0.2440E+00  0.0000E+00
      0.409  0.1161E-01  0.5070E-01  0.0000E+00
      0.479  0.2526E-01  0.1295E+00  0.0000E+00
      0.548  0.2409E-01  0.8824E-01  0.0000E+00
      0.617  0.2975E-01  0.1200E+00  0.0000E+00
      0.687  0.4074E-01  0.1928E+00  0.0000E+00
      0.756  0.4991E-01  0.2126E+00  0.0000E+00
      0.825  0.2088E-01  0.1189E+00  0.0000E+00
      0.895  0.5017E-01  0.2782E+00  0.0000E+00
      0.964  0.1868E-01  0.1089E+00  0.0000E+00
      1.033  0.6050E-01  0.3020E+00  0.0000E+00
      1.103  0.7882E-02  0.8889E-01  0.0000E+00
      1.172  0.3247E-01  0.2365E+00  0.0000E+00
      1.241  0.2757E-01  0.1446E+00  0.0000E+00
      1.311  0.4343E-01  0.1670E+00  0.0000E+00
      1.380  0.2557E-01  0.2001E+00  0.0000E+00
      1.449  0.4187E-01  0.3896E+00  0.0000E+00
      1.519  0.1298E-01  0.9485E-01  0.0000E+00
      1.588  0.2525E-01  0.2332E+00  0.0000E+00
      1.657  0.6621E-01  0.4133E+00  0.0000E+00
      1.727  0.2380E-01  0.2673E+00  0.0000E+00
      1.796  0.2029E-01  0.3673E+00  0.0000E+00
      1.866  0.9383E-02  0.1819E+00  0.0000E+00
      1.935  0.5015E-02  0.6493E-01  0.0000E+00
      2.004  0.6596E-02  0.1014E+00  0.0000E+00
      2.074  0.2082E-01  0.2539E+00  0.0000E+00
      2.143  0.1188E-01  0.1719E+00  0.0000E+00
      2.212  0.1073E-01  0.1399E+00  0.0000E+00
      2.282  0.5679E-02  0.9969E-01  0.0000E+00
      2.351  0.9151E-02  0.2300E+00  0.0000E+00
      2.420  0.8307E-02  0.1412E+00  0.0000E+00
      2.490  0.7270E-02  0.1137E+00  0.0000E+00
      2.559  0.7314E-02  0.1203E+00  0.0000E+00
      2.628  0.1090E-01  0.1772E+00  0.0000E+00
      2.698  0.1707E-01  0.2583E+00  0.0000E+00
      2.767  0.8672E-02  0.1788E+00  0.0000E+00
      2.836  0.9275E-02  0.1649E+00  0.0000E+00
      2.906  0.9621E-02  0.1771E+00  0.0000E+00
      2.975  0.1340E-01  0.1869E+00  0.0000E+00
      3.044  0.1854E-01  0.3219E+00  0.0000E+00
      3.114  0.1191E-01  0.2903E+00  0.0000E+00
      3.183  0.1529E-01  0.2944E+00  0.0000E+00
      3.252  0.8506E-02  0.2018E+00  0.0000E+00
      3.322  0.6893E-02  0.2186E+00  0.0000E+00
      3.391  0.7268E-02  0.2338E+00  0.0000E+00
      3.460  0.1235E-01  0.1873E+00  0.0000E+00
      3.530  0.7962E-02  0.1639E+00  0.0000E+00
      3.599  0.9398E-02  0.2089E+00  0.0000E+00
      3.668  0.1656E-01  0.3458E+00  0.0000E+00
      3.738  0.1382E-01  0.2740E+00  0.0000E+00
      3.807  0.1311E-01  0.2128E+00  0.0000E+00
      3.876  0.1452E-01  0.2235E+00  0.0000E+00
      3.946  0.1216E-01  0.2338E+00  0.0000E+00
      4.015  0.1604E-01  0.2556E+00  0.0000E+00
      4.084  0.1280E-01  0.1915E+00  0.0000E+00
      4.154  0.1717E-01  0.2300E+00  0.0000E+00
      4.223  0.1419E-01  0.1609E+00  0.0000E+00
      4.292  0.1027E-01  0.1430E+00  0.0000E+00
      4.362  0.1599E-01  0.1682E+00  0.0000E+00
      4.431  0.1378E-01  0.1995E+00  0.0000E+00
      4.500  0.1539E-01  0.1693E+00  0.0000E+00
      4.570  0.1621E-01  0.2490E+00  0.0000E+00
      4.639  0.1427E-01  0.1142E+00  0.0000E+00
      4.708  0.1707E-01  0.1506E+00  0.0000E+00
      4.778  0.3443E-01  0.2291E+00  0.0000E+00
      4.847  0.1267E-01  0.1354E+00  0.0000E+00
      4.916  0.1107E-01  0.1405E+00  0.0000E+00
      4.986  0.3134E-01  0.2291E+00  0.0000E+00
      5.055  0.2899E-01  0.2740E+00  0.0000E+00
      5.124  0.4508E-01  0.3499E+00  0.0000E+00
      5.194  0.1254E-01  0.1566E+00  0.0000E+00
      5.263  0.2081E-01  0.1533E+00  0.0000E+00
      5.332  0.2115E-01  0.1734E+00  0.0000E+00
      5.402  0.1539E-01  0.2127E+00  0.0000E+00
      5.471  0.1027E-01  0.1519E+00  0.0000E+00
      5.540  0.1605E-01  0.1145E+00  0.0000E+00
      5.610  0.2746E-01  0.1390E+00  0.0000E+00
      5.679  0.3339E-01  0.1406E+00  0.0000E+00
      5.748  0.3101E-01  0.1293E+00  0.0000E+00
      5.818  0.2503E-01  0.1265E+00  0.0000E+00
      5.887  0.1627E-01  0.7348E-01  0.0000E+00
      5.956  0.1979E-01  0.6391E-01  0.0000E+00
      6.026  0.1160E-01  0.3321E-01  0.0000E+00
      6.095  0.1116E-01  0.2438E-01  0.0000E+00
      6.165  0.4577E-02  0.9975E-02  0.0000E+00
      6.234  0.6017E-02  0.1381E-01  0.0000E+00
      6.303  0.7427E-02  0.1719E-01  0.0000E+00
      6.373  0.7489E-02  0.1767E-01  0.0000E+00
      6.442  0.8017E-02  0.1910E-01  0.0000E+00
      6.511  0.5944E-02  0.1237E-01  0.0000E+00
      6.581  0.4594E-02  0.9418E-02  0.0000E+00
      6.650  0.2197E-02  0.4516E-02  0.0000E+00
      6.719  0.0000E+00  0.0000E+00  0.0000E+00
      6.789  0.0000E+00  0.0000E+00  0.0000E+00
      6.858  0.0000E+00  0.0000E+00  0.0000E+00
      6.927  0.0000E+00  0.0000E+00  0.0000E+00
      6.997  0.0000E+00  0.0000E+00  0.0000E+00
      7.066  0.0000E+00  0.0000E+00  0.0000E+00
      7.135  0.0000E+00  0.0000E+00  0.0000E+00
      7.205  0.0000E+00  0.0000E+00  0.0000E+00
      7.274  0.0000E+00  0.0000E+00  0.0000E+00
      7.343  0.0000E+00  0.0000E+00  0.0000E+00
      7.413  0.0000E+00  0.0000E+00  0.0000E+00
      7.482  0.0000E+00  0.0000E+00  0.0000E+00
      7.551  0.0000E+00  0.0000E+00  0.0000E+00
      7.621  0.0000E+00  0.0000E+00  0.0000E+00
      7.690  0.0000E+00  0.0000E+00  0.0000E+00
