    -13.112  0.0000E+00  0.0000E+00  0.0000E+00
    -13.042  0.0000E+00  0.0000E+00  0.0000E+00
    -12.973  0.0000E+00  0.0000E+00  0.0000E+00
    -12.904  0.0000E+00  0.0000E+00  0.0000E+00
    -12.834  0.0000E+00  0.0000E+00  0.0000E+00
    -12.765  0.0000E+00  0.0000E+00  0.0000E+00
    -12.696  0.0000E+00  0.0000E+00  0.0000E+00
    -12.626  0.0000E+00  0.0000E+00  0.0000E+00
    -12.557  0.0000E+00  0.0000E+00  0.0000E+00
    -12.488  0.0000E+00  0.0000E+00  0.0000E+00
    -12.418  0.0000E+00  0.0000E+00  0.0000E+00
    -12.349  0.0000E+00  0.0000E+00  0.0000E+00
    -12.280  0.0000E+00  0.0000E+00  0.0000E+00
    -12.210  0.0000E+00  0.0000E+00  0.0000E+00
    -12.141  0.0000E+00  0.0000E+00  0.0000E+00
    -12.072  0.3738E-01  0.2396E-03  0.0000E+00
    -12.002  0.4704E-01  0.3969E-03  0.0000E+00
    -11.933  0.4163E-01  0.4892E-03  0.0000E+00
    -11.864  0.3942E-01  0.6012E-03  0.0000E+00
    -11.794  0.4375E-01  0.7196E-03  0.0000E+00
    -11.725  0.4764E-01  0.6763E-03  0.0000E+00
    -11.656  0.4716E-01  0.7523E-03  0.0000E+00
    -11.586  0.4700E-01  0.8271E-03  0.0000E+00
    -11.517  0.1093E+00  0.4474E-02  0.0000E+00
    -11.448  0.5922E-01  0.2011E-02  0.0000E+00
    -11.378  0.9105E-01  0.3954E-02  0.0000E+00
    -11.309  0.1268E+00  0.6545E-02  0.0000E+00
    -11.240  0.1461E+00  0.7809E-02  0.0000E+00
    -11.170  0.6277E-01  0.3436E-02  0.0000E+00
    -11.101  0.8019E-01  0.4892E-02  0.0000E+00
    -11.032  0.9784E-01  0.5718E-02  0.0000E+00
    -10.962  0.1024E+00  0.5346E-02  0.0000E+00
    -10.893  0.1287E+00  0.6205E-02  0.0000E+00
    -10.823  0.1226E+00  0.6426E-02  0.0000E+00
    -10.754  0.1214E+00  0.6268E-02  0.0000E+00
    -10.685  0.2786E+00  0.8434E-02  0.0000E+00
    -10.615  0.1887E+00  0.5775E-02  0.0000E+00
    -10.546  0.2196E+00  0.7484E-02  0.0000E+00
    -10.477  0.2411E+00  0.7987E-02  0.0000E+00
    -10.407  0.3273E+00  0.1237E-01  0.0000E+00
    -10.338  0.5276E+00  0.2048E-01  0.0000E+00
    -10.269  0.2318E+00  0.8348E-02  0.0000E+00
    -10.199  0.4214E+00  0.1765E-01  0.0000E+00
    -10.130  0.3661E+00  0.1184E-01  0.0000E+00
    -10.061  0.5259E+00  0.1811E-01  0.0000E+00
     -9.991  0.4331E+00  0.1587E-01  0.0000E+00
     -9.922  0.3635E+00  0.1449E-01  0.0000E+00
     -9.853  0.3006E+00  0.1234E-01  0.0000E+00
     -9.783  0.2245E+00  0.9337E-02  0.0000E+00
     -9.714  0.1010E+00  0.3283E-02  0.0000E+00
     -9.645  0.9082E-01  0.3001E-02  0.0000E+00
     -9.575  0.7759E-01  0.2956E-02  0.0000E+00
     -9.506  0.7926E-01  0.2832E-02  0.0000E+00
     -9.437  0.1138E+00  0.3797E-02  0.0000E+00
     -9.367  0.6919E-01  0.2271E-02  0.0000E+00
     -9.298  0.0000E+00  0.0000E+00  0.0000E+00
     -9.229  0.1798E-03  0.3930E-02  0.0000E+00
     -9.159  0.6928E-03  0.8537E-02  0.0000E+00
     -9.090  0.9493E-03  0.7168E-02  0.0000E+00
     -9.021  0.1335E-02  0.9230E-02  0.0000E+00
     -8.951  0.4139E-02  0.1099E-01  0.0000E+00
     -8.882  0.1117E-01  0.1255E-01  0.0000E+00
     -8.813  0.4993E-01  0.2397E-01  0.0000E+00
     -8.743  0.2437E-01  0.1047E-01  0.0000E+00
     -8.674  0.2836E-01  0.6791E-02  0.0000E+00
     -8.605  0.2510E-01  0.1160E-01  0.0000E+00
     -8.535  0.1904E-01  0.9275E-02  0.0000E+00
     -8.466  0.1366E-01  0.7175E-02  0.0000E+00
     -8.397  0.2096E+00  0.1802E-01  0.0000E+00
     -8.327  0.2074E+00  0.1513E-01  0.0000E+00
     -8.258  0.2293E+00  0.1508E-01  0.0000E+00
     -8.189  0.3323E+00  0.1735E-01  0.0000E+00
     -8.119  0.3920E+00  0.1817E-01  0.0000E+00
     -8.050  0.5012E+00  0.1822E-01  0.0000E+00
     -7.981  0.5784E+00  0.1663E-01  0.0000E+00
     -7.911  0.6586E+00  0.1378E-01  0.0000E+00
     -7.842  0.5778E+00  0.9028E-02  0.0000E+00
     -7.773  0.5814E+00  0.1596E-01  0.0000E+00
     -7.703  0.3068E+00  0.8177E-02  0.0000E+00
     -7.634  0.6174E+00  0.2347E-01  0.0000E+00
     -7.565  0.2195E+00  0.9021E-02  0.0000E+00
     -7.495  0.2390E+00  0.7882E-02  0.0000E+00
     -7.426  0.4245E+00  0.1055E-01  0.0000E+00
     -7.357  0.6278E-01  0.3444E-02  0.0000E+00
     -7.287  0.6157E-01  0.5232E-02  0.0000E+00
     -7.218  0.3619E-01  0.6455E-02  0.0000E+00
     -7.149  0.3402E-01  0.5134E-02  0.0000E+00
     -7.079  0.2979E-01  0.4111E-02  0.0000E+00
     -7.010  0.5689E-02  0.1875E-02  0.0000E+00
     -6.941  0.0000E+00  0.0000E+00  0.0000E+00
     -6.871  0.0000E+00  0.0000E+00  0.0000E+00
     -6.802  0.0000E+00  0.0000E+00  0.0000E+00
     -6.732  0.0000E+00  0.0000E+00  0.0000E+00
     -6.663  0.0000E+00  0.0000E+00  0.0000E+00
     -6.594  0.0000E+00  0.0000E+00  0.0000E+00
     -6.524  0.0000E+00  0.0000E+00  0.0000E+00
     -6.455  0.0000E+00  0.0000E+00  0.0000E+00
     -6.386  0.0000E+00  0.0000E+00  0.0000E+00
     -6.316  0.0000E+00  0.0000E+00  0.0000E+00
     -6.247  0.0000E+00  0.0000E+00  0.0000E+00
     -6.178  0.0000E+00  0.0000E+00  0.0000E+00
     -6.108  0.0000E+00  0.0000E+00  0.0000E+00
     -6.039  0.0000E+00  0.0000E+00  0.0000E+00
     -5.970  0.0000E+00  0.0000E+00  0.0000E+00
     -5.900  0.0000E+00  0.0000E+00  0.0000E+00
     -5.831  0.0000E+00  0.0000E+00  0.0000E+00
     -5.762  0.0000E+00  0.0000E+00  0.0000E+00
     -5.692  0.0000E+00  0.0000E+00  0.0000E+00
     -5.623  0.0000E+00  0.0000E+00  0.0000E+00
     -5.554  0.0000E+00  0.0000E+00  0.0000E+00
     -5.484  0.0000E+00  0.0000E+00  0.0000E+00
     -5.415  0.0000E+00  0.0000E+00  0.0000E+00
     -5.346  0.0000E+00  0.0000E+00  0.0000E+00
     -5.276  0.0000E+00  0.0000E+00  0.0000E+00
     -5.207  0.0000E+00  0.0000E+00  0.0000E+00
     -5.138  0.0000E+00  0.0000E+00  0.0000E+00
     -5.068  0.7589E-02  0.2376E-01  0.0000E+00
     -4.999  0.4222E-02  0.2394E-01  0.0000E+00
     -4.930  0.3448E-02  0.3072E-01  0.0000E+00
     -4.860  0.4142E-02  0.6364E-01  0.0000E+00
     -4.791  0.4370E-02  0.7594E-01  0.0000E+00
     -4.722  0.4462E-02  0.9247E-01  0.0000E+00
     -4.652  0.5276E-02  0.1186E+00  0.0000E+00
     -4.583  0.1159E-01  0.2965E+00  0.0000E+00
     -4.514  0.7283E-02  0.1486E+00  0.0000E+00
     -4.444  0.1828E-01  0.3451E+00  0.0000E+00
     -4.375  0.1178E-01  0.1466E+00  0.0000E+00
     -4.306  0.2495E-01  0.2521E+00  0.0000E+00
     -4.236  0.3156E-01  0.2652E+00  0.0000E+00
     -4.167  0.8944E-02  0.1312E+00  0.0000E+00
     -4.098  0.4225E-01  0.6268E+00  0.0000E+00
     -4.028  0.1952E-02  0.3787E-01  0.0000E+00
     -3.959  0.1378E-01  0.1551E+00  0.0000E+00
     -3.890  0.3865E-01  0.3807E+00  0.0000E+00
     -3.820  0.1479E-01  0.1251E+00  0.0000E+00
     -3.751  0.6995E-01  0.4314E+00  0.0000E+00
     -3.682  0.3804E-01  0.1546E+00  0.0000E+00
     -3.612  0.3122E-01  0.2326E+00  0.0000E+00
     -3.543  0.3732E-01  0.1974E+00  0.0000E+00
     -3.474  0.5893E-01  0.2788E+00  0.0000E+00
     -3.404  0.1165E-01  0.1505E+00  0.0000E+00
     -3.335  0.2501E-02  0.5036E-01  0.0000E+00
     -3.266  0.4396E-01  0.2140E+00  0.0000E+00
     -3.196  0.4439E-01  0.2529E+00  0.0000E+00
     -3.127  0.2857E-01  0.2035E+00  0.0000E+00
     -3.058  0.1049E-01  0.8669E-01  0.0000E+00
     -2.988  0.1925E-01  0.1966E+00  0.0000E+00
     -2.919  0.1589E-01  0.1256E+00  0.0000E+00
     -2.850  0.2147E-01  0.1909E+00  0.0000E+00
     -2.780  0.2285E-01  0.2114E+00  0.0000E+00
     -2.711  0.1590E-01  0.2094E+00  0.0000E+00
     -2.642  0.2343E-01  0.2763E+00  0.0000E+00
     -2.572  0.1115E-01  0.1862E+00  0.0000E+00
     -2.503  0.1306E-01  0.2309E+00  0.0000E+00
     -2.433  0.1616E-01  0.2211E+00  0.0000E+00
     -2.364  0.2209E-01  0.4475E+00  0.0000E+00
     -2.295  0.7304E-02  0.2468E+00  0.0000E+00
     -2.225  0.1517E-01  0.4335E+00  0.0000E+00
     -2.156  0.5362E-02  0.1467E+00  0.0000E+00
     -2.087  0.1525E-01  0.5132E+00  0.0000E+00
     -2.017  0.1313E-01  0.5743E+00  0.0000E+00
     -1.948  0.1303E-01  0.3780E+00  0.0000E+00
     -1.879  0.1313E-01  0.3256E+00  0.0000E+00
     -1.809  0.1247E-01  0.4291E+00  0.0000E+00
     -1.740  0.7514E-02  0.3736E+00  0.0000E+00
     -1.671  0.6725E-02  0.3933E+00  0.0000E+00
     -1.601  0.1986E-01  0.6138E+00  0.0000E+00
     -1.532  0.7667E-02  0.3364E+00  0.0000E+00
     -1.463  0.1452E-01  0.3998E+00  0.0000E+00
     -1.393  0.1528E-01  0.3106E+00  0.0000E+00
     -1.324  0.1290E-01  0.4773E+00  0.0000E+00
     -1.255  0.5851E-02  0.2247E+00  0.0000E+00
     -1.185  0.6736E-02  0.2436E+00  0.0000E+00
     -1.116  0.5882E-02  0.1949E+00  0.0000E+00
     -1.047  0.2118E-02  0.9759E-01  0.0000E+00
     -0.977  0.5861E-02  0.1177E+00  0.0000E+00
     -0.908  0.8310E-02  0.1982E+00  0.0000E+00
     -0.839  0.6145E-02  0.1347E+00  0.0000E+00
     -0.769  0.5370E-02  0.1150E+00  0.0000E+00
     -0.700  0.5351E-02  0.1344E+00  0.0000E+00
     -0.631  0.7542E-02  0.1414E+00  0.0000E+00
     -0.561  0.5753E-02  0.8805E-01  0.0000E+00
     -0.492  0.2493E-02  0.3413E-01  0.0000E+00
     -0.423  0.9109E-02  0.1118E+00  0.0000E+00
     -0.353  0.7391E-02  0.5743E-01  0.0000E+00
     -0.284  0.6817E-02  0.7820E-01  0.0000E+00
     -0.215  0.4965E-02  0.1194E+00  0.0000E+00
     -0.145  0.6715E-02  0.7220E-01  0.0000E+00
     -0.076  0.5955E-02  0.7466E-01  0.0000E+00
     -0.007  0.8794E-02  0.9353E-01  0.0000E+00
      0.063  0.6941E-02  0.5437E-01  0.0000E+00
      0.132  0.1296E-01  0.1027E+00  0.0000E+00
      0.201  0.1117E-01  0.9924E-01  0.0000E+00
      0.271  0.4738E-02  0.5944E-01  0.0000E+00
      0.340  0.2054E-01  0.1146E+00  0.0000E+00
      0.409  0.3682E-02  0.3254E-01  0.0000E+00
      0.479  0.1454E-01  0.9286E-01  0.0000E+00
      0.548  0.5395E-02  0.7420E-01  0.0000E+00
      0.617  0.1583E-01  0.4674E-01  0.0000E+00
      0.687  0.2231E-01  0.7766E-01  0.0000E+00
      0.756  0.1623E-01  0.8875E-01  0.0000E+00
      0.825  0.1210E-01  0.6994E-01  0.0000E+00
      0.895  0.2066E-01  0.8497E-01  0.0000E+00
      0.964  0.1435E-01  0.6993E-01  0.0000E+00
      1.033  0.1678E-01  0.1064E+00  0.0000E+00
      1.103  0.9090E-02  0.4322E-01  0.0000E+00
      1.172  0.2545E-01  0.1122E+00  0.0000E+00
      1.241  0.2814E-01  0.5721E-01  0.0000E+00
      1.311  0.9499E-02  0.4910E-01  0.0000E+00
      1.380  0.4130E-01  0.9887E-01  0.0000E+00
      1.449  0.2269E-01  0.1163E+00  0.0000E+00
      1.519  0.1479E-01  0.6594E-01  0.0000E+00
      1.588  0.3875E-01  0.6980E-01  0.0000E+00
      1.657  0.3944E-01  0.2018E+00  0.0000E+00
      1.727  0.2272E-01  0.1660E+00  0.0000E+00
      1.796  0.3954E-01  0.2848E+00  0.0000E+00
      1.866  0.1656E-01  0.1536E+00  0.0000E+00
      1.935  0.1019E-01  0.9528E-01  0.0000E+00
      2.004  0.9838E-02  0.6764E-01  0.0000E+00
      2.074  0.1944E-01  0.1777E+00  0.0000E+00
      2.143  0.2687E-01  0.1721E+00  0.0000E+00
      2.212  0.1636E-01  0.1041E+00  0.0000E+00
      2.282  0.1514E-01  0.7738E-01  0.0000E+00
      2.351  0.1790E-01  0.1291E+00  0.0000E+00
      2.420  0.1697E-01  0.7587E-01  0.0000E+00
      2.490  0.1500E-01  0.7176E-01  0.0000E+00
      2.559  0.2909E-01  0.8376E-01  0.0000E+00
      2.628  0.3880E-01  0.1122E+00  0.0000E+00
      2.698  0.4822E-01  0.1659E+00  0.0000E+00
      2.767  0.3992E-01  0.1365E+00  0.0000E+00
      2.836  0.1921E-01  0.1065E+00  0.0000E+00
      2.906  0.3082E-01  0.1334E+00  0.0000E+00
      2.975  0.3001E-01  0.1268E+00  0.0000E+00
      3.044  0.4578E-01  0.1869E+00  0.0000E+00
      3.114  0.4721E-01  0.2010E+00  0.0000E+00
      3.183  0.4137E-01  0.1660E+00  0.0000E+00
      3.252  0.3753E-01  0.1580E+00  0.0000E+00
      3.322  0.2948E-01  0.1211E+00  0.0000E+00
      3.391  0.4295E-01  0.1168E+00  0.0000E+00
      3.460  0.7114E-01  0.1226E+00  0.0000E+00
      3.530  0.4250E-01  0.1034E+00  0.0000E+00
      3.599  0.5248E-01  0.1327E+00  0.0000E+00
      3.668  0.4775E-01  0.1918E+00  0.0000E+00
      3.738  0.2488E-01  0.1410E+00  0.0000E+00
      3.807  0.3216E-01  0.1459E+00  0.0000E+00
      3.876  0.2842E-01  0.1339E+00  0.0000E+00
      3.946  0.3066E-01  0.1872E+00  0.0000E+00
      4.015  0.4541E-01  0.3268E+00  0.0000E+00
      4.084  0.4262E-01  0.2059E+00  0.0000E+00
      4.154  0.3073E-01  0.1736E+00  0.0000E+00
      4.223  0.2233E-01  0.1773E+00  0.0000E+00
      4.292  0.2106E-01  0.1409E+00  0.0000E+00
      4.362  0.5216E-01  0.1718E+00  0.0000E+00
      4.431  0.3543E-01  0.2278E+00  0.0000E+00
      4.500  0.3768E-01  0.2693E+00  0.0000E+00
      4.570  0.3654E-01  0.3323E+00  0.0000E+00
      4.639  0.1346E-01  0.1281E+00  0.0000E+00
      4.708  0.3169E-01  0.1694E+00  0.0000E+00
      4.778  0.2150E-01  0.1942E+00  0.0000E+00
      4.847  0.1605E-01  0.8866E-01  0.0000E+00
      4.916  0.1785E-01  0.9790E-01  0.0000E+00
      4.986  0.1969E-01  0.1429E+00  0.0000E+00
      5.055  0.2415E-01  0.1335E+00  0.0000E+00
      5.124  0.4304E-01  0.3672E+00  0.0000E+00
      5.194  0.2363E-01  0.1546E+00  0.0000E+00
      5.263  0.1664E-01  0.1512E+00  0.0000E+00
      5.332  0.1738E-01  0.2067E+00  0.0000E+00
      5.402  0.1915E-01  0.1912E+00  0.0000E+00
      5.471  0.2908E-01  0.2799E+00  0.0000E+00
      5.540  0.4323E-01  0.3602E+00  0.0000E+00
      5.610  0.3753E-01  0.3761E+00  0.0000E+00
      5.679  0.5007E-01  0.5931E+00  0.0000E+00
      5.748  0.2683E-01  0.4083E+00  0.0000E+00
      5.818  0.2276E-01  0.2923E+00  0.0000E+00
      5.887  0.1583E-01  0.1868E+00  0.0000E+00
      5.956  0.2475E-01  0.2574E+00  0.0000E+00
      6.026  0.9628E-02  0.1022E+00  0.0000E+00
      6.095  0.4628E-02  0.6505E-01  0.0000E+00
      6.165  0.1885E-02  0.1889E-01  0.0000E+00
      6.234  0.2452E-02  0.2349E-01  0.0000E+00
      6.303  0.2782E-02  0.2599E-01  0.0000E+00
      6.373  0.2701E-02  0.2319E-01  0.0000E+00
      6.442  0.3042E-02  0.2117E-01  0.0000E+00
      6.511  0.2114E-02  0.1293E-01  0.0000E+00
      6.581  0.1248E-02  0.6495E-02  0.0000E+00
      6.650  0.5010E-03  0.3140E-02  0.0000E+00
      6.719  0.0000E+00  0.0000E+00  0.0000E+00
      6.789  0.0000E+00  0.0000E+00  0.0000E+00
      6.858  0.0000E+00  0.0000E+00  0.0000E+00
      6.927  0.0000E+00  0.0000E+00  0.0000E+00
      6.997  0.0000E+00  0.0000E+00  0.0000E+00
      7.066  0.0000E+00  0.0000E+00  0.0000E+00
      7.135  0.0000E+00  0.0000E+00  0.0000E+00
      7.205  0.0000E+00  0.0000E+00  0.0000E+00
      7.274  0.0000E+00  0.0000E+00  0.0000E+00
      7.343  0.0000E+00  0.0000E+00  0.0000E+00
      7.413  0.0000E+00  0.0000E+00  0.0000E+00
      7.482  0.0000E+00  0.0000E+00  0.0000E+00
      7.551  0.0000E+00  0.0000E+00  0.0000E+00
      7.621  0.0000E+00  0.0000E+00  0.0000E+00
      7.690  0.0000E+00  0.0000E+00  0.0000E+00
