    -13.112  0.0000E+00  0.0000E+00  0.0000E+00
    -13.042  0.0000E+00  0.0000E+00  0.0000E+00
    -12.973  0.0000E+00  0.0000E+00  0.0000E+00
    -12.904  0.0000E+00  0.0000E+00  0.0000E+00
    -12.834  0.0000E+00  0.0000E+00  0.0000E+00
    -12.765  0.0000E+00  0.0000E+00  0.0000E+00
    -12.696  0.0000E+00  0.0000E+00  0.0000E+00
    -12.626  0.0000E+00  0.0000E+00  0.0000E+00
    -12.557  0.0000E+00  0.0000E+00  0.0000E+00
    -12.488  0.0000E+00  0.0000E+00  0.0000E+00
    -12.418  0.0000E+00  0.0000E+00  0.0000E+00
    -12.349  0.0000E+00  0.0000E+00  0.0000E+00
    -12.280  0.0000E+00  0.0000E+00  0.0000E+00
    -12.210  0.0000E+00  0.0000E+00  0.0000E+00
    -12.141  0.0000E+00  0.0000E+00  0.0000E+00
    -12.072  0.6651E-01  0.8966E-03  0.0000E+00
    -12.002  0.8457E-01  0.1333E-02  0.0000E+00
    -11.933  0.7582E-01  0.1471E-02  0.0000E+00
    -11.864  0.7240E-01  0.1676E-02  0.0000E+00
    -11.794  0.8153E-01  0.2003E-02  0.0000E+00
    -11.725  0.8987E-01  0.2240E-02  0.0000E+00
    -11.656  0.8887E-01  0.2604E-02  0.0000E+00
    -11.586  0.8824E-01  0.2942E-02  0.0000E+00
    -11.517  0.1081E+00  0.6640E-02  0.0000E+00
    -11.448  0.7565E-01  0.4096E-02  0.0000E+00
    -11.378  0.8722E-01  0.6040E-02  0.0000E+00
    -11.309  0.1475E+00  0.7682E-02  0.0000E+00
    -11.240  0.1668E+00  0.9133E-02  0.0000E+00
    -11.170  0.4780E-01  0.4561E-02  0.0000E+00
    -11.101  0.4817E-01  0.5927E-02  0.0000E+00
    -11.032  0.8400E-01  0.7315E-02  0.0000E+00
    -10.962  0.1010E+00  0.6351E-02  0.0000E+00
    -10.893  0.1433E+00  0.7959E-02  0.0000E+00
    -10.823  0.1616E+00  0.9860E-02  0.0000E+00
    -10.754  0.1994E+00  0.1274E-01  0.0000E+00
    -10.685  0.2516E+00  0.2139E-01  0.0000E+00
    -10.615  0.1250E+00  0.1125E-01  0.0000E+00
    -10.546  0.8804E-01  0.9088E-02  0.0000E+00
    -10.477  0.1180E+00  0.1206E-01  0.0000E+00
    -10.407  0.9607E-01  0.1152E-01  0.0000E+00
    -10.338  0.1623E+00  0.1719E-01  0.0000E+00
    -10.269  0.1062E+00  0.1023E-01  0.0000E+00
    -10.199  0.8468E-01  0.8781E-02  0.0000E+00
    -10.130  0.2046E-01  0.4581E-02  0.0000E+00
    -10.061  0.3607E-01  0.8885E-02  0.0000E+00
     -9.991  0.2279E-01  0.5275E-02  0.0000E+00
     -9.922  0.2042E-01  0.4625E-02  0.0000E+00
     -9.853  0.1575E-01  0.3796E-02  0.0000E+00
     -9.783  0.9274E-02  0.2952E-02  0.0000E+00
     -9.714  0.5634E-02  0.1235E-02  0.0000E+00
     -9.645  0.5150E-02  0.1065E-02  0.0000E+00
     -9.575  0.6102E-02  0.1080E-02  0.0000E+00
     -9.506  0.5086E-02  0.9529E-03  0.0000E+00
     -9.437  0.5850E-02  0.1168E-02  0.0000E+00
     -9.367  0.3378E-02  0.6848E-03  0.0000E+00
     -9.298  0.0000E+00  0.0000E+00  0.0000E+00
     -9.229  0.1185E+00  0.8483E-04  0.0000E+00
     -9.159  0.2664E+00  0.3969E-03  0.0000E+00
     -9.090  0.2341E+00  0.6607E-03  0.0000E+00
     -9.021  0.3410E+00  0.8729E-03  0.0000E+00
     -8.951  0.4911E+00  0.1490E-02  0.0000E+00
     -8.882  0.6750E+00  0.2278E-02  0.0000E+00
     -8.813  0.1485E+01  0.6448E-02  0.0000E+00
     -8.743  0.7094E+00  0.3139E-02  0.0000E+00
     -8.674  0.4907E+00  0.3560E-02  0.0000E+00
     -8.605  0.7423E+00  0.5424E-02  0.0000E+00
     -8.535  0.6200E+00  0.4524E-02  0.0000E+00
     -8.466  0.4766E+00  0.3802E-02  0.0000E+00
     -8.397  0.3856E+00  0.1435E-01  0.0000E+00
     -8.327  0.3989E+00  0.1205E-01  0.0000E+00
     -8.258  0.3602E+00  0.1309E-01  0.0000E+00
     -8.189  0.3223E+00  0.1511E-01  0.0000E+00
     -8.119  0.3914E+00  0.1549E-01  0.0000E+00
     -8.050  0.2489E+00  0.1551E-01  0.0000E+00
     -7.981  0.1252E+00  0.1152E-01  0.0000E+00
     -7.911  0.1141E+00  0.1001E-01  0.0000E+00
     -7.842  0.5333E-01  0.6018E-02  0.0000E+00
     -7.773  0.1112E+00  0.1050E-01  0.0000E+00
     -7.703  0.9354E-01  0.8980E-02  0.0000E+00
     -7.634  0.3016E+00  0.2199E-01  0.0000E+00
     -7.565  0.2573E+00  0.1124E-01  0.0000E+00
     -7.495  0.1483E+00  0.6719E-02  0.0000E+00
     -7.426  0.1402E+00  0.4667E-02  0.0000E+00
     -7.357  0.5374E-01  0.2246E-02  0.0000E+00
     -7.287  0.1632E+00  0.5747E-02  0.0000E+00
     -7.218  0.3329E-02  0.3679E-03  0.0000E+00
     -7.149  0.2644E-02  0.2559E-03  0.0000E+00
     -7.079  0.2483E-02  0.1596E-03  0.0000E+00
     -7.010  0.1159E-02  0.6087E-04  0.0000E+00
     -6.941  0.0000E+00  0.0000E+00  0.0000E+00
     -6.871  0.0000E+00  0.0000E+00  0.0000E+00
     -6.802  0.0000E+00  0.0000E+00  0.0000E+00
     -6.732  0.0000E+00  0.0000E+00  0.0000E+00
     -6.663  0.0000E+00  0.0000E+00  0.0000E+00
     -6.594  0.0000E+00  0.0000E+00  0.0000E+00
     -6.524  0.0000E+00  0.0000E+00  0.0000E+00
     -6.455  0.0000E+00  0.0000E+00  0.0000E+00
     -6.386  0.0000E+00  0.0000E+00  0.0000E+00
     -6.316  0.0000E+00  0.0000E+00  0.0000E+00
     -6.247  0.0000E+00  0.0000E+00  0.0000E+00
     -6.178  0.0000E+00  0.0000E+00  0.0000E+00
     -6.108  0.0000E+00  0.0000E+00  0.0000E+00
     -6.039  0.0000E+00  0.0000E+00  0.0000E+00
     -5.970  0.0000E+00  0.0000E+00  0.0000E+00
     -5.900  0.0000E+00  0.0000E+00  0.0000E+00
     -5.831  0.0000E+00  0.0000E+00  0.0000E+00
     -5.762  0.0000E+00  0.0000E+00  0.0000E+00
     -5.692  0.0000E+00  0.0000E+00  0.0000E+00
     -5.623  0.0000E+00  0.0000E+00  0.0000E+00
     -5.554  0.0000E+00  0.0000E+00  0.0000E+00
     -5.484  0.0000E+00  0.0000E+00  0.0000E+00
     -5.415  0.0000E+00  0.0000E+00  0.0000E+00
     -5.346  0.0000E+00  0.0000E+00  0.0000E+00
     -5.276  0.0000E+00  0.0000E+00  0.0000E+00
     -5.207  0.0000E+00  0.0000E+00  0.0000E+00
     -5.138  0.0000E+00  0.0000E+00  0.0000E+00
     -5.068  0.9718E-02  0.6705E-01  0.0000E+00
     -4.999  0.6341E-02  0.5521E-01  0.0000E+00
     -4.930  0.5808E-02  0.5965E-01  0.0000E+00
     -4.860  0.6688E-02  0.6749E-01  0.0000E+00
     -4.791  0.6748E-02  0.7198E-01  0.0000E+00
     -4.722  0.6808E-02  0.9268E-01  0.0000E+00
     -4.652  0.7450E-02  0.1179E+00  0.0000E+00
     -4.583  0.6957E-02  0.3399E+00  0.0000E+00
     -4.514  0.5970E-02  0.2073E+00  0.0000E+00
     -4.444  0.1620E-01  0.2968E+00  0.0000E+00
     -4.375  0.5065E-02  0.2220E+00  0.0000E+00
     -4.306  0.2033E-01  0.2793E+00  0.0000E+00
     -4.236  0.2116E-01  0.3043E+00  0.0000E+00
     -4.167  0.1223E-01  0.1723E+00  0.0000E+00
     -4.098  0.9117E-01  0.9417E+00  0.0000E+00
     -4.028  0.2570E-02  0.2174E-01  0.0000E+00
     -3.959  0.2243E-01  0.1036E+00  0.0000E+00
     -3.890  0.5928E-01  0.3318E+00  0.0000E+00
     -3.820  0.2591E-01  0.7269E-01  0.0000E+00
     -3.751  0.9860E-01  0.2123E+00  0.0000E+00
     -3.682  0.3349E-01  0.1142E+00  0.0000E+00
     -3.612  0.5537E-01  0.1795E+00  0.0000E+00
     -3.543  0.5152E-01  0.1267E+00  0.0000E+00
     -3.474  0.4724E-01  0.2218E+00  0.0000E+00
     -3.404  0.3982E-01  0.1044E+00  0.0000E+00
     -3.335  0.1208E-01  0.3197E-01  0.0000E+00
     -3.266  0.2641E-01  0.1231E+00  0.0000E+00
     -3.196  0.3711E-01  0.1358E+00  0.0000E+00
     -3.127  0.3563E-01  0.1639E+00  0.0000E+00
     -3.058  0.1298E-01  0.6677E-01  0.0000E+00
     -2.988  0.4348E-01  0.1731E+00  0.0000E+00
     -2.919  0.2608E-01  0.1725E+00  0.0000E+00
     -2.850  0.2864E-01  0.3069E+00  0.0000E+00
     -2.780  0.1887E-01  0.1920E+00  0.0000E+00
     -2.711  0.2066E-01  0.2874E+00  0.0000E+00
     -2.642  0.1398E-01  0.2152E+00  0.0000E+00
     -2.572  0.1387E-01  0.2125E+00  0.0000E+00
     -2.503  0.2322E-01  0.2620E+00  0.0000E+00
     -2.433  0.1821E-01  0.3087E+00  0.0000E+00
     -2.364  0.3263E-01  0.4068E+00  0.0000E+00
     -2.295  0.1810E-01  0.2305E+00  0.0000E+00
     -2.225  0.1979E-01  0.2812E+00  0.0000E+00
     -2.156  0.6881E-02  0.1006E+00  0.0000E+00
     -2.087  0.2926E-01  0.5434E+00  0.0000E+00
     -2.017  0.2603E-01  0.3740E+00  0.0000E+00
     -1.948  0.1260E-01  0.3493E+00  0.0000E+00
     -1.879  0.7553E-02  0.3090E+00  0.0000E+00
     -1.809  0.9609E-02  0.3508E+00  0.0000E+00
     -1.740  0.1335E-01  0.3225E+00  0.0000E+00
     -1.671  0.2412E-01  0.2429E+00  0.0000E+00
     -1.601  0.2134E-01  0.4260E+00  0.0000E+00
     -1.532  0.1856E-01  0.3454E+00  0.0000E+00
     -1.463  0.2866E-01  0.5741E+00  0.0000E+00
     -1.393  0.1322E-01  0.3524E+00  0.0000E+00
     -1.324  0.1976E-01  0.3660E+00  0.0000E+00
     -1.255  0.4990E-02  0.1362E+00  0.0000E+00
     -1.185  0.3858E-02  0.2046E+00  0.0000E+00
     -1.116  0.6695E-02  0.2355E+00  0.0000E+00
     -1.047  0.2764E-02  0.7205E-01  0.0000E+00
     -0.977  0.8794E-02  0.1735E+00  0.0000E+00
     -0.908  0.9408E-02  0.1777E+00  0.0000E+00
     -0.839  0.7758E-02  0.1730E+00  0.0000E+00
     -0.769  0.6170E-02  0.1844E+00  0.0000E+00
     -0.700  0.3922E-02  0.1064E+00  0.0000E+00
     -0.631  0.7553E-02  0.2237E+00  0.0000E+00
     -0.561  0.1040E-01  0.1671E+00  0.0000E+00
     -0.492  0.5849E-02  0.5151E-01  0.0000E+00
     -0.423  0.1111E-01  0.2321E+00  0.0000E+00
     -0.353  0.8153E-02  0.1143E+00  0.0000E+00
     -0.284  0.9960E-02  0.1288E+00  0.0000E+00
     -0.215  0.8188E-02  0.1619E+00  0.0000E+00
     -0.145  0.6954E-02  0.9992E-01  0.0000E+00
     -0.076  0.3972E-02  0.1087E+00  0.0000E+00
     -0.007  0.1055E-01  0.9182E-01  0.0000E+00
      0.063  0.6295E-02  0.5780E-01  0.0000E+00
      0.132  0.1344E-01  0.1507E+00  0.0000E+00
      0.201  0.1312E-01  0.1059E+00  0.0000E+00
      0.271  0.4984E-02  0.5806E-01  0.0000E+00
      0.340  0.2298E-01  0.1086E+00  0.0000E+00
      0.409  0.4397E-02  0.3536E-01  0.0000E+00
      0.479  0.1898E-01  0.9199E-01  0.0000E+00
      0.548  0.1023E-01  0.4927E-01  0.0000E+00
      0.617  0.1482E-01  0.3424E-01  0.0000E+00
      0.687  0.2204E-01  0.6100E-01  0.0000E+00
      0.756  0.2253E-01  0.7103E-01  0.0000E+00
      0.825  0.1884E-01  0.4915E-01  0.0000E+00
      0.895  0.5274E-01  0.9041E-01  0.0000E+00
      0.964  0.3767E-01  0.1027E+00  0.0000E+00
      1.033  0.3436E-01  0.1682E+00  0.0000E+00
      1.103  0.1246E-01  0.9550E-01  0.0000E+00
      1.172  0.3883E-01  0.2004E+00  0.0000E+00
      1.241  0.1582E-01  0.7106E-01  0.0000E+00
      1.311  0.3104E-01  0.7208E-01  0.0000E+00
      1.380  0.4172E-01  0.1439E+00  0.0000E+00
      1.449  0.3381E-01  0.1266E+00  0.0000E+00
      1.519  0.2781E-01  0.8922E-01  0.0000E+00
      1.588  0.1828E-01  0.8642E-01  0.0000E+00
      1.657  0.3792E-01  0.2081E+00  0.0000E+00
      1.727  0.2635E-01  0.1543E+00  0.0000E+00
      1.796  0.5674E-01  0.1698E+00  0.0000E+00
      1.866  0.4564E-01  0.9287E-01  0.0000E+00
      1.935  0.1288E-01  0.4571E-01  0.0000E+00
      2.004  0.1591E-01  0.6690E-01  0.0000E+00
      2.074  0.4217E-01  0.1396E+00  0.0000E+00
      2.143  0.3314E-01  0.1337E+00  0.0000E+00
      2.212  0.3551E-01  0.8811E-01  0.0000E+00
      2.282  0.3018E-01  0.6686E-01  0.0000E+00
      2.351  0.4607E-01  0.1429E+00  0.0000E+00
      2.420  0.3210E-01  0.1075E+00  0.0000E+00
      2.490  0.2865E-01  0.8734E-01  0.0000E+00
      2.559  0.2815E-01  0.1043E+00  0.0000E+00
      2.628  0.4409E-01  0.1569E+00  0.0000E+00
      2.698  0.5091E-01  0.2076E+00  0.0000E+00
      2.767  0.5724E-01  0.1677E+00  0.0000E+00
      2.836  0.4124E-01  0.1457E+00  0.0000E+00
      2.906  0.3488E-01  0.1697E+00  0.0000E+00
      2.975  0.3451E-01  0.1687E+00  0.0000E+00
      3.044  0.4282E-01  0.2622E+00  0.0000E+00
      3.114  0.5640E-01  0.2226E+00  0.0000E+00
      3.183  0.4099E-01  0.2266E+00  0.0000E+00
      3.252  0.2734E-01  0.2512E+00  0.0000E+00
      3.322  0.1918E-01  0.2718E+00  0.0000E+00
      3.391  0.2016E-01  0.2485E+00  0.0000E+00
      3.460  0.2741E-01  0.2243E+00  0.0000E+00
      3.530  0.2530E-01  0.1596E+00  0.0000E+00
      3.599  0.2570E-01  0.2236E+00  0.0000E+00
      3.668  0.5072E-01  0.2741E+00  0.0000E+00
      3.738  0.3737E-01  0.1916E+00  0.0000E+00
      3.807  0.2566E-01  0.1797E+00  0.0000E+00
      3.876  0.3115E-01  0.2037E+00  0.0000E+00
      3.946  0.3977E-01  0.2405E+00  0.0000E+00
      4.015  0.3499E-01  0.3849E+00  0.0000E+00
      4.084  0.2911E-01  0.2397E+00  0.0000E+00
      4.154  0.3359E-01  0.2481E+00  0.0000E+00
      4.223  0.2331E-01  0.2048E+00  0.0000E+00
      4.292  0.1839E-01  0.1425E+00  0.0000E+00
      4.362  0.2078E-01  0.2847E+00  0.0000E+00
      4.431  0.2097E-01  0.2324E+00  0.0000E+00
      4.500  0.1943E-01  0.2125E+00  0.0000E+00
      4.570  0.4052E-01  0.2364E+00  0.0000E+00
      4.639  0.1655E-01  0.1319E+00  0.0000E+00
      4.708  0.2177E-01  0.2677E+00  0.0000E+00
      4.778  0.2529E-01  0.2819E+00  0.0000E+00
      4.847  0.1472E-01  0.1802E+00  0.0000E+00
      4.916  0.1257E-01  0.2564E+00  0.0000E+00
      4.986  0.1751E-01  0.4492E+00  0.0000E+00
      5.055  0.1868E-01  0.3625E+00  0.0000E+00
      5.124  0.3314E-01  0.5836E+00  0.0000E+00
      5.194  0.1739E-01  0.2371E+00  0.0000E+00
      5.263  0.1232E-01  0.1814E+00  0.0000E+00
      5.332  0.1352E-01  0.2377E+00  0.0000E+00
      5.402  0.2407E-01  0.2758E+00  0.0000E+00
      5.471  0.1666E-01  0.1902E+00  0.0000E+00
      5.540  0.1194E-01  0.1249E+00  0.0000E+00
      5.610  0.1596E-01  0.1399E+00  0.0000E+00
      5.679  0.1641E-01  0.1619E+00  0.0000E+00
      5.748  0.1131E-01  0.1685E+00  0.0000E+00
      5.818  0.1059E-01  0.1466E+00  0.0000E+00
      5.887  0.9431E-02  0.7757E-01  0.0000E+00
      5.956  0.1568E-01  0.9395E-01  0.0000E+00
      6.026  0.6259E-02  0.3916E-01  0.0000E+00
      6.095  0.3796E-02  0.2815E-01  0.0000E+00
      6.165  0.1678E-02  0.1176E-01  0.0000E+00
      6.234  0.2179E-02  0.1547E-01  0.0000E+00
      6.303  0.2565E-02  0.1708E-01  0.0000E+00
      6.373  0.2473E-02  0.1516E-01  0.0000E+00
      6.442  0.2234E-02  0.1463E-01  0.0000E+00
      6.511  0.1362E-02  0.9662E-02  0.0000E+00
      6.581  0.7519E-03  0.5844E-02  0.0000E+00
      6.650  0.3082E-03  0.2660E-02  0.0000E+00
      6.719  0.0000E+00  0.0000E+00  0.0000E+00
      6.789  0.0000E+00  0.0000E+00  0.0000E+00
      6.858  0.0000E+00  0.0000E+00  0.0000E+00
      6.927  0.0000E+00  0.0000E+00  0.0000E+00
      6.997  0.0000E+00  0.0000E+00  0.0000E+00
      7.066  0.0000E+00  0.0000E+00  0.0000E+00
      7.135  0.0000E+00  0.0000E+00  0.0000E+00
      7.205  0.0000E+00  0.0000E+00  0.0000E+00
      7.274  0.0000E+00  0.0000E+00  0.0000E+00
      7.343  0.0000E+00  0.0000E+00  0.0000E+00
      7.413  0.0000E+00  0.0000E+00  0.0000E+00
      7.482  0.0000E+00  0.0000E+00  0.0000E+00
      7.551  0.0000E+00  0.0000E+00  0.0000E+00
      7.621  0.0000E+00  0.0000E+00  0.0000E+00
      7.690  0.0000E+00  0.0000E+00  0.0000E+00
