    -13.112  0.0000E+00  0.0000E+00  0.0000E+00
    -13.042  0.0000E+00  0.0000E+00  0.0000E+00
    -12.973  0.0000E+00  0.0000E+00  0.0000E+00
    -12.904  0.0000E+00  0.0000E+00  0.0000E+00
    -12.834  0.0000E+00  0.0000E+00  0.0000E+00
    -12.765  0.0000E+00  0.0000E+00  0.0000E+00
    -12.696  0.0000E+00  0.0000E+00  0.0000E+00
    -12.626  0.0000E+00  0.0000E+00  0.0000E+00
    -12.557  0.0000E+00  0.0000E+00  0.0000E+00
    -12.488  0.0000E+00  0.0000E+00  0.0000E+00
    -12.418  0.0000E+00  0.0000E+00  0.0000E+00
    -12.349  0.0000E+00  0.0000E+00  0.0000E+00
    -12.280  0.0000E+00  0.0000E+00  0.0000E+00
    -12.210  0.0000E+00  0.0000E+00  0.0000E+00
    -12.141  0.0000E+00  0.0000E+00  0.0000E+00
    -12.072  0.2205E-01  0.6268E-03  0.0000E+00
    -12.002  0.2769E-01  0.8437E-03  0.0000E+00
    -11.933  0.2610E-01  0.8495E-03  0.0000E+00
    -11.864  0.2776E-01  0.9258E-03  0.0000E+00
    -11.794  0.3000E-01  0.1057E-02  0.0000E+00
    -11.725  0.2252E-01  0.9794E-03  0.0000E+00
    -11.656  0.2249E-01  0.1039E-02  0.0000E+00
    -11.586  0.2316E-01  0.1111E-02  0.0000E+00
    -11.517  0.1347E+00  0.2098E-02  0.0000E+00
    -11.448  0.5702E-01  0.1408E-02  0.0000E+00
    -11.378  0.1174E+00  0.2216E-02  0.0000E+00
    -11.309  0.1817E+00  0.3391E-02  0.0000E+00
    -11.240  0.1972E+00  0.4075E-02  0.0000E+00
    -11.170  0.7767E-01  0.2034E-02  0.0000E+00
    -11.101  0.1208E+00  0.3133E-02  0.0000E+00
    -11.032  0.1288E+00  0.3889E-02  0.0000E+00
    -10.962  0.1152E+00  0.3996E-02  0.0000E+00
    -10.893  0.1401E+00  0.5024E-02  0.0000E+00
    -10.823  0.1439E+00  0.4998E-02  0.0000E+00
    -10.754  0.1374E+00  0.5766E-02  0.0000E+00
    -10.685  0.1612E+00  0.1448E-01  0.0000E+00
    -10.615  0.9520E-01  0.9524E-02  0.0000E+00
    -10.546  0.1121E+00  0.1035E-01  0.0000E+00
    -10.477  0.1560E+00  0.1170E-01  0.0000E+00
    -10.407  0.3287E+00  0.1804E-01  0.0000E+00
    -10.338  0.4566E+00  0.2403E-01  0.0000E+00
    -10.269  0.2142E+00  0.1395E-01  0.0000E+00
    -10.199  0.3981E+00  0.2309E-01  0.0000E+00
    -10.130  0.2622E+00  0.1799E-01  0.0000E+00
    -10.061  0.3202E+00  0.3041E-01  0.0000E+00
     -9.991  0.3240E+00  0.2311E-01  0.0000E+00
     -9.922  0.3307E+00  0.2201E-01  0.0000E+00
     -9.853  0.2557E+00  0.1695E-01  0.0000E+00
     -9.783  0.1760E+00  0.1171E-01  0.0000E+00
     -9.714  0.5036E-01  0.6765E-02  0.0000E+00
     -9.645  0.4451E-01  0.5942E-02  0.0000E+00
     -9.575  0.3449E-01  0.5779E-02  0.0000E+00
     -9.506  0.3612E-01  0.5412E-02  0.0000E+00
     -9.437  0.5147E-01  0.7063E-02  0.0000E+00
     -9.367  0.3070E-01  0.4214E-02  0.0000E+00
     -9.298  0.0000E+00  0.0000E+00  0.0000E+00
     -9.229  0.4337E-01  0.1483E-03  0.0000E+00
     -9.159  0.9573E-01  0.3512E-03  0.0000E+00
     -9.090  0.1015E+00  0.3821E-03  0.0000E+00
     -9.021  0.1007E+00  0.4611E-03  0.0000E+00
     -8.951  0.1237E+00  0.8272E-03  0.0000E+00
     -8.882  0.1575E+00  0.1370E-02  0.0000E+00
     -8.813  0.2303E+00  0.3692E-02  0.0000E+00
     -8.743  0.7885E-01  0.1796E-02  0.0000E+00
     -8.674  0.6832E-01  0.1921E-02  0.0000E+00
     -8.605  0.9930E-01  0.2188E-02  0.0000E+00
     -8.535  0.7322E-01  0.1654E-02  0.0000E+00
     -8.466  0.6029E-01  0.1295E-02  0.0000E+00
     -8.397  0.3408E+00  0.7338E-02  0.0000E+00
     -8.327  0.2794E+00  0.6181E-02  0.0000E+00
     -8.258  0.3183E+00  0.6902E-02  0.0000E+00
     -8.189  0.4006E+00  0.8617E-02  0.0000E+00
     -8.119  0.4490E+00  0.9667E-02  0.0000E+00
     -8.050  0.5581E+00  0.1541E-01  0.0000E+00
     -7.981  0.5362E+00  0.1712E-01  0.0000E+00
     -7.911  0.5326E+00  0.2116E-01  0.0000E+00
     -7.842  0.3902E+00  0.1326E-01  0.0000E+00
     -7.773  0.4238E+00  0.2700E-01  0.0000E+00
     -7.703  0.2315E+00  0.1313E-01  0.0000E+00
     -7.634  0.5268E+00  0.3265E-01  0.0000E+00
     -7.565  0.2218E+00  0.1557E-01  0.0000E+00
     -7.495  0.2064E+00  0.1398E-01  0.0000E+00
     -7.426  0.3673E+00  0.1577E-01  0.0000E+00
     -7.357  0.8772E-01  0.5426E-02  0.0000E+00
     -7.287  0.1263E+00  0.8035E-02  0.0000E+00
     -7.218  0.1366E+00  0.7613E-02  0.0000E+00
     -7.149  0.1209E+00  0.5164E-02  0.0000E+00
     -7.079  0.1044E+00  0.3805E-02  0.0000E+00
     -7.010  0.3911E-01  0.1906E-02  0.0000E+00
     -6.941  0.0000E+00  0.0000E+00  0.0000E+00
     -6.871  0.0000E+00  0.0000E+00  0.0000E+00
     -6.802  0.0000E+00  0.0000E+00  0.0000E+00
     -6.732  0.0000E+00  0.0000E+00  0.0000E+00
     -6.663  0.0000E+00  0.0000E+00  0.0000E+00
     -6.594  0.0000E+00  0.0000E+00  0.0000E+00
     -6.524  0.0000E+00  0.0000E+00  0.0000E+00
     -6.455  0.0000E+00  0.0000E+00  0.0000E+00
     -6.386  0.0000E+00  0.0000E+00  0.0000E+00
     -6.316  0.0000E+00  0.0000E+00  0.0000E+00
     -6.247  0.0000E+00  0.0000E+00  0.0000E+00
     -6.178  0.0000E+00  0.0000E+00  0.0000E+00
     -6.108  0.0000E+00  0.0000E+00  0.0000E+00
     -6.039  0.0000E+00  0.0000E+00  0.0000E+00
     -5.970  0.0000E+00  0.0000E+00  0.0000E+00
     -5.900  0.0000E+00  0.0000E+00  0.0000E+00
     -5.831  0.0000E+00  0.0000E+00  0.0000E+00
     -5.762  0.0000E+00  0.0000E+00  0.0000E+00
     -5.692  0.0000E+00  0.0000E+00  0.0000E+00
     -5.623  0.0000E+00  0.0000E+00  0.0000E+00
     -5.554  0.0000E+00  0.0000E+00  0.0000E+00
     -5.484  0.0000E+00  0.0000E+00  0.0000E+00
     -5.415  0.0000E+00  0.0000E+00  0.0000E+00
     -5.346  0.0000E+00  0.0000E+00  0.0000E+00
     -5.276  0.0000E+00  0.0000E+00  0.0000E+00
     -5.207  0.0000E+00  0.0000E+00  0.0000E+00
     -5.138  0.0000E+00  0.0000E+00  0.0000E+00
     -5.068  0.3741E-02  0.1008E-01  0.0000E+00
     -4.999  0.2181E-02  0.1053E-01  0.0000E+00
     -4.930  0.1910E-02  0.1498E-01  0.0000E+00
     -4.860  0.4418E-02  0.5103E-01  0.0000E+00
     -4.791  0.5605E-02  0.6386E-01  0.0000E+00
     -4.722  0.7575E-02  0.7473E-01  0.0000E+00
     -4.652  0.1057E-01  0.9547E-01  0.0000E+00
     -4.583  0.3271E-01  0.2223E+00  0.0000E+00
     -4.514  0.1608E-01  0.1359E+00  0.0000E+00
     -4.444  0.2579E-01  0.2790E+00  0.0000E+00
     -4.375  0.6490E-02  0.1045E+00  0.0000E+00
     -4.306  0.1222E-01  0.1750E+00  0.0000E+00
     -4.236  0.1374E-01  0.2154E+00  0.0000E+00
     -4.167  0.1010E-01  0.9154E-01  0.0000E+00
     -4.098  0.5812E-01  0.4634E+00  0.0000E+00
     -4.028  0.1708E-02  0.4189E-01  0.0000E+00
     -3.959  0.1614E-01  0.1624E+00  0.0000E+00
     -3.890  0.3659E-01  0.4177E+00  0.0000E+00
     -3.820  0.1020E-01  0.1259E+00  0.0000E+00
     -3.751  0.3594E-01  0.4744E+00  0.0000E+00
     -3.682  0.2047E-01  0.1563E+00  0.0000E+00
     -3.612  0.2819E-01  0.2225E+00  0.0000E+00
     -3.543  0.2925E-01  0.2253E+00  0.0000E+00
     -3.474  0.2545E-01  0.3124E+00  0.0000E+00
     -3.404  0.1280E-01  0.2036E+00  0.0000E+00
     -3.335  0.3756E-02  0.4814E-01  0.0000E+00
     -3.266  0.3731E-01  0.2597E+00  0.0000E+00
     -3.196  0.4833E-01  0.2283E+00  0.0000E+00
     -3.127  0.3766E-01  0.2161E+00  0.0000E+00
     -3.058  0.1166E-01  0.9132E-01  0.0000E+00
     -2.988  0.2530E-01  0.1574E+00  0.0000E+00
     -2.919  0.1658E-01  0.1140E+00  0.0000E+00
     -2.850  0.2608E-01  0.1982E+00  0.0000E+00
     -2.780  0.1612E-01  0.1812E+00  0.0000E+00
     -2.711  0.1675E-01  0.2361E+00  0.0000E+00
     -2.642  0.2091E-01  0.2649E+00  0.0000E+00
     -2.572  0.1328E-01  0.1982E+00  0.0000E+00
     -2.503  0.1595E-01  0.1849E+00  0.0000E+00
     -2.433  0.1206E-01  0.2238E+00  0.0000E+00
     -2.364  0.2925E-01  0.3026E+00  0.0000E+00
     -2.295  0.1351E-01  0.1433E+00  0.0000E+00
     -2.225  0.1637E-01  0.2315E+00  0.0000E+00
     -2.156  0.4770E-02  0.1173E+00  0.0000E+00
     -2.087  0.3763E-01  0.4710E+00  0.0000E+00
     -2.017  0.2444E-01  0.6479E+00  0.0000E+00
     -1.948  0.2319E-01  0.3698E+00  0.0000E+00
     -1.879  0.2014E-01  0.2861E+00  0.0000E+00
     -1.809  0.1987E-01  0.3246E+00  0.0000E+00
     -1.740  0.1954E-01  0.2781E+00  0.0000E+00
     -1.671  0.1444E-01  0.3460E+00  0.0000E+00
     -1.601  0.2839E-01  0.5307E+00  0.0000E+00
     -1.532  0.2367E-01  0.3135E+00  0.0000E+00
     -1.463  0.2571E-01  0.4788E+00  0.0000E+00
     -1.393  0.1978E-01  0.4150E+00  0.0000E+00
     -1.324  0.2472E-01  0.6246E+00  0.0000E+00
     -1.255  0.1084E-01  0.2103E+00  0.0000E+00
     -1.185  0.9958E-02  0.2920E+00  0.0000E+00
     -1.116  0.3855E-02  0.1676E+00  0.0000E+00
     -1.047  0.1715E-02  0.6337E-01  0.0000E+00
     -0.977  0.4743E-02  0.1565E+00  0.0000E+00
     -0.908  0.1191E-01  0.2550E+00  0.0000E+00
     -0.839  0.7068E-02  0.1792E+00  0.0000E+00
     -0.769  0.7756E-02  0.1648E+00  0.0000E+00
     -0.700  0.2127E-01  0.1712E+00  0.0000E+00
     -0.631  0.2621E-01  0.2071E+00  0.0000E+00
     -0.561  0.1182E-01  0.1583E+00  0.0000E+00
     -0.492  0.2315E-02  0.3428E-01  0.0000E+00
     -0.423  0.7975E-02  0.9893E-01  0.0000E+00
     -0.353  0.7249E-02  0.8969E-01  0.0000E+00
     -0.284  0.9676E-02  0.1052E+00  0.0000E+00
     -0.215  0.8013E-02  0.1246E+00  0.0000E+00
     -0.145  0.7749E-02  0.8337E-01  0.0000E+00
     -0.076  0.5519E-02  0.7210E-01  0.0000E+00
     -0.007  0.8456E-02  0.9657E-01  0.0000E+00
      0.063  0.6620E-02  0.5736E-01  0.0000E+00
      0.132  0.1294E-01  0.1968E+00  0.0000E+00
      0.201  0.1941E-01  0.1416E+00  0.0000E+00
      0.271  0.6652E-02  0.4811E-01  0.0000E+00
      0.340  0.1102E-01  0.1097E+00  0.0000E+00
      0.409  0.7106E-02  0.3947E-01  0.0000E+00
      0.479  0.2058E-01  0.7368E-01  0.0000E+00
      0.548  0.8212E-02  0.4394E-01  0.0000E+00
      0.617  0.1169E-01  0.4630E-01  0.0000E+00
      0.687  0.2015E-01  0.6249E-01  0.0000E+00
      0.756  0.1958E-01  0.9839E-01  0.0000E+00
      0.825  0.1887E-01  0.6940E-01  0.0000E+00
      0.895  0.2561E-01  0.1166E+00  0.0000E+00
      0.964  0.1941E-01  0.1173E+00  0.0000E+00
      1.033  0.2683E-01  0.1757E+00  0.0000E+00
      1.103  0.1673E-01  0.7374E-01  0.0000E+00
      1.172  0.3845E-01  0.9209E-01  0.0000E+00
      1.241  0.2894E-01  0.8179E-01  0.0000E+00
      1.311  0.2090E-01  0.6732E-01  0.0000E+00
      1.380  0.3730E-01  0.1202E+00  0.0000E+00
      1.449  0.2010E-01  0.1265E+00  0.0000E+00
      1.519  0.1617E-01  0.6208E-01  0.0000E+00
      1.588  0.2591E-01  0.9935E-01  0.0000E+00
      1.657  0.3803E-01  0.1510E+00  0.0000E+00
      1.727  0.4300E-01  0.1965E+00  0.0000E+00
      1.796  0.8558E-01  0.2792E+00  0.0000E+00
      1.866  0.3694E-01  0.1426E+00  0.0000E+00
      1.935  0.1247E-01  0.5639E-01  0.0000E+00
      2.004  0.1743E-01  0.6718E-01  0.0000E+00
      2.074  0.3806E-01  0.1713E+00  0.0000E+00
      2.143  0.2348E-01  0.1767E+00  0.0000E+00
      2.212  0.1751E-01  0.9103E-01  0.0000E+00
      2.282  0.3376E-01  0.5835E-01  0.0000E+00
      2.351  0.2553E-01  0.1255E+00  0.0000E+00
      2.420  0.2394E-01  0.7582E-01  0.0000E+00
      2.490  0.2143E-01  0.6907E-01  0.0000E+00
      2.559  0.2266E-01  0.6376E-01  0.0000E+00
      2.628  0.2593E-01  0.1040E+00  0.0000E+00
      2.698  0.4348E-01  0.1648E+00  0.0000E+00
      2.767  0.2886E-01  0.1206E+00  0.0000E+00
      2.836  0.2764E-01  0.1203E+00  0.0000E+00
      2.906  0.4102E-01  0.1377E+00  0.0000E+00
      2.975  0.4430E-01  0.1510E+00  0.0000E+00
      3.044  0.4879E-01  0.2020E+00  0.0000E+00
      3.114  0.5789E-01  0.3066E+00  0.0000E+00
      3.183  0.3736E-01  0.2826E+00  0.0000E+00
      3.252  0.2511E-01  0.2078E+00  0.0000E+00
      3.322  0.1814E-01  0.1665E+00  0.0000E+00
      3.391  0.2316E-01  0.1631E+00  0.0000E+00
      3.460  0.3297E-01  0.1392E+00  0.0000E+00
      3.530  0.1948E-01  0.1259E+00  0.0000E+00
      3.599  0.2783E-01  0.1672E+00  0.0000E+00
      3.668  0.4403E-01  0.2757E+00  0.0000E+00
      3.738  0.1767E-01  0.1365E+00  0.0000E+00
      3.807  0.1622E-01  0.1472E+00  0.0000E+00
      3.876  0.2250E-01  0.1363E+00  0.0000E+00
      3.946  0.2679E-01  0.1663E+00  0.0000E+00
      4.015  0.7491E-01  0.2024E+00  0.0000E+00
      4.084  0.4602E-01  0.1877E+00  0.0000E+00
      4.154  0.4748E-01  0.2163E+00  0.0000E+00
      4.223  0.4079E-01  0.2028E+00  0.0000E+00
      4.292  0.2924E-01  0.2045E+00  0.0000E+00
      4.362  0.3420E-01  0.2404E+00  0.0000E+00
      4.431  0.2740E-01  0.2906E+00  0.0000E+00
      4.500  0.1897E-01  0.3130E+00  0.0000E+00
      4.570  0.1597E-01  0.3216E+00  0.0000E+00
      4.639  0.8133E-02  0.1679E+00  0.0000E+00
      4.708  0.1662E-01  0.2273E+00  0.0000E+00
      4.778  0.2232E-01  0.2013E+00  0.0000E+00
      4.847  0.1155E-01  0.8936E-01  0.0000E+00
      4.916  0.1384E-01  0.1110E+00  0.0000E+00
      4.986  0.2097E-01  0.1701E+00  0.0000E+00
      5.055  0.1509E-01  0.1350E+00  0.0000E+00
      5.124  0.2831E-01  0.3369E+00  0.0000E+00
      5.194  0.9746E-02  0.1496E+00  0.0000E+00
      5.263  0.6882E-02  0.1131E+00  0.0000E+00
      5.332  0.1568E-01  0.1831E+00  0.0000E+00
      5.402  0.1075E-01  0.1704E+00  0.0000E+00
      5.471  0.2199E-01  0.3299E+00  0.0000E+00
      5.540  0.3052E-01  0.2785E+00  0.0000E+00
      5.610  0.3856E-01  0.3992E+00  0.0000E+00
      5.679  0.5865E-01  0.5476E+00  0.0000E+00
      5.748  0.2437E-01  0.2911E+00  0.0000E+00
      5.818  0.2521E-01  0.2487E+00  0.0000E+00
      5.887  0.3667E-01  0.2010E+00  0.0000E+00
      5.956  0.5038E-01  0.2714E+00  0.0000E+00
      6.026  0.1423E-01  0.6769E-01  0.0000E+00
      6.095  0.1021E-01  0.3964E-01  0.0000E+00
      6.165  0.4460E-02  0.1652E-01  0.0000E+00
      6.234  0.4996E-02  0.2074E-01  0.0000E+00
      6.303  0.5178E-02  0.2310E-01  0.0000E+00
      6.373  0.4402E-02  0.2154E-01  0.0000E+00
      6.442  0.3475E-02  0.2103E-01  0.0000E+00
      6.511  0.2214E-02  0.1166E-01  0.0000E+00
      6.581  0.8799E-03  0.5540E-02  0.0000E+00
      6.650  0.3518E-03  0.2468E-02  0.0000E+00
      6.719  0.0000E+00  0.0000E+00  0.0000E+00
      6.789  0.0000E+00  0.0000E+00  0.0000E+00
      6.858  0.0000E+00  0.0000E+00  0.0000E+00
      6.927  0.0000E+00  0.0000E+00  0.0000E+00
      6.997  0.0000E+00  0.0000E+00  0.0000E+00
      7.066  0.0000E+00  0.0000E+00  0.0000E+00
      7.135  0.0000E+00  0.0000E+00  0.0000E+00
      7.205  0.0000E+00  0.0000E+00  0.0000E+00
      7.274  0.0000E+00  0.0000E+00  0.0000E+00
      7.343  0.0000E+00  0.0000E+00  0.0000E+00
      7.413  0.0000E+00  0.0000E+00  0.0000E+00
      7.482  0.0000E+00  0.0000E+00  0.0000E+00
      7.551  0.0000E+00  0.0000E+00  0.0000E+00
      7.621  0.0000E+00  0.0000E+00  0.0000E+00
      7.690  0.0000E+00  0.0000E+00  0.0000E+00
