    -13.112  0.0000E+00  0.0000E+00  0.0000E+00
    -13.042  0.0000E+00  0.0000E+00  0.0000E+00
    -12.973  0.0000E+00  0.0000E+00  0.0000E+00
    -12.904  0.0000E+00  0.0000E+00  0.0000E+00
    -12.834  0.0000E+00  0.0000E+00  0.0000E+00
    -12.765  0.0000E+00  0.0000E+00  0.0000E+00
    -12.696  0.0000E+00  0.0000E+00  0.0000E+00
    -12.626  0.0000E+00  0.0000E+00  0.0000E+00
    -12.557  0.0000E+00  0.0000E+00  0.0000E+00
    -12.488  0.0000E+00  0.0000E+00  0.0000E+00
    -12.418  0.0000E+00  0.0000E+00  0.0000E+00
    -12.349  0.0000E+00  0.0000E+00  0.0000E+00
    -12.280  0.0000E+00  0.0000E+00  0.0000E+00
    -12.210  0.0000E+00  0.0000E+00  0.0000E+00
    -12.141  0.0000E+00  0.0000E+00  0.0000E+00
    -12.072  0.6541E-02  0.3349E-04  0.0000E+00
    -12.002  0.8149E-02  0.5637E-04  0.0000E+00
    -11.933  0.7442E-02  0.6898E-04  0.0000E+00
    -11.864  0.7585E-02  0.8316E-04  0.0000E+00
    -11.794  0.8182E-02  0.1005E-03  0.0000E+00
    -11.725  0.6813E-02  0.9925E-04  0.0000E+00
    -11.656  0.6717E-02  0.1084E-03  0.0000E+00
    -11.586  0.6802E-02  0.1169E-03  0.0000E+00
    -11.517  0.1155E+00  0.8054E-03  0.0000E+00
    -11.448  0.4270E-01  0.4245E-03  0.0000E+00
    -11.378  0.9263E-01  0.1093E-02  0.0000E+00
    -11.309  0.1328E+00  0.1856E-02  0.0000E+00
    -11.240  0.1612E+00  0.2212E-02  0.0000E+00
    -11.170  0.7836E-01  0.1115E-02  0.0000E+00
    -11.101  0.1078E+00  0.1762E-02  0.0000E+00
    -11.032  0.1148E+00  0.2042E-02  0.0000E+00
    -10.962  0.1083E+00  0.2118E-02  0.0000E+00
    -10.893  0.1269E+00  0.2663E-02  0.0000E+00
    -10.823  0.1189E+00  0.3122E-02  0.0000E+00
    -10.754  0.1278E+00  0.3365E-02  0.0000E+00
    -10.685  0.3218E+00  0.1295E-01  0.0000E+00
    -10.615  0.2088E+00  0.9041E-02  0.0000E+00
    -10.546  0.2335E+00  0.9665E-02  0.0000E+00
    -10.477  0.2975E+00  0.1252E-01  0.0000E+00
    -10.407  0.3345E+00  0.1360E-01  0.0000E+00
    -10.338  0.4203E+00  0.1629E-01  0.0000E+00
    -10.269  0.2036E+00  0.8968E-02  0.0000E+00
    -10.199  0.2404E+00  0.1191E-01  0.0000E+00
    -10.130  0.2800E+00  0.1305E-01  0.0000E+00
    -10.061  0.7361E+00  0.3315E-01  0.0000E+00
     -9.991  0.8634E+00  0.3081E-01  0.0000E+00
     -9.922  0.5820E+00  0.2081E-01  0.0000E+00
     -9.853  0.5386E+00  0.1900E-01  0.0000E+00
     -9.783  0.5076E+00  0.1733E-01  0.0000E+00
     -9.714  0.2689E+00  0.1091E-01  0.0000E+00
     -9.645  0.2121E+00  0.8836E-02  0.0000E+00
     -9.575  0.2007E+00  0.9894E-02  0.0000E+00
     -9.506  0.1632E+00  0.7970E-02  0.0000E+00
     -9.437  0.1778E+00  0.8694E-02  0.0000E+00
     -9.367  0.1020E+00  0.5037E-02  0.0000E+00
     -9.298  0.0000E+00  0.0000E+00  0.0000E+00
     -9.229  0.1428E-02  0.1773E-02  0.0000E+00
     -9.159  0.3300E-02  0.3699E-02  0.0000E+00
     -9.090  0.3571E-02  0.3315E-02  0.0000E+00
     -9.021  0.3744E-02  0.3419E-02  0.0000E+00
     -8.951  0.5071E-02  0.3884E-02  0.0000E+00
     -8.882  0.8023E-02  0.4160E-02  0.0000E+00
     -8.813  0.1505E-01  0.5688E-02  0.0000E+00
     -8.743  0.5196E-02  0.2215E-02  0.0000E+00
     -8.674  0.2482E-02  0.1504E-02  0.0000E+00
     -8.605  0.2647E-02  0.2415E-02  0.0000E+00
     -8.535  0.1904E-02  0.1880E-02  0.0000E+00
     -8.466  0.1435E-02  0.1448E-02  0.0000E+00
     -8.397  0.2233E-01  0.6475E-02  0.0000E+00
     -8.327  0.1514E-01  0.5006E-02  0.0000E+00
     -8.258  0.1593E-01  0.5364E-02  0.0000E+00
     -8.189  0.1832E-01  0.6264E-02  0.0000E+00
     -8.119  0.1614E-01  0.6918E-02  0.0000E+00
     -8.050  0.2296E-01  0.1053E-01  0.0000E+00
     -7.981  0.1947E-01  0.1068E-01  0.0000E+00
     -7.911  0.2175E-01  0.1372E-01  0.0000E+00
     -7.842  0.2514E-01  0.1103E-01  0.0000E+00
     -7.773  0.3977E+00  0.5691E-01  0.0000E+00
     -7.703  0.2200E+00  0.2611E-01  0.0000E+00
     -7.634  0.6369E+00  0.6563E-01  0.0000E+00
     -7.565  0.5247E+00  0.4989E-01  0.0000E+00
     -7.495  0.5153E+00  0.4309E-01  0.0000E+00
     -7.426  0.3885E+00  0.3164E-01  0.0000E+00
     -7.357  0.2641E+00  0.1914E-01  0.0000E+00
     -7.287  0.4984E+00  0.3398E-01  0.0000E+00
     -7.218  0.5446E+00  0.3145E-01  0.0000E+00
     -7.149  0.4564E+00  0.2536E-01  0.0000E+00
     -7.079  0.4434E+00  0.2415E-01  0.0000E+00
     -7.010  0.3424E+00  0.2143E-01  0.0000E+00
     -6.941  0.0000E+00  0.0000E+00  0.0000E+00
     -6.871  0.0000E+00  0.0000E+00  0.0000E+00
     -6.802  0.0000E+00  0.0000E+00  0.0000E+00
     -6.732  0.0000E+00  0.0000E+00  0.0000E+00
     -6.663  0.0000E+00  0.0000E+00  0.0000E+00
     -6.594  0.0000E+00  0.0000E+00  0.0000E+00
     -6.524  0.0000E+00  0.0000E+00  0.0000E+00
     -6.455  0.0000E+00  0.0000E+00  0.0000E+00
     -6.386  0.0000E+00  0.0000E+00  0.0000E+00
     -6.316  0.0000E+00  0.0000E+00  0.0000E+00
     -6.247  0.0000E+00  0.0000E+00  0.0000E+00
     -6.178  0.0000E+00  0.0000E+00  0.0000E+00
     -6.108  0.0000E+00  0.0000E+00  0.0000E+00
     -6.039  0.0000E+00  0.0000E+00  0.0000E+00
     -5.970  0.0000E+00  0.0000E+00  0.0000E+00
     -5.900  0.0000E+00  0.0000E+00  0.0000E+00
     -5.831  0.0000E+00  0.0000E+00  0.0000E+00
     -5.762  0.0000E+00  0.0000E+00  0.0000E+00
     -5.692  0.0000E+00  0.0000E+00  0.0000E+00
     -5.623  0.0000E+00  0.0000E+00  0.0000E+00
     -5.554  0.0000E+00  0.0000E+00  0.0000E+00
     -5.484  0.0000E+00  0.0000E+00  0.0000E+00
     -5.415  0.0000E+00  0.0000E+00  0.0000E+00
     -5.346  0.0000E+00  0.0000E+00  0.0000E+00
     -5.276  0.0000E+00  0.0000E+00  0.0000E+00
     -5.207  0.0000E+00  0.0000E+00  0.0000E+00
     -5.138  0.0000E+00  0.0000E+00  0.0000E+00
     -5.068  0.6314E-03  0.2508E-02  0.0000E+00
     -4.999  0.4918E-03  0.3299E-02  0.0000E+00
     -4.930  0.7883E-03  0.6183E-02  0.0000E+00
     -4.860  0.4630E-02  0.2791E-01  0.0000E+00
     -4.791  0.5690E-02  0.3394E-01  0.0000E+00
     -4.722  0.5765E-02  0.3786E-01  0.0000E+00
     -4.652  0.7305E-02  0.4811E-01  0.0000E+00
     -4.583  0.2568E-01  0.1212E+00  0.0000E+00
     -4.514  0.1318E-01  0.1028E+00  0.0000E+00
     -4.444  0.2432E-01  0.1424E+00  0.0000E+00
     -4.375  0.8913E-02  0.1592E+00  0.0000E+00
     -4.306  0.1369E-01  0.1994E+00  0.0000E+00
     -4.236  0.1991E-01  0.2063E+00  0.0000E+00
     -4.167  0.6428E-02  0.8403E-01  0.0000E+00
     -4.098  0.3032E-01  0.3763E+00  0.0000E+00
     -4.028  0.8145E-03  0.2937E-01  0.0000E+00
     -3.959  0.4733E-02  0.1397E+00  0.0000E+00
     -3.890  0.1806E-01  0.3548E+00  0.0000E+00
     -3.820  0.4255E-02  0.9372E-01  0.0000E+00
     -3.751  0.2428E-01  0.4866E+00  0.0000E+00
     -3.682  0.9834E-02  0.1982E+00  0.0000E+00
     -3.612  0.1611E-01  0.2781E+00  0.0000E+00
     -3.543  0.1817E-01  0.3216E+00  0.0000E+00
     -3.474  0.1641E-01  0.3677E+00  0.0000E+00
     -3.404  0.6213E-02  0.2409E+00  0.0000E+00
     -3.335  0.1492E-02  0.7027E-01  0.0000E+00
     -3.266  0.1815E-01  0.3873E+00  0.0000E+00
     -3.196  0.1617E-01  0.3799E+00  0.0000E+00
     -3.127  0.1330E-01  0.3510E+00  0.0000E+00
     -3.058  0.6453E-02  0.1754E+00  0.0000E+00
     -2.988  0.1960E-01  0.3078E+00  0.0000E+00
     -2.919  0.9351E-02  0.2088E+00  0.0000E+00
     -2.850  0.1656E-01  0.3211E+00  0.0000E+00
     -2.780  0.1647E-01  0.2717E+00  0.0000E+00
     -2.711  0.1549E-01  0.3047E+00  0.0000E+00
     -2.642  0.4077E-01  0.4139E+00  0.0000E+00
     -2.572  0.3174E-01  0.3032E+00  0.0000E+00
     -2.503  0.2706E-01  0.3657E+00  0.0000E+00
     -2.433  0.2303E-01  0.3250E+00  0.0000E+00
     -2.364  0.3989E-01  0.4452E+00  0.0000E+00
     -2.295  0.8186E-02  0.2489E+00  0.0000E+00
     -2.225  0.1471E-01  0.3440E+00  0.0000E+00
     -2.156  0.3892E-02  0.9286E-01  0.0000E+00
     -2.087  0.1835E-01  0.4749E+00  0.0000E+00
     -2.017  0.1793E-01  0.6628E+00  0.0000E+00
     -1.948  0.1123E-01  0.2546E+00  0.0000E+00
     -1.879  0.9093E-02  0.3294E+00  0.0000E+00
     -1.809  0.1060E-01  0.3148E+00  0.0000E+00
     -1.740  0.8890E-02  0.2941E+00  0.0000E+00
     -1.671  0.1266E-01  0.3658E+00  0.0000E+00
     -1.601  0.1329E-01  0.8931E+00  0.0000E+00
     -1.532  0.8865E-02  0.3713E+00  0.0000E+00
     -1.463  0.1779E-01  0.4508E+00  0.0000E+00
     -1.393  0.8869E-02  0.2579E+00  0.0000E+00
     -1.324  0.8876E-02  0.2980E+00  0.0000E+00
     -1.255  0.4893E-02  0.1755E+00  0.0000E+00
     -1.185  0.3242E-02  0.9806E-01  0.0000E+00
     -1.116  0.8929E-02  0.8851E-01  0.0000E+00
     -1.047  0.4628E-02  0.5984E-01  0.0000E+00
     -0.977  0.5003E-02  0.7738E-01  0.0000E+00
     -0.908  0.9546E-02  0.1416E+00  0.0000E+00
     -0.839  0.5985E-02  0.1175E+00  0.0000E+00
     -0.769  0.8341E-02  0.1856E+00  0.0000E+00
     -0.700  0.1396E-01  0.3068E+00  0.0000E+00
     -0.631  0.1818E-01  0.3039E+00  0.0000E+00
     -0.561  0.1054E-01  0.1197E+00  0.0000E+00
     -0.492  0.2208E-02  0.3338E-01  0.0000E+00
     -0.423  0.5778E-02  0.8107E-01  0.0000E+00
     -0.353  0.2726E-02  0.5032E-01  0.0000E+00
     -0.284  0.5570E-02  0.1062E+00  0.0000E+00
     -0.215  0.6559E-02  0.9627E-01  0.0000E+00
     -0.145  0.3872E-02  0.6098E-01  0.0000E+00
     -0.076  0.4083E-02  0.5196E-01  0.0000E+00
     -0.007  0.6612E-02  0.5905E-01  0.0000E+00
      0.063  0.5507E-02  0.4018E-01  0.0000E+00
      0.132  0.8597E-02  0.7724E-01  0.0000E+00
      0.201  0.1405E-01  0.1010E+00  0.0000E+00
      0.271  0.4700E-02  0.2940E-01  0.0000E+00
      0.340  0.1868E-01  0.8528E-01  0.0000E+00
      0.409  0.6028E-02  0.2912E-01  0.0000E+00
      0.479  0.2703E-01  0.1001E+00  0.0000E+00
      0.548  0.4920E-02  0.5063E-01  0.0000E+00
      0.617  0.5752E-02  0.4662E-01  0.0000E+00
      0.687  0.1591E-01  0.6209E-01  0.0000E+00
      0.756  0.1839E-01  0.6123E-01  0.0000E+00
      0.825  0.1093E-01  0.4294E-01  0.0000E+00
      0.895  0.1950E-01  0.7820E-01  0.0000E+00
      0.964  0.1412E-01  0.9441E-01  0.0000E+00
      1.033  0.1806E-01  0.8203E-01  0.0000E+00
      1.103  0.1083E-01  0.5300E-01  0.0000E+00
      1.172  0.2654E-01  0.1256E+00  0.0000E+00
      1.241  0.1046E-01  0.1058E+00  0.0000E+00
      1.311  0.1293E-01  0.4419E-01  0.0000E+00
      1.380  0.3141E-01  0.9154E-01  0.0000E+00
      1.449  0.1946E-01  0.1188E+00  0.0000E+00
      1.519  0.1142E-01  0.6379E-01  0.0000E+00
      1.588  0.1920E-01  0.1117E+00  0.0000E+00
      1.657  0.4274E-01  0.2209E+00  0.0000E+00
      1.727  0.3555E-01  0.1360E+00  0.0000E+00
      1.796  0.5658E-01  0.2133E+00  0.0000E+00
      1.866  0.3670E-01  0.1595E+00  0.0000E+00
      1.935  0.1680E-01  0.7024E-01  0.0000E+00
      2.004  0.1327E-01  0.6219E-01  0.0000E+00
      2.074  0.3105E-01  0.1915E+00  0.0000E+00
      2.143  0.2602E-01  0.1393E+00  0.0000E+00
      2.212  0.1968E-01  0.9089E-01  0.0000E+00
      2.282  0.1285E-01  0.9293E-01  0.0000E+00
      2.351  0.2708E-01  0.1808E+00  0.0000E+00
      2.420  0.1927E-01  0.7051E-01  0.0000E+00
      2.490  0.1274E-01  0.6359E-01  0.0000E+00
      2.559  0.1748E-01  0.5233E-01  0.0000E+00
      2.628  0.3187E-01  0.7490E-01  0.0000E+00
      2.698  0.3890E-01  0.9341E-01  0.0000E+00
      2.767  0.2750E-01  0.8308E-01  0.0000E+00
      2.836  0.2361E-01  0.7193E-01  0.0000E+00
      2.906  0.3455E-01  0.9549E-01  0.0000E+00
      2.975  0.2862E-01  0.8420E-01  0.0000E+00
      3.044  0.4451E-01  0.1423E+00  0.0000E+00
      3.114  0.5013E-01  0.1662E+00  0.0000E+00
      3.183  0.6296E-01  0.1444E+00  0.0000E+00
      3.252  0.4005E-01  0.1289E+00  0.0000E+00
      3.322  0.2920E-01  0.1059E+00  0.0000E+00
      3.391  0.3389E-01  0.1061E+00  0.0000E+00
      3.460  0.2816E-01  0.1104E+00  0.0000E+00
      3.530  0.3039E-01  0.1211E+00  0.0000E+00
      3.599  0.2782E-01  0.1736E+00  0.0000E+00
      3.668  0.3484E-01  0.2747E+00  0.0000E+00
      3.738  0.2201E-01  0.1422E+00  0.0000E+00
      3.807  0.2127E-01  0.1823E+00  0.0000E+00
      3.876  0.1608E-01  0.1393E+00  0.0000E+00
      3.946  0.1791E-01  0.1234E+00  0.0000E+00
      4.015  0.2401E-01  0.2623E+00  0.0000E+00
      4.084  0.2038E-01  0.2400E+00  0.0000E+00
      4.154  0.2892E-01  0.2345E+00  0.0000E+00
      4.223  0.2213E-01  0.1908E+00  0.0000E+00
      4.292  0.2020E-01  0.1655E+00  0.0000E+00
      4.362  0.1770E-01  0.2221E+00  0.0000E+00
      4.431  0.2396E-01  0.2951E+00  0.0000E+00
      4.500  0.3032E-01  0.2519E+00  0.0000E+00
      4.570  0.3011E-01  0.2199E+00  0.0000E+00
      4.639  0.1313E-01  0.1434E+00  0.0000E+00
      4.708  0.2933E-01  0.1715E+00  0.0000E+00
      4.778  0.2090E-01  0.1369E+00  0.0000E+00
      4.847  0.1364E-01  0.7474E-01  0.0000E+00
      4.916  0.1431E-01  0.8819E-01  0.0000E+00
      4.986  0.2559E-01  0.1204E+00  0.0000E+00
      5.055  0.1630E-01  0.1216E+00  0.0000E+00
      5.124  0.3045E-01  0.3116E+00  0.0000E+00
      5.194  0.1499E-01  0.1797E+00  0.0000E+00
      5.263  0.7927E-02  0.1680E+00  0.0000E+00
      5.332  0.1346E-01  0.2603E+00  0.0000E+00
      5.402  0.2148E-01  0.2545E+00  0.0000E+00
      5.471  0.2297E-01  0.1879E+00  0.0000E+00
      5.540  0.3434E-01  0.1767E+00  0.0000E+00
      5.610  0.5376E-01  0.3107E+00  0.0000E+00
      5.679  0.5628E-01  0.2812E+00  0.0000E+00
      5.748  0.5676E-01  0.3407E+00  0.0000E+00
      5.818  0.3319E-01  0.2453E+00  0.0000E+00
      5.887  0.2617E-01  0.2409E+00  0.0000E+00
      5.956  0.4960E-01  0.4298E+00  0.0000E+00
      6.026  0.1864E-01  0.2016E+00  0.0000E+00
      6.095  0.1137E-01  0.9674E-01  0.0000E+00
      6.165  0.6575E-02  0.3691E-01  0.0000E+00
      6.234  0.7524E-02  0.4249E-01  0.0000E+00
      6.303  0.7574E-02  0.4142E-01  0.0000E+00
      6.373  0.6452E-02  0.3253E-01  0.0000E+00
      6.442  0.5668E-02  0.2661E-01  0.0000E+00
      6.511  0.3348E-02  0.1631E-01  0.0000E+00
      6.581  0.1681E-02  0.8177E-02  0.0000E+00
      6.650  0.7290E-03  0.3259E-02  0.0000E+00
      6.719  0.0000E+00  0.0000E+00  0.0000E+00
      6.789  0.0000E+00  0.0000E+00  0.0000E+00
      6.858  0.0000E+00  0.0000E+00  0.0000E+00
      6.927  0.0000E+00  0.0000E+00  0.0000E+00
      6.997  0.0000E+00  0.0000E+00  0.0000E+00
      7.066  0.0000E+00  0.0000E+00  0.0000E+00
      7.135  0.0000E+00  0.0000E+00  0.0000E+00
      7.205  0.0000E+00  0.0000E+00  0.0000E+00
      7.274  0.0000E+00  0.0000E+00  0.0000E+00
      7.343  0.0000E+00  0.0000E+00  0.0000E+00
      7.413  0.0000E+00  0.0000E+00  0.0000E+00
      7.482  0.0000E+00  0.0000E+00  0.0000E+00
      7.551  0.0000E+00  0.0000E+00  0.0000E+00
      7.621  0.0000E+00  0.0000E+00  0.0000E+00
      7.690  0.0000E+00  0.0000E+00  0.0000E+00
