    -13.112  0.0000E+00  0.0000E+00  0.0000E+00
    -13.042  0.0000E+00  0.0000E+00  0.0000E+00
    -12.973  0.0000E+00  0.0000E+00  0.0000E+00
    -12.904  0.0000E+00  0.0000E+00  0.0000E+00
    -12.834  0.0000E+00  0.0000E+00  0.0000E+00
    -12.765  0.0000E+00  0.0000E+00  0.0000E+00
    -12.696  0.0000E+00  0.0000E+00  0.0000E+00
    -12.626  0.0000E+00  0.0000E+00  0.0000E+00
    -12.557  0.0000E+00  0.0000E+00  0.0000E+00
    -12.488  0.0000E+00  0.0000E+00  0.0000E+00
    -12.418  0.0000E+00  0.0000E+00  0.0000E+00
    -12.349  0.0000E+00  0.0000E+00  0.0000E+00
    -12.280  0.0000E+00  0.0000E+00  0.0000E+00
    -12.210  0.0000E+00  0.0000E+00  0.0000E+00
    -12.141  0.0000E+00  0.0000E+00  0.0000E+00
    -12.072  0.1662E-02  0.1699E-03  0.0000E+00
    -12.002  0.2074E-02  0.2155E-03  0.0000E+00
    -11.933  0.1815E-02  0.1940E-03  0.0000E+00
    -11.864  0.1706E-02  0.1880E-03  0.0000E+00
    -11.794  0.1872E-02  0.2080E-03  0.0000E+00
    -11.725  0.1953E-02  0.2130E-03  0.0000E+00
    -11.656  0.1863E-02  0.2083E-03  0.0000E+00
    -11.586  0.1797E-02  0.2059E-03  0.0000E+00
    -11.517  0.4264E-01  0.3731E-02  0.0000E+00
    -11.448  0.1534E-01  0.1406E-02  0.0000E+00
    -11.378  0.3475E-01  0.3231E-02  0.0000E+00
    -11.309  0.5052E-01  0.4776E-02  0.0000E+00
    -11.240  0.6022E-01  0.5634E-02  0.0000E+00
    -11.170  0.2869E-01  0.2663E-02  0.0000E+00
    -11.101  0.3957E-01  0.3797E-02  0.0000E+00
    -11.032  0.4200E-01  0.4171E-02  0.0000E+00
    -10.962  0.3915E-01  0.4068E-02  0.0000E+00
    -10.893  0.4589E-01  0.4844E-02  0.0000E+00
    -10.823  0.4563E-01  0.4710E-02  0.0000E+00
    -10.754  0.5502E-01  0.5292E-02  0.0000E+00
    -10.685  0.2124E+00  0.1485E-01  0.0000E+00
    -10.615  0.1424E+00  0.1017E-01  0.0000E+00
    -10.546  0.1556E+00  0.1193E-01  0.0000E+00
    -10.477  0.1779E+00  0.1304E-01  0.0000E+00
    -10.407  0.1914E+00  0.1586E-01  0.0000E+00
    -10.338  0.2278E+00  0.1969E-01  0.0000E+00
    -10.269  0.1221E+00  0.1011E-01  0.0000E+00
    -10.199  0.1268E+00  0.1205E-01  0.0000E+00
    -10.130  0.1788E+00  0.1515E-01  0.0000E+00
    -10.061  0.4956E+00  0.3822E-01  0.0000E+00
     -9.991  0.4840E+00  0.4425E-01  0.0000E+00
     -9.922  0.3208E+00  0.2917E-01  0.0000E+00
     -9.853  0.2960E+00  0.2716E-01  0.0000E+00
     -9.783  0.2824E+00  0.2609E-01  0.0000E+00
     -9.714  0.1765E+00  0.1564E-01  0.0000E+00
     -9.645  0.1466E+00  0.1293E-01  0.0000E+00
     -9.575  0.9259E-01  0.8543E-02  0.0000E+00
     -9.506  0.8860E-01  0.7934E-02  0.0000E+00
     -9.437  0.1148E+00  0.9929E-02  0.0000E+00
     -9.367  0.6665E-01  0.5716E-02  0.0000E+00
     -9.298  0.0000E+00  0.0000E+00  0.0000E+00
     -9.229  0.1344E-01  0.3346E-03  0.0000E+00
     -9.159  0.2855E-01  0.7184E-03  0.0000E+00
     -9.090  0.2312E-01  0.6226E-03  0.0000E+00
     -9.021  0.2882E-01  0.7698E-03  0.0000E+00
     -8.951  0.3194E-01  0.8966E-03  0.0000E+00
     -8.882  0.2975E-01  0.9588E-03  0.0000E+00
     -8.813  0.3254E-01  0.1295E-02  0.0000E+00
     -8.743  0.1584E-01  0.5220E-03  0.0000E+00
     -8.674  0.6370E-02  0.2388E-03  0.0000E+00
     -8.605  0.1321E-01  0.4959E-03  0.0000E+00
     -8.535  0.1080E-01  0.4038E-03  0.0000E+00
     -8.466  0.8398E-02  0.3137E-03  0.0000E+00
     -8.397  0.1110E-01  0.1514E-02  0.0000E+00
     -8.327  0.1161E-01  0.1124E-02  0.0000E+00
     -8.258  0.1303E-01  0.1151E-02  0.0000E+00
     -8.189  0.1711E-01  0.1248E-02  0.0000E+00
     -8.119  0.2716E-01  0.1301E-02  0.0000E+00
     -8.050  0.3607E-01  0.1967E-02  0.0000E+00
     -7.981  0.4959E-01  0.1756E-02  0.0000E+00
     -7.911  0.1077E+00  0.1838E-02  0.0000E+00
     -7.842  0.1025E+00  0.1413E-02  0.0000E+00
     -7.773  0.8671E+00  0.2180E-01  0.0000E+00
     -7.703  0.4416E+00  0.9706E-02  0.0000E+00
     -7.634  0.1180E+01  0.2606E-01  0.0000E+00
     -7.565  0.9516E+00  0.2148E-01  0.0000E+00
     -7.495  0.7458E+00  0.1724E-01  0.0000E+00
     -7.426  0.6010E+00  0.1240E-01  0.0000E+00
     -7.357  0.3663E+00  0.8650E-02  0.0000E+00
     -7.287  0.6837E+00  0.1459E-01  0.0000E+00
     -7.218  0.6663E+00  0.1281E-01  0.0000E+00
     -7.149  0.5606E+00  0.1102E-01  0.0000E+00
     -7.079  0.5544E+00  0.1113E-01  0.0000E+00
     -7.010  0.4884E+00  0.8967E-02  0.0000E+00
     -6.941  0.0000E+00  0.0000E+00  0.0000E+00
     -6.871  0.0000E+00  0.0000E+00  0.0000E+00
     -6.802  0.0000E+00  0.0000E+00  0.0000E+00
     -6.732  0.0000E+00  0.0000E+00  0.0000E+00
     -6.663  0.0000E+00  0.0000E+00  0.0000E+00
     -6.594  0.0000E+00  0.0000E+00  0.0000E+00
     -6.524  0.0000E+00  0.0000E+00  0.0000E+00
     -6.455  0.0000E+00  0.0000E+00  0.0000E+00
     -6.386  0.0000E+00  0.0000E+00  0.0000E+00
     -6.316  0.0000E+00  0.0000E+00  0.0000E+00
     -6.247  0.0000E+00  0.0000E+00  0.0000E+00
     -6.178  0.0000E+00  0.0000E+00  0.0000E+00
     -6.108  0.0000E+00  0.0000E+00  0.0000E+00
     -6.039  0.0000E+00  0.0000E+00  0.0000E+00
     -5.970  0.0000E+00  0.0000E+00  0.0000E+00
     -5.900  0.0000E+00  0.0000E+00  0.0000E+00
     -5.831  0.0000E+00  0.0000E+00  0.0000E+00
     -5.762  0.0000E+00  0.0000E+00  0.0000E+00
     -5.692  0.0000E+00  0.0000E+00  0.0000E+00
     -5.623  0.0000E+00  0.0000E+00  0.0000E+00
     -5.554  0.0000E+00  0.0000E+00  0.0000E+00
     -5.484  0.0000E+00  0.0000E+00  0.0000E+00
     -5.415  0.0000E+00  0.0000E+00  0.0000E+00
     -5.346  0.0000E+00  0.0000E+00  0.0000E+00
     -5.276  0.0000E+00  0.0000E+00  0.0000E+00
     -5.207  0.0000E+00  0.0000E+00  0.0000E+00
     -5.138  0.0000E+00  0.0000E+00  0.0000E+00
     -5.068  0.1950E-03  0.3344E-03  0.0000E+00
     -4.999  0.2614E-03  0.5882E-03  0.0000E+00
     -4.930  0.6007E-03  0.1473E-02  0.0000E+00
     -4.860  0.2860E-02  0.7931E-02  0.0000E+00
     -4.791  0.3466E-02  0.9812E-02  0.0000E+00
     -4.722  0.4820E-02  0.1125E-01  0.0000E+00
     -4.652  0.7098E-02  0.1499E-01  0.0000E+00
     -4.583  0.3263E-01  0.3865E-01  0.0000E+00
     -4.514  0.1139E-01  0.3767E-01  0.0000E+00
     -4.444  0.1772E-01  0.4390E-01  0.0000E+00
     -4.375  0.7691E-02  0.8026E-01  0.0000E+00
     -4.306  0.1825E-01  0.8308E-01  0.0000E+00
     -4.236  0.1795E-01  0.8650E-01  0.0000E+00
     -4.167  0.1041E-01  0.2822E-01  0.0000E+00
     -4.098  0.7072E-01  0.1339E+00  0.0000E+00
     -4.028  0.2865E-02  0.7077E-02  0.0000E+00
     -3.959  0.1670E-01  0.3895E-01  0.0000E+00
     -3.890  0.5026E-01  0.1076E+00  0.0000E+00
     -3.820  0.1287E-01  0.2916E-01  0.0000E+00
     -3.751  0.5156E-01  0.1859E+00  0.0000E+00
     -3.682  0.2028E-01  0.7589E-01  0.0000E+00
     -3.612  0.2992E-01  0.1120E+00  0.0000E+00
     -3.543  0.5769E-01  0.1137E+00  0.0000E+00
     -3.474  0.6157E-01  0.1582E+00  0.0000E+00
     -3.404  0.1809E-01  0.9299E-01  0.0000E+00
     -3.335  0.6604E-02  0.3618E-01  0.0000E+00
     -3.266  0.4174E-01  0.1548E+00  0.0000E+00
     -3.196  0.3249E-01  0.1697E+00  0.0000E+00
     -3.127  0.2716E-01  0.1558E+00  0.0000E+00
     -3.058  0.2469E-01  0.8373E-01  0.0000E+00
     -2.988  0.3299E-01  0.1560E+00  0.0000E+00
     -2.919  0.3662E-01  0.1080E+00  0.0000E+00
     -2.850  0.2837E-01  0.2052E+00  0.0000E+00
     -2.780  0.3716E-01  0.1865E+00  0.0000E+00
     -2.711  0.2148E-01  0.1938E+00  0.0000E+00
     -2.642  0.3476E-01  0.4183E+00  0.0000E+00
     -2.572  0.1659E-01  0.1976E+00  0.0000E+00
     -2.503  0.1732E-01  0.2058E+00  0.0000E+00
     -2.433  0.2006E-01  0.2142E+00  0.0000E+00
     -2.364  0.2347E-01  0.2596E+00  0.0000E+00
     -2.295  0.1059E-01  0.1263E+00  0.0000E+00
     -2.225  0.1051E-01  0.1952E+00  0.0000E+00
     -2.156  0.4258E-02  0.4884E-01  0.0000E+00
     -2.087  0.2135E-01  0.2455E+00  0.0000E+00
     -2.017  0.2064E-01  0.2609E+00  0.0000E+00
     -1.948  0.1451E-01  0.2242E+00  0.0000E+00
     -1.879  0.3034E-01  0.3262E+00  0.0000E+00
     -1.809  0.1475E-01  0.3212E+00  0.0000E+00
     -1.740  0.1485E-01  0.3809E+00  0.0000E+00
     -1.671  0.2014E-01  0.4468E+00  0.0000E+00
     -1.601  0.3914E-01  0.6567E+00  0.0000E+00
     -1.532  0.3454E-01  0.4660E+00  0.0000E+00
     -1.463  0.2734E-01  0.4317E+00  0.0000E+00
     -1.393  0.1518E-01  0.3224E+00  0.0000E+00
     -1.324  0.1168E-01  0.3086E+00  0.0000E+00
     -1.255  0.6633E-02  0.1540E+00  0.0000E+00
     -1.185  0.3778E-02  0.8041E-01  0.0000E+00
     -1.116  0.1341E-01  0.1511E+00  0.0000E+00
     -1.047  0.1152E-01  0.8241E-01  0.0000E+00
     -0.977  0.1312E-01  0.1115E+00  0.0000E+00
     -0.908  0.3428E-01  0.2638E+00  0.0000E+00
     -0.839  0.3423E-01  0.2593E+00  0.0000E+00
     -0.769  0.4191E-01  0.3969E+00  0.0000E+00
     -0.700  0.5097E-01  0.5195E+00  0.0000E+00
     -0.631  0.5542E-01  0.4211E+00  0.0000E+00
     -0.561  0.5428E-01  0.3407E+00  0.0000E+00
     -0.492  0.6529E-02  0.6416E-01  0.0000E+00
     -0.423  0.1837E-01  0.1880E+00  0.0000E+00
     -0.353  0.1289E-01  0.1513E+00  0.0000E+00
     -0.284  0.2221E-01  0.1864E+00  0.0000E+00
     -0.215  0.1925E-01  0.1455E+00  0.0000E+00
     -0.145  0.1481E-01  0.1203E+00  0.0000E+00
     -0.076  0.1208E-01  0.1104E+00  0.0000E+00
     -0.007  0.1602E-01  0.1503E+00  0.0000E+00
      0.063  0.8608E-02  0.1058E+00  0.0000E+00
      0.132  0.2176E-01  0.1924E+00  0.0000E+00
      0.201  0.1776E-01  0.1923E+00  0.0000E+00
      0.271  0.4441E-02  0.5722E-01  0.0000E+00
      0.340  0.1417E-01  0.1512E+00  0.0000E+00
      0.409  0.8226E-02  0.6407E-01  0.0000E+00
      0.479  0.7083E-01  0.3103E+00  0.0000E+00
      0.548  0.2029E-01  0.1138E+00  0.0000E+00
      0.617  0.2883E-01  0.1197E+00  0.0000E+00
      0.687  0.3364E-01  0.1168E+00  0.0000E+00
      0.756  0.3277E-01  0.1542E+00  0.0000E+00
      0.825  0.1481E-01  0.8652E-01  0.0000E+00
      0.895  0.5130E-01  0.1742E+00  0.0000E+00
      0.964  0.5432E-01  0.1551E+00  0.0000E+00
      1.033  0.5961E-01  0.2969E+00  0.0000E+00
      1.103  0.1267E-01  0.1348E+00  0.0000E+00
      1.172  0.4918E-01  0.2578E+00  0.0000E+00
      1.241  0.4103E-01  0.2356E+00  0.0000E+00
      1.311  0.1525E-01  0.1346E+00  0.0000E+00
      1.380  0.3787E-01  0.2151E+00  0.0000E+00
      1.449  0.1450E-01  0.1383E+00  0.0000E+00
      1.519  0.2020E-01  0.1123E+00  0.0000E+00
      1.588  0.2352E-01  0.1707E+00  0.0000E+00
      1.657  0.3068E-01  0.2282E+00  0.0000E+00
      1.727  0.3186E-01  0.2183E+00  0.0000E+00
      1.796  0.3496E-01  0.2853E+00  0.0000E+00
      1.866  0.1665E-01  0.1967E+00  0.0000E+00
      1.935  0.7378E-02  0.7173E-01  0.0000E+00
      2.004  0.8865E-02  0.1034E+00  0.0000E+00
      2.074  0.2765E-01  0.3793E+00  0.0000E+00
      2.143  0.2071E-01  0.4148E+00  0.0000E+00
      2.212  0.7142E-02  0.1651E+00  0.0000E+00
      2.282  0.9764E-02  0.1546E+00  0.0000E+00
      2.351  0.1245E-01  0.2837E+00  0.0000E+00
      2.420  0.9749E-02  0.1202E+00  0.0000E+00
      2.490  0.7567E-02  0.9815E-01  0.0000E+00
      2.559  0.7577E-02  0.9587E-01  0.0000E+00
      2.628  0.6047E-02  0.1136E+00  0.0000E+00
      2.698  0.9023E-02  0.1723E+00  0.0000E+00
      2.767  0.7834E-02  0.1183E+00  0.0000E+00
      2.836  0.7866E-02  0.1178E+00  0.0000E+00
      2.906  0.9568E-02  0.1463E+00  0.0000E+00
      2.975  0.7651E-02  0.1121E+00  0.0000E+00
      3.044  0.1120E-01  0.1847E+00  0.0000E+00
      3.114  0.1056E-01  0.2413E+00  0.0000E+00
      3.183  0.1109E-01  0.2378E+00  0.0000E+00
      3.252  0.1135E-01  0.1936E+00  0.0000E+00
      3.322  0.6808E-02  0.1657E+00  0.0000E+00
      3.391  0.6639E-02  0.1493E+00  0.0000E+00
      3.460  0.8918E-02  0.1563E+00  0.0000E+00
      3.530  0.8616E-02  0.1336E+00  0.0000E+00
      3.599  0.9512E-02  0.1770E+00  0.0000E+00
      3.668  0.1566E-01  0.2877E+00  0.0000E+00
      3.738  0.6641E-02  0.1449E+00  0.0000E+00
      3.807  0.1107E-01  0.1925E+00  0.0000E+00
      3.876  0.7309E-02  0.1233E+00  0.0000E+00
      3.946  0.7822E-02  0.1253E+00  0.0000E+00
      4.015  0.1359E-01  0.2467E+00  0.0000E+00
      4.084  0.1519E-01  0.1943E+00  0.0000E+00
      4.154  0.7843E-02  0.2165E+00  0.0000E+00
      4.223  0.1009E-01  0.1706E+00  0.0000E+00
      4.292  0.7618E-02  0.1479E+00  0.0000E+00
      4.362  0.1214E-01  0.2108E+00  0.0000E+00
      4.431  0.1201E-01  0.2317E+00  0.0000E+00
      4.500  0.1756E-01  0.2025E+00  0.0000E+00
      4.570  0.1243E-01  0.1900E+00  0.0000E+00
      4.639  0.7006E-02  0.1077E+00  0.0000E+00
      4.708  0.1193E-01  0.1027E+00  0.0000E+00
      4.778  0.1777E-01  0.1149E+00  0.0000E+00
      4.847  0.7691E-02  0.6984E-01  0.0000E+00
      4.916  0.1276E-01  0.7773E-01  0.0000E+00
      4.986  0.3369E-01  0.9645E-01  0.0000E+00
      5.055  0.1745E-01  0.1014E+00  0.0000E+00
      5.124  0.3150E-01  0.3011E+00  0.0000E+00
      5.194  0.2398E-01  0.1516E+00  0.0000E+00
      5.263  0.2757E-01  0.1241E+00  0.0000E+00
      5.332  0.5015E-01  0.2305E+00  0.0000E+00
      5.402  0.3131E-01  0.1639E+00  0.0000E+00
      5.471  0.2398E-01  0.1852E+00  0.0000E+00
      5.540  0.2419E-01  0.1607E+00  0.0000E+00
      5.610  0.5030E-01  0.2610E+00  0.0000E+00
      5.679  0.2600E-01  0.2110E+00  0.0000E+00
      5.748  0.2646E-01  0.1818E+00  0.0000E+00
      5.818  0.4771E-01  0.2239E+00  0.0000E+00
      5.887  0.6075E-01  0.2579E+00  0.0000E+00
      5.956  0.6238E-01  0.2624E+00  0.0000E+00
      6.026  0.2656E-01  0.8322E-01  0.0000E+00
      6.095  0.2228E-01  0.5667E-01  0.0000E+00
      6.165  0.1202E-01  0.2729E-01  0.0000E+00
      6.234  0.1343E-01  0.3222E-01  0.0000E+00
      6.303  0.1417E-01  0.3508E-01  0.0000E+00
      6.373  0.1318E-01  0.3171E-01  0.0000E+00
      6.442  0.1279E-01  0.3153E-01  0.0000E+00
      6.511  0.7548E-02  0.2052E-01  0.0000E+00
      6.581  0.3014E-02  0.7044E-02  0.0000E+00
      6.650  0.1301E-02  0.2951E-02  0.0000E+00
      6.719  0.0000E+00  0.0000E+00  0.0000E+00
      6.789  0.0000E+00  0.0000E+00  0.0000E+00
      6.858  0.0000E+00  0.0000E+00  0.0000E+00
      6.927  0.0000E+00  0.0000E+00  0.0000E+00
      6.997  0.0000E+00  0.0000E+00  0.0000E+00
      7.066  0.0000E+00  0.0000E+00  0.0000E+00
      7.135  0.0000E+00  0.0000E+00  0.0000E+00
      7.205  0.0000E+00  0.0000E+00  0.0000E+00
      7.274  0.0000E+00  0.0000E+00  0.0000E+00
      7.343  0.0000E+00  0.0000E+00  0.0000E+00
      7.413  0.0000E+00  0.0000E+00  0.0000E+00
      7.482  0.0000E+00  0.0000E+00  0.0000E+00
      7.551  0.0000E+00  0.0000E+00  0.0000E+00
      7.621  0.0000E+00  0.0000E+00  0.0000E+00
      7.690  0.0000E+00  0.0000E+00  0.0000E+00
