    -13.112  0.0000E+00  0.0000E+00  0.0000E+00
    -13.042  0.0000E+00  0.0000E+00  0.0000E+00
    -12.973  0.0000E+00  0.0000E+00  0.0000E+00
    -12.904  0.0000E+00  0.0000E+00  0.0000E+00
    -12.834  0.0000E+00  0.0000E+00  0.0000E+00
    -12.765  0.0000E+00  0.0000E+00  0.0000E+00
    -12.696  0.0000E+00  0.0000E+00  0.0000E+00
    -12.626  0.0000E+00  0.0000E+00  0.0000E+00
    -12.557  0.0000E+00  0.0000E+00  0.0000E+00
    -12.488  0.0000E+00  0.0000E+00  0.0000E+00
    -12.418  0.0000E+00  0.0000E+00  0.0000E+00
    -12.349  0.0000E+00  0.0000E+00  0.0000E+00
    -12.280  0.0000E+00  0.0000E+00  0.0000E+00
    -12.210  0.0000E+00  0.0000E+00  0.0000E+00
    -12.141  0.0000E+00  0.0000E+00  0.0000E+00
    -12.072  0.2058E-01  0.3576E-02  0.6825E-03
    -12.002  0.2590E-01  0.4895E-02  0.1018E-02
    -11.933  0.2441E-01  0.5094E-02  0.1183E-02
    -11.864  0.2589E-01  0.5727E-02  0.1424E-02
    -11.794  0.2808E-01  0.6645E-02  0.1800E-02
    -11.725  0.2346E-01  0.6303E-02  0.1823E-02
    -11.656  0.2540E-01  0.7036E-02  0.2053E-02
    -11.586  0.2826E-01  0.7855E-02  0.2257E-02
    -11.517  0.5332E-01  0.1282E-01  0.3758E-02
    -11.448  0.3565E-01  0.9377E-02  0.2777E-02
    -11.378  0.4672E-01  0.1244E-01  0.3789E-02
    -11.309  0.4666E-01  0.1866E-01  0.7212E-02
    -11.240  0.4527E-01  0.2171E-01  0.9355E-02
    -11.170  0.2052E-01  0.9375E-02  0.4060E-02
    -11.101  0.2605E-01  0.1493E-01  0.7042E-02
    -11.032  0.3185E-01  0.1861E-01  0.8709E-02
    -10.962  0.2795E-01  0.1579E-01  0.7125E-02
    -10.893  0.3620E-01  0.2191E-01  0.1005E-01
    -10.823  0.3895E-01  0.2930E-01  0.1405E-01
    -10.754  0.3906E-01  0.3952E-01  0.2135E-01
    -10.685  0.6294E-01  0.5430E-01  0.2879E-01
    -10.615  0.3095E-01  0.2813E-01  0.1584E-01
    -10.546  0.2374E-01  0.2156E-01  0.1275E-01
    -10.477  0.2549E-01  0.3065E-01  0.1941E-01
    -10.407  0.1460E-01  0.2851E-01  0.1798E-01
    -10.338  0.1912E-01  0.4783E-01  0.3219E-01
    -10.269  0.9201E-02  0.2437E-01  0.1607E-01
    -10.199  0.7266E-02  0.2139E-01  0.1493E-01
    -10.130  0.7910E-02  0.3475E-02  0.2029E-02
    -10.061  0.6600E-02  0.1001E-01  0.5570E-02
     -9.991  0.4107E-02  0.5068E-02  0.3261E-02
     -9.922  0.1610E-02  0.4360E-02  0.2838E-02
     -9.853  0.1130E-02  0.3705E-02  0.2428E-02
     -9.783  0.7114E-03  0.3296E-02  0.2200E-02
     -9.714  0.4548E-03  0.1318E-02  0.8252E-03
     -9.645  0.3426E-03  0.1140E-02  0.7256E-03
     -9.575  0.2723E-03  0.1066E-02  0.6885E-03
     -9.506  0.1772E-03  0.1005E-02  0.6676E-03
     -9.437  0.7145E-04  0.1389E-02  0.9552E-03
     -9.367  0.3723E-04  0.8480E-03  0.5885E-03
     -9.298  0.0000E+00  0.0000E+00  0.0000E+00
     -9.229  0.2107E-01  0.9502E-03  0.3774E-02
     -9.159  0.4368E-01  0.3501E-02  0.8525E-02
     -9.090  0.4022E-01  0.5159E-02  0.8751E-02
     -9.021  0.3795E-01  0.8069E-02  0.1011E-01
     -8.951  0.4460E-01  0.1410E-01  0.1314E-01
     -8.882  0.5172E-01  0.2408E-01  0.1811E-01
     -8.813  0.8920E-01  0.5844E-01  0.3522E-01
     -8.743  0.2684E-01  0.2786E-01  0.1708E-01
     -8.674  0.1737E-01  0.2088E-01  0.1342E-01
     -8.605  0.4383E-01  0.2097E-01  0.2012E-01
     -8.535  0.2984E-01  0.1829E-01  0.1735E-01
     -8.466  0.1951E-01  0.1630E-01  0.1514E-01
     -8.397  0.2859E-01  0.2722E-01  0.2523E-01
     -8.327  0.2519E-01  0.2528E-01  0.2207E-01
     -8.258  0.2560E-01  0.2569E-01  0.2269E-01
     -8.189  0.3125E-01  0.3113E-01  0.2698E-01
     -8.119  0.3294E-01  0.3700E-01  0.3131E-01
     -8.050  0.7956E-01  0.5836E-01  0.6124E-01
     -7.981  0.8932E-01  0.6058E-01  0.6560E-01
     -7.911  0.9648E-01  0.6856E-01  0.1083E+00
     -7.842  0.7670E-01  0.7730E-01  0.9644E-01
     -7.773  0.6037E-01  0.7307E-01  0.9161E-01
     -7.703  0.2481E-01  0.3859E-01  0.6364E-01
     -7.634  0.5117E-01  0.1675E+00  0.2320E+00
     -7.565  0.1678E-01  0.6940E-01  0.8692E-01
     -7.495  0.1725E-01  0.4897E-01  0.8809E-01
     -7.426  0.1248E-01  0.6402E-01  0.6773E-01
     -7.357  0.5660E-02  0.2995E-01  0.3700E-01
     -7.287  0.5135E-02  0.9168E-01  0.9617E-01
     -7.218  0.2675E-03  0.6472E-03  0.1554E-02
     -7.149  0.1725E-03  0.4020E-03  0.9674E-03
     -7.079  0.1066E-03  0.1906E-03  0.4689E-03
     -7.010  0.1704E-04  0.1110E-03  0.1752E-03
     -6.941  0.0000E+00  0.0000E+00  0.0000E+00
     -6.871  0.0000E+00  0.0000E+00  0.0000E+00
     -6.802  0.0000E+00  0.0000E+00  0.0000E+00
     -6.732  0.0000E+00  0.0000E+00  0.0000E+00
     -6.663  0.0000E+00  0.0000E+00  0.0000E+00
     -6.594  0.0000E+00  0.0000E+00  0.0000E+00
     -6.524  0.0000E+00  0.0000E+00  0.0000E+00
     -6.455  0.0000E+00  0.0000E+00  0.0000E+00
     -6.386  0.0000E+00  0.0000E+00  0.0000E+00
     -6.316  0.0000E+00  0.0000E+00  0.0000E+00
     -6.247  0.0000E+00  0.0000E+00  0.0000E+00
     -6.178  0.0000E+00  0.0000E+00  0.0000E+00
     -6.108  0.0000E+00  0.0000E+00  0.0000E+00
     -6.039  0.0000E+00  0.0000E+00  0.0000E+00
     -5.970  0.0000E+00  0.0000E+00  0.0000E+00
     -5.900  0.0000E+00  0.0000E+00  0.0000E+00
     -5.831  0.0000E+00  0.0000E+00  0.0000E+00
     -5.762  0.0000E+00  0.0000E+00  0.0000E+00
     -5.692  0.0000E+00  0.0000E+00  0.0000E+00
     -5.623  0.0000E+00  0.0000E+00  0.0000E+00
     -5.554  0.0000E+00  0.0000E+00  0.0000E+00
     -5.484  0.0000E+00  0.0000E+00  0.0000E+00
     -5.415  0.0000E+00  0.0000E+00  0.0000E+00
     -5.346  0.0000E+00  0.0000E+00  0.0000E+00
     -5.276  0.0000E+00  0.0000E+00  0.0000E+00
     -5.207  0.0000E+00  0.0000E+00  0.0000E+00
     -5.138  0.0000E+00  0.0000E+00  0.0000E+00
     -5.068  0.6022E-01  0.1207E-01  0.3341E-01
     -4.999  0.4186E-01  0.1038E-01  0.2300E-01
     -4.930  0.4039E-01  0.1101E-01  0.2131E-01
     -4.860  0.4643E-01  0.1175E-01  0.2227E-01
     -4.791  0.4961E-01  0.1297E-01  0.2489E-01
     -4.722  0.6267E-01  0.1803E-01  0.3354E-01
     -4.652  0.7587E-01  0.2304E-01  0.4292E-01
     -4.583  0.1134E+00  0.5672E-01  0.9736E-01
     -4.514  0.6909E-01  0.3411E-01  0.6206E-01
     -4.444  0.1170E+00  0.5074E-01  0.1135E+00
     -4.375  0.9885E-01  0.4522E-01  0.8099E-01
     -4.306  0.1047E+00  0.5509E-01  0.1475E+00
     -4.236  0.7401E-01  0.6349E-01  0.1543E+00
     -4.167  0.4080E-01  0.3288E-01  0.7913E-01
     -4.098  0.3139E+00  0.1756E+00  0.4423E+00
     -4.028  0.6001E-02  0.5305E-02  0.1344E-01
     -3.959  0.4798E-01  0.2946E-01  0.8065E-01
     -3.890  0.1353E+00  0.8362E-01  0.2352E+00
     -3.820  0.3408E-01  0.2125E-01  0.7586E-01
     -3.751  0.9969E-01  0.7367E-01  0.2827E+00
     -3.682  0.6351E-01  0.3501E-01  0.1065E+00
     -3.612  0.1245E+00  0.5525E-01  0.2006E+00
     -3.543  0.8304E-01  0.4579E-01  0.1808E+00
     -3.474  0.1062E+00  0.5495E-01  0.2453E+00
     -3.404  0.7432E-01  0.4463E-01  0.1848E+00
     -3.335  0.2367E-01  0.1044E-01  0.5279E-01
     -3.266  0.8922E-01  0.4183E-01  0.2706E+00
     -3.196  0.1214E+00  0.5324E-01  0.3653E+00
     -3.127  0.8567E-01  0.5001E-01  0.3688E+00
     -3.058  0.4659E-01  0.3450E-01  0.1743E+00
     -2.988  0.1057E+00  0.5470E-01  0.3289E+00
     -2.919  0.7366E-01  0.4170E-01  0.3233E+00
     -2.850  0.7337E-01  0.5443E-01  0.3751E+00
     -2.780  0.6944E-01  0.6540E-01  0.4716E+00
     -2.711  0.6552E-01  0.3678E-01  0.3677E+00
     -2.642  0.9594E-01  0.5134E-01  0.3390E+00
     -2.572  0.5895E-01  0.3990E-01  0.2909E+00
     -2.503  0.5594E-01  0.3746E-01  0.2494E+00
     -2.433  0.5279E-01  0.4156E-01  0.2141E+00
     -2.364  0.8536E-01  0.5128E-01  0.3923E+00
     -2.295  0.6028E-01  0.4007E-01  0.2073E+00
     -2.225  0.6342E-01  0.5529E-01  0.3869E+00
     -2.156  0.1705E-01  0.1271E-01  0.1125E+00
     -2.087  0.5985E-01  0.9507E-01  0.5262E+00
     -2.017  0.6820E-01  0.1057E+00  0.7136E+00
     -1.948  0.5457E-01  0.1060E+00  0.6747E+00
     -1.879  0.8543E-01  0.7870E-01  0.9476E+00
     -1.809  0.5974E-01  0.6644E-01  0.7796E+00
     -1.740  0.4128E-01  0.8099E-01  0.7395E+00
     -1.671  0.2584E-01  0.8674E-01  0.6709E+00
     -1.601  0.5895E-01  0.8866E-01  0.1268E+01
     -1.532  0.2298E-01  0.7289E-01  0.7078E+00
     -1.463  0.3408E-01  0.6813E-01  0.1058E+01
     -1.393  0.1924E-01  0.9967E-01  0.6939E+00
     -1.324  0.2955E-01  0.9181E-01  0.7316E+00
     -1.255  0.1617E-01  0.4026E-01  0.4695E+00
     -1.185  0.2027E-01  0.6661E-01  0.9932E+00
     -1.116  0.5183E-01  0.7737E-01  0.1092E+01
     -1.047  0.6732E-02  0.2051E-01  0.4235E+00
     -0.977  0.2054E-01  0.8648E-01  0.1863E+01
     -0.908  0.2336E-01  0.9919E-01  0.1598E+01
     -0.839  0.1313E-01  0.1065E+00  0.1971E+01
     -0.769  0.1100E-01  0.9193E-01  0.2013E+01
     -0.700  0.1861E-01  0.4921E-01  0.9892E+00
     -0.631  0.1818E-01  0.1135E+00  0.2388E+01
     -0.561  0.1311E-01  0.9520E-01  0.1680E+01
     -0.492  0.7948E-02  0.2474E-01  0.8756E+00
     -0.423  0.2400E-01  0.1539E+00  0.2722E+01
     -0.353  0.1345E-01  0.6581E-01  0.1424E+01
     -0.284  0.1655E-01  0.1091E+00  0.2961E+01
     -0.215  0.1362E-01  0.1165E+00  0.3258E+01
     -0.145  0.1246E-01  0.5873E-01  0.2757E+01
     -0.076  0.1347E-01  0.7930E-01  0.2876E+01
     -0.007  0.1489E-01  0.5370E-01  0.2647E+01
      0.063  0.1473E-01  0.6780E-01  0.2511E+01
      0.132  0.1859E-01  0.7956E-01  0.3644E+01
      0.201  0.3552E-01  0.8219E-01  0.4740E+01
      0.271  0.1524E-01  0.5766E-01  0.1865E+01
      0.340  0.6697E-01  0.1308E+00  0.5267E+01
      0.409  0.1713E-01  0.4008E-01  0.1736E+01
      0.479  0.2339E-01  0.8584E-01  0.4282E+01
      0.548  0.7749E-02  0.3163E-01  0.2307E+01
      0.617  0.1066E-01  0.3482E-01  0.2363E+01
      0.687  0.2622E-01  0.6502E-01  0.3770E+01
      0.756  0.2321E-01  0.7383E-01  0.4297E+01
      0.825  0.2294E-01  0.5758E-01  0.2936E+01
      0.895  0.2178E-01  0.1235E+00  0.2752E+01
      0.964  0.1573E-01  0.7031E-01  0.2097E+01
      1.033  0.2327E-01  0.1182E+00  0.3533E+01
      1.103  0.1618E-01  0.4499E-01  0.1081E+01
      1.172  0.3222E-01  0.1146E+00  0.2305E+01
      1.241  0.2518E-01  0.6096E-01  0.1224E+01
      1.311  0.1632E-01  0.5474E-01  0.1240E+01
      1.380  0.4390E-01  0.6069E-01  0.1195E+01
      1.449  0.4284E-01  0.1025E+00  0.1764E+01
      1.519  0.1475E-01  0.3303E-01  0.9393E+00
      1.588  0.4576E-01  0.3928E-01  0.1278E+01
      1.657  0.1419E+00  0.7712E-01  0.1524E+01
      1.727  0.5239E-01  0.7795E-01  0.1101E+01
      1.796  0.4173E-01  0.8659E-01  0.1066E+01
      1.866  0.2183E-01  0.3833E-01  0.5125E+00
      1.935  0.1118E-01  0.1369E-01  0.2836E+00
      2.004  0.1226E-01  0.2115E-01  0.3056E+00
      2.074  0.4694E-01  0.6280E-01  0.8278E+00
      2.143  0.2844E-01  0.5020E-01  0.5842E+00
      2.212  0.1791E-01  0.3684E-01  0.4330E+00
      2.282  0.7774E-02  0.2763E-01  0.3648E+00
      2.351  0.3512E-01  0.7652E-01  0.7055E+00
      2.420  0.2508E-01  0.4317E-01  0.4650E+00
      2.490  0.2403E-01  0.4198E-01  0.2951E+00
      2.559  0.2919E-01  0.3827E-01  0.3000E+00
      2.628  0.3640E-01  0.5932E-01  0.4330E+00
      2.698  0.4185E-01  0.8781E-01  0.4877E+00
      2.767  0.2045E-01  0.5363E-01  0.4031E+00
      2.836  0.2693E-01  0.4665E-01  0.3225E+00
      2.906  0.2759E-01  0.4836E-01  0.4065E+00
      2.975  0.2643E-01  0.5933E-01  0.3978E+00
      3.044  0.3331E-01  0.8319E-01  0.5603E+00
      3.114  0.3239E-01  0.8996E-01  0.4221E+00
      3.183  0.2852E-01  0.7238E-01  0.3844E+00
      3.252  0.2552E-01  0.5237E-01  0.3085E+00
      3.322  0.2584E-01  0.3854E-01  0.2699E+00
      3.391  0.2133E-01  0.3887E-01  0.3467E+00
      3.460  0.1731E-01  0.4301E-01  0.2690E+00
      3.530  0.1743E-01  0.3548E-01  0.2009E+00
      3.599  0.2096E-01  0.5555E-01  0.2982E+00
      3.668  0.3395E-01  0.8295E-01  0.4203E+00
      3.738  0.3408E-01  0.9151E-01  0.3332E+00
      3.807  0.1828E-01  0.5658E-01  0.2518E+00
      3.876  0.2259E-01  0.7386E-01  0.2371E+00
      3.946  0.1787E-01  0.7321E-01  0.2254E+00
      4.015  0.1891E-01  0.5821E-01  0.3180E+00
      4.084  0.1188E-01  0.4346E-01  0.2252E+00
      4.154  0.2154E-01  0.5293E-01  0.2170E+00
      4.223  0.2195E-01  0.4109E-01  0.1729E+00
      4.292  0.8868E-02  0.3582E-01  0.1319E+00
      4.362  0.3010E-01  0.5553E-01  0.1703E+00
      4.431  0.2511E-01  0.6402E-01  0.1842E+00
      4.500  0.1914E-01  0.6332E-01  0.1809E+00
      4.570  0.1926E-01  0.6717E-01  0.2691E+00
      4.639  0.1186E-01  0.3776E-01  0.1382E+00
      4.708  0.2515E-01  0.6543E-01  0.1740E+00
      4.778  0.3507E-01  0.8350E-01  0.3284E+00
      4.847  0.1818E-01  0.5228E-01  0.1681E+00
      4.916  0.1782E-01  0.5688E-01  0.1681E+00
      4.986  0.3239E-01  0.7298E-01  0.2933E+00
      5.055  0.2993E-01  0.8293E-01  0.2653E+00
      5.124  0.6948E-01  0.1310E+00  0.4792E+00
      5.194  0.1605E-01  0.5171E-01  0.1567E+00
      5.263  0.1159E-01  0.3879E-01  0.1306E+00
      5.332  0.1839E-01  0.5321E-01  0.1386E+00
      5.402  0.1084E-01  0.5138E-01  0.1767E+00
      5.471  0.9039E-02  0.5892E-01  0.1304E+00
      5.540  0.8806E-02  0.4403E-01  0.7485E-01
      5.610  0.7227E-02  0.3624E-01  0.1001E+00
      5.679  0.9465E-02  0.3495E-01  0.1039E+00
      5.748  0.1103E-01  0.3060E-01  0.9855E-01
      5.818  0.1213E-01  0.2468E-01  0.1111E+00
      5.887  0.7965E-02  0.1537E-01  0.6452E-01
      5.956  0.1359E-01  0.1730E-01  0.6645E-01
      6.026  0.8983E-02  0.1075E-01  0.3325E-01
      6.095  0.6288E-02  0.7949E-02  0.3150E-01
      6.165  0.5016E-02  0.5680E-02  0.1379E-01
      6.234  0.7873E-02  0.8705E-02  0.1983E-01
      6.303  0.1074E-01  0.1185E-01  0.2482E-01
      6.373  0.1208E-01  0.1313E-01  0.2490E-01
      6.442  0.1219E-01  0.2002E-01  0.3085E-01
      6.511  0.7150E-02  0.1504E-01  0.2132E-01
      6.581  0.6424E-02  0.7376E-02  0.1155E-01
      6.650  0.3442E-02  0.3592E-02  0.5651E-02
      6.719  0.0000E+00  0.0000E+00  0.0000E+00
      6.789  0.0000E+00  0.0000E+00  0.0000E+00
      6.858  0.0000E+00  0.0000E+00  0.0000E+00
      6.927  0.0000E+00  0.0000E+00  0.0000E+00
      6.997  0.0000E+00  0.0000E+00  0.0000E+00
      7.066  0.0000E+00  0.0000E+00  0.0000E+00
      7.135  0.0000E+00  0.0000E+00  0.0000E+00
      7.205  0.0000E+00  0.0000E+00  0.0000E+00
      7.274  0.0000E+00  0.0000E+00  0.0000E+00
      7.343  0.0000E+00  0.0000E+00  0.0000E+00
      7.413  0.0000E+00  0.0000E+00  0.0000E+00
      7.482  0.0000E+00  0.0000E+00  0.0000E+00
      7.551  0.0000E+00  0.0000E+00  0.0000E+00
      7.621  0.0000E+00  0.0000E+00  0.0000E+00
      7.690  0.0000E+00  0.0000E+00  0.0000E+00
