    -13.112  0.0000E+00  0.0000E+00  0.0000E+00
    -13.042  0.0000E+00  0.0000E+00  0.0000E+00
    -12.973  0.0000E+00  0.0000E+00  0.0000E+00
    -12.904  0.0000E+00  0.0000E+00  0.0000E+00
    -12.834  0.0000E+00  0.0000E+00  0.0000E+00
    -12.765  0.0000E+00  0.0000E+00  0.0000E+00
    -12.696  0.0000E+00  0.0000E+00  0.0000E+00
    -12.626  0.0000E+00  0.0000E+00  0.0000E+00
    -12.557  0.0000E+00  0.0000E+00  0.0000E+00
    -12.488  0.0000E+00  0.0000E+00  0.0000E+00
    -12.418  0.0000E+00  0.0000E+00  0.0000E+00
    -12.349  0.0000E+00  0.0000E+00  0.0000E+00
    -12.280  0.0000E+00  0.0000E+00  0.0000E+00
    -12.210  0.0000E+00  0.0000E+00  0.0000E+00
    -12.141  0.0000E+00  0.0000E+00  0.0000E+00
    -12.072  0.2461E-01  0.2575E-02  0.0000E+00
    -12.002  0.3166E-01  0.3371E-02  0.0000E+00
    -11.933  0.2945E-01  0.3189E-02  0.0000E+00
    -11.864  0.2963E-01  0.3230E-02  0.0000E+00
    -11.794  0.3337E-01  0.3706E-02  0.0000E+00
    -11.725  0.3470E-01  0.4074E-02  0.0000E+00
    -11.656  0.3624E-01  0.4341E-02  0.0000E+00
    -11.586  0.3800E-01  0.4610E-02  0.0000E+00
    -11.517  0.7017E-01  0.7749E-02  0.0000E+00
    -11.448  0.4406E-01  0.5261E-02  0.0000E+00
    -11.378  0.5959E-01  0.6941E-02  0.0000E+00
    -11.309  0.8214E-01  0.9222E-02  0.0000E+00
    -11.240  0.1003E+00  0.1126E-01  0.0000E+00
    -11.170  0.4777E-01  0.5460E-02  0.0000E+00
    -11.101  0.6026E-01  0.6815E-02  0.0000E+00
    -11.032  0.7982E-01  0.9349E-02  0.0000E+00
    -10.962  0.6455E-01  0.7873E-02  0.0000E+00
    -10.893  0.7381E-01  0.9498E-02  0.0000E+00
    -10.823  0.9291E-01  0.1203E-01  0.0000E+00
    -10.754  0.1201E+00  0.1539E-01  0.0000E+00
    -10.685  0.1872E+00  0.2218E-01  0.0000E+00
    -10.615  0.9584E-01  0.1134E-01  0.0000E+00
    -10.546  0.7218E-01  0.8461E-02  0.0000E+00
    -10.477  0.1081E+00  0.1291E-01  0.0000E+00
    -10.407  0.1065E+00  0.1163E-01  0.0000E+00
    -10.338  0.1409E+00  0.1699E-01  0.0000E+00
    -10.269  0.9353E-01  0.1121E-01  0.0000E+00
    -10.199  0.6694E-01  0.8200E-02  0.0000E+00
    -10.130  0.1797E-01  0.1687E-02  0.0000E+00
    -10.061  0.4570E-01  0.3372E-02  0.0000E+00
     -9.991  0.1749E-01  0.1776E-02  0.0000E+00
     -9.922  0.1526E-01  0.1527E-02  0.0000E+00
     -9.853  0.1285E-01  0.1259E-02  0.0000E+00
     -9.783  0.1152E-01  0.1108E-02  0.0000E+00
     -9.714  0.5187E-02  0.4235E-03  0.0000E+00
     -9.645  0.4466E-02  0.3646E-03  0.0000E+00
     -9.575  0.4073E-02  0.3331E-03  0.0000E+00
     -9.506  0.3681E-02  0.3057E-03  0.0000E+00
     -9.437  0.4729E-02  0.4064E-03  0.0000E+00
     -9.367  0.2779E-02  0.2456E-03  0.0000E+00
     -9.298  0.0000E+00  0.0000E+00  0.0000E+00
     -9.229  0.6588E-01  0.1488E-02  0.0000E+00
     -9.159  0.1463E+00  0.3387E-02  0.0000E+00
     -9.090  0.1329E+00  0.3114E-02  0.0000E+00
     -9.021  0.1671E+00  0.4280E-02  0.0000E+00
     -8.951  0.1950E+00  0.5679E-02  0.0000E+00
     -8.882  0.2100E+00  0.7421E-02  0.0000E+00
     -8.813  0.3042E+00  0.1600E-01  0.0000E+00
     -8.743  0.1231E+00  0.6230E-02  0.0000E+00
     -8.674  0.1041E+00  0.6872E-02  0.0000E+00
     -8.605  0.1671E+00  0.8353E-02  0.0000E+00
     -8.535  0.1328E+00  0.6414E-02  0.0000E+00
     -8.466  0.1073E+00  0.4894E-02  0.0000E+00
     -8.397  0.2427E+00  0.7595E-02  0.0000E+00
     -8.327  0.2348E+00  0.7108E-02  0.0000E+00
     -8.258  0.2401E+00  0.7016E-02  0.0000E+00
     -8.189  0.2920E+00  0.7954E-02  0.0000E+00
     -8.119  0.3229E+00  0.8637E-02  0.0000E+00
     -8.050  0.6473E+00  0.1379E-01  0.0000E+00
     -7.981  0.7466E+00  0.1549E-01  0.0000E+00
     -7.911  0.9313E+00  0.1765E-01  0.0000E+00
     -7.842  0.9859E+00  0.1517E-01  0.0000E+00
     -7.773  0.7522E+00  0.1288E-01  0.0000E+00
     -7.703  0.4141E+00  0.7309E-02  0.0000E+00
     -7.634  0.1578E+01  0.2430E-01  0.0000E+00
     -7.565  0.4994E+00  0.7711E-02  0.0000E+00
     -7.495  0.4562E+00  0.9149E-02  0.0000E+00
     -7.426  0.4631E+00  0.8807E-02  0.0000E+00
     -7.357  0.2580E+00  0.4804E-02  0.0000E+00
     -7.287  0.6938E+00  0.1191E-01  0.0000E+00
     -7.218  0.6689E-02  0.1185E-03  0.0000E+00
     -7.149  0.4498E-02  0.8417E-04  0.0000E+00
     -7.079  0.2015E-02  0.4655E-04  0.0000E+00
     -7.010  0.6320E-03  0.1522E-04  0.0000E+00
     -6.941  0.0000E+00  0.0000E+00  0.0000E+00
     -6.871  0.0000E+00  0.0000E+00  0.0000E+00
     -6.802  0.0000E+00  0.0000E+00  0.0000E+00
     -6.732  0.0000E+00  0.0000E+00  0.0000E+00
     -6.663  0.0000E+00  0.0000E+00  0.0000E+00
     -6.594  0.0000E+00  0.0000E+00  0.0000E+00
     -6.524  0.0000E+00  0.0000E+00  0.0000E+00
     -6.455  0.0000E+00  0.0000E+00  0.0000E+00
     -6.386  0.0000E+00  0.0000E+00  0.0000E+00
     -6.316  0.0000E+00  0.0000E+00  0.0000E+00
     -6.247  0.0000E+00  0.0000E+00  0.0000E+00
     -6.178  0.0000E+00  0.0000E+00  0.0000E+00
     -6.108  0.0000E+00  0.0000E+00  0.0000E+00
     -6.039  0.0000E+00  0.0000E+00  0.0000E+00
     -5.970  0.0000E+00  0.0000E+00  0.0000E+00
     -5.900  0.0000E+00  0.0000E+00  0.0000E+00
     -5.831  0.0000E+00  0.0000E+00  0.0000E+00
     -5.762  0.0000E+00  0.0000E+00  0.0000E+00
     -5.692  0.0000E+00  0.0000E+00  0.0000E+00
     -5.623  0.0000E+00  0.0000E+00  0.0000E+00
     -5.554  0.0000E+00  0.0000E+00  0.0000E+00
     -5.484  0.0000E+00  0.0000E+00  0.0000E+00
     -5.415  0.0000E+00  0.0000E+00  0.0000E+00
     -5.346  0.0000E+00  0.0000E+00  0.0000E+00
     -5.276  0.0000E+00  0.0000E+00  0.0000E+00
     -5.207  0.0000E+00  0.0000E+00  0.0000E+00
     -5.138  0.0000E+00  0.0000E+00  0.0000E+00
     -5.068  0.7799E-02  0.3311E-01  0.0000E+00
     -4.999  0.5020E-02  0.2379E-01  0.0000E+00
     -4.930  0.5155E-02  0.2315E-01  0.0000E+00
     -4.860  0.7056E-02  0.2461E-01  0.0000E+00
     -4.791  0.9006E-02  0.2587E-01  0.0000E+00
     -4.722  0.1594E-01  0.3163E-01  0.0000E+00
     -4.652  0.2396E-01  0.3733E-01  0.0000E+00
     -4.583  0.7880E-01  0.6090E-01  0.0000E+00
     -4.514  0.2689E-01  0.4213E-01  0.0000E+00
     -4.444  0.5975E-01  0.5895E-01  0.0000E+00
     -4.375  0.4652E-01  0.3194E-01  0.0000E+00
     -4.306  0.6211E-01  0.7443E-01  0.0000E+00
     -4.236  0.3771E-01  0.5584E-01  0.0000E+00
     -4.167  0.2046E-01  0.2933E-01  0.0000E+00
     -4.098  0.1014E+00  0.1429E+00  0.0000E+00
     -4.028  0.5357E-02  0.8618E-02  0.0000E+00
     -3.959  0.3624E-01  0.4396E-01  0.0000E+00
     -3.890  0.7982E-01  0.1094E+00  0.0000E+00
     -3.820  0.2373E-01  0.3100E-01  0.0000E+00
     -3.751  0.8622E-01  0.1257E+00  0.0000E+00
     -3.682  0.4074E-01  0.5882E-01  0.0000E+00
     -3.612  0.3382E-01  0.9150E-01  0.0000E+00
     -3.543  0.3868E-01  0.1021E+00  0.0000E+00
     -3.474  0.4619E-01  0.1574E+00  0.0000E+00
     -3.404  0.2450E-01  0.1094E+00  0.0000E+00
     -3.335  0.1512E-01  0.3189E-01  0.0000E+00
     -3.266  0.4406E-01  0.1989E+00  0.0000E+00
     -3.196  0.7656E-01  0.2751E+00  0.0000E+00
     -3.127  0.5997E-01  0.2275E+00  0.0000E+00
     -3.058  0.2459E-01  0.9929E-01  0.0000E+00
     -2.988  0.3569E-01  0.1643E+00  0.0000E+00
     -2.919  0.3724E-01  0.1739E+00  0.0000E+00
     -2.850  0.2388E-01  0.1634E+00  0.0000E+00
     -2.780  0.3492E-01  0.1498E+00  0.0000E+00
     -2.711  0.2278E-01  0.1358E+00  0.0000E+00
     -2.642  0.2210E-01  0.1658E+00  0.0000E+00
     -2.572  0.1735E-01  0.1475E+00  0.0000E+00
     -2.503  0.1322E-01  0.1170E+00  0.0000E+00
     -2.433  0.1407E-01  0.1118E+00  0.0000E+00
     -2.364  0.1944E-01  0.1858E+00  0.0000E+00
     -2.295  0.9906E-02  0.1100E+00  0.0000E+00
     -2.225  0.1364E-01  0.1937E+00  0.0000E+00
     -2.156  0.9442E-02  0.5138E-01  0.0000E+00
     -2.087  0.3418E-01  0.2702E+00  0.0000E+00
     -2.017  0.1812E-01  0.3057E+00  0.0000E+00
     -1.948  0.7126E-02  0.2937E+00  0.0000E+00
     -1.879  0.2133E-01  0.5085E+00  0.0000E+00
     -1.809  0.1896E-01  0.3042E+00  0.0000E+00
     -1.740  0.1614E-01  0.2778E+00  0.0000E+00
     -1.671  0.1495E-01  0.2924E+00  0.0000E+00
     -1.601  0.2507E-01  0.4274E+00  0.0000E+00
     -1.532  0.2097E-01  0.3252E+00  0.0000E+00
     -1.463  0.2313E-01  0.2795E+00  0.0000E+00
     -1.393  0.1186E-01  0.2467E+00  0.0000E+00
     -1.324  0.1499E-01  0.2596E+00  0.0000E+00
     -1.255  0.7061E-02  0.1143E+00  0.0000E+00
     -1.185  0.9775E-02  0.1544E+00  0.0000E+00
     -1.116  0.2349E-01  0.2321E+00  0.0000E+00
     -1.047  0.4418E-02  0.6344E-01  0.0000E+00
     -0.977  0.1629E-01  0.2763E+00  0.0000E+00
     -0.908  0.2506E-01  0.2588E+00  0.0000E+00
     -0.839  0.4061E-01  0.3510E+00  0.0000E+00
     -0.769  0.3630E-01  0.3152E+00  0.0000E+00
     -0.700  0.1063E-01  0.1134E+00  0.0000E+00
     -0.631  0.4446E-01  0.3329E+00  0.0000E+00
     -0.561  0.5503E-01  0.3195E+00  0.0000E+00
     -0.492  0.8321E-02  0.8523E-01  0.0000E+00
     -0.423  0.6963E-01  0.5153E+00  0.0000E+00
     -0.353  0.1796E-01  0.1614E+00  0.0000E+00
     -0.284  0.2375E-01  0.2731E+00  0.0000E+00
     -0.215  0.3183E-01  0.3528E+00  0.0000E+00
     -0.145  0.2511E-01  0.1697E+00  0.0000E+00
     -0.076  0.1022E-01  0.1461E+00  0.0000E+00
     -0.007  0.1246E-01  0.1353E+00  0.0000E+00
      0.063  0.1273E-01  0.1715E+00  0.0000E+00
      0.132  0.1713E-01  0.1851E+00  0.0000E+00
      0.201  0.3032E-01  0.2000E+00  0.0000E+00
      0.271  0.8214E-02  0.9951E-01  0.0000E+00
      0.340  0.4473E-01  0.2388E+00  0.0000E+00
      0.409  0.1404E-01  0.6313E-01  0.0000E+00
      0.479  0.2522E-01  0.1298E+00  0.0000E+00
      0.548  0.2216E-01  0.8710E-01  0.0000E+00
      0.617  0.3006E-01  0.1209E+00  0.0000E+00
      0.687  0.4064E-01  0.1955E+00  0.0000E+00
      0.756  0.4872E-01  0.2111E+00  0.0000E+00
      0.825  0.2032E-01  0.1214E+00  0.0000E+00
      0.895  0.4960E-01  0.2759E+00  0.0000E+00
      0.964  0.2059E-01  0.1108E+00  0.0000E+00
      1.033  0.6758E-01  0.3003E+00  0.0000E+00
      1.103  0.8681E-02  0.8411E-01  0.0000E+00
      1.172  0.3159E-01  0.2344E+00  0.0000E+00
      1.241  0.2931E-01  0.1368E+00  0.0000E+00
      1.311  0.4263E-01  0.1615E+00  0.0000E+00
      1.380  0.2555E-01  0.1981E+00  0.0000E+00
      1.449  0.4245E-01  0.3967E+00  0.0000E+00
      1.519  0.1310E-01  0.9990E-01  0.0000E+00
      1.588  0.2566E-01  0.2486E+00  0.0000E+00
      1.657  0.6673E-01  0.4105E+00  0.0000E+00
      1.727  0.2380E-01  0.2684E+00  0.0000E+00
      1.796  0.2053E-01  0.3583E+00  0.0000E+00
      1.866  0.9415E-02  0.1844E+00  0.0000E+00
      1.935  0.5853E-02  0.6815E-01  0.0000E+00
      2.004  0.8536E-02  0.1130E+00  0.0000E+00
      2.074  0.1957E-01  0.2415E+00  0.0000E+00
      2.143  0.1180E-01  0.1754E+00  0.0000E+00
      2.212  0.1045E-01  0.1404E+00  0.0000E+00
      2.282  0.4996E-02  0.1049E+00  0.0000E+00
      2.351  0.9062E-02  0.2358E+00  0.0000E+00
      2.420  0.8373E-02  0.1388E+00  0.0000E+00
      2.490  0.7218E-02  0.1089E+00  0.0000E+00
      2.559  0.6863E-02  0.1257E+00  0.0000E+00
      2.628  0.9888E-02  0.1796E+00  0.0000E+00
      2.698  0.1779E-01  0.2572E+00  0.0000E+00
      2.767  0.9043E-02  0.1733E+00  0.0000E+00
      2.836  0.9433E-02  0.1639E+00  0.0000E+00
      2.906  0.9571E-02  0.1759E+00  0.0000E+00
      2.975  0.1343E-01  0.1863E+00  0.0000E+00
      3.044  0.1860E-01  0.3219E+00  0.0000E+00
      3.114  0.1192E-01  0.2904E+00  0.0000E+00
      3.183  0.1574E-01  0.2968E+00  0.0000E+00
      3.252  0.9271E-02  0.2063E+00  0.0000E+00
      3.322  0.6920E-02  0.2203E+00  0.0000E+00
      3.391  0.7280E-02  0.2395E+00  0.0000E+00
      3.460  0.1248E-01  0.1791E+00  0.0000E+00
      3.530  0.7615E-02  0.1625E+00  0.0000E+00
      3.599  0.9096E-02  0.2069E+00  0.0000E+00
      3.668  0.1666E-01  0.3436E+00  0.0000E+00
      3.738  0.1371E-01  0.2753E+00  0.0000E+00
      3.807  0.1314E-01  0.2045E+00  0.0000E+00
      3.876  0.1469E-01  0.2375E+00  0.0000E+00
      3.946  0.1222E-01  0.2330E+00  0.0000E+00
      4.015  0.1606E-01  0.2572E+00  0.0000E+00
      4.084  0.1264E-01  0.1900E+00  0.0000E+00
      4.154  0.1751E-01  0.2329E+00  0.0000E+00
      4.223  0.1457E-01  0.1636E+00  0.0000E+00
      4.292  0.9061E-02  0.1332E+00  0.0000E+00
      4.362  0.1596E-01  0.1689E+00  0.0000E+00
      4.431  0.1416E-01  0.2019E+00  0.0000E+00
      4.500  0.1476E-01  0.1654E+00  0.0000E+00
      4.570  0.1620E-01  0.2491E+00  0.0000E+00
      4.639  0.1436E-01  0.1138E+00  0.0000E+00
      4.708  0.1805E-01  0.1505E+00  0.0000E+00
      4.778  0.3446E-01  0.2291E+00  0.0000E+00
      4.847  0.1263E-01  0.1366E+00  0.0000E+00
      4.916  0.1079E-01  0.1432E+00  0.0000E+00
      4.986  0.2934E-01  0.2198E+00  0.0000E+00
      5.055  0.2364E-01  0.2552E+00  0.0000E+00
      5.124  0.6203E-01  0.3937E+00  0.0000E+00
      5.194  0.1267E-01  0.1564E+00  0.0000E+00
      5.263  0.2034E-01  0.1421E+00  0.0000E+00
      5.332  0.2174E-01  0.1628E+00  0.0000E+00
      5.402  0.1620E-01  0.2227E+00  0.0000E+00
      5.471  0.1077E-01  0.1597E+00  0.0000E+00
      5.540  0.1702E-01  0.9640E-01  0.0000E+00
      5.610  0.2747E-01  0.1335E+00  0.0000E+00
      5.679  0.3698E-01  0.1575E+00  0.0000E+00
      5.748  0.2684E-01  0.1377E+00  0.0000E+00
      5.818  0.2316E-01  0.1481E+00  0.0000E+00
      5.887  0.1821E-01  0.6500E-01  0.0000E+00
      5.956  0.2175E-01  0.5773E-01  0.0000E+00
      6.026  0.1194E-01  0.2377E-01  0.0000E+00
      6.095  0.7845E-02  0.2329E-01  0.0000E+00
      6.165  0.4322E-02  0.1102E-01  0.0000E+00
      6.234  0.6582E-02  0.1456E-01  0.0000E+00
      6.303  0.8586E-02  0.1724E-01  0.0000E+00
      6.373  0.9285E-02  0.1648E-01  0.0000E+00
      6.442  0.1377E-01  0.2030E-01  0.0000E+00
      6.511  0.1106E-01  0.1413E-01  0.0000E+00
      6.581  0.6530E-02  0.5748E-02  0.0000E+00
      6.650  0.3044E-02  0.2431E-02  0.0000E+00
      6.719  0.0000E+00  0.0000E+00  0.0000E+00
      6.789  0.0000E+00  0.0000E+00  0.0000E+00
      6.858  0.0000E+00  0.0000E+00  0.0000E+00
      6.927  0.0000E+00  0.0000E+00  0.0000E+00
      6.997  0.0000E+00  0.0000E+00  0.0000E+00
      7.066  0.0000E+00  0.0000E+00  0.0000E+00
      7.135  0.0000E+00  0.0000E+00  0.0000E+00
      7.205  0.0000E+00  0.0000E+00  0.0000E+00
      7.274  0.0000E+00  0.0000E+00  0.0000E+00
      7.343  0.0000E+00  0.0000E+00  0.0000E+00
      7.413  0.0000E+00  0.0000E+00  0.0000E+00
      7.482  0.0000E+00  0.0000E+00  0.0000E+00
      7.551  0.0000E+00  0.0000E+00  0.0000E+00
      7.621  0.0000E+00  0.0000E+00  0.0000E+00
      7.690  0.0000E+00  0.0000E+00  0.0000E+00
