    -13.112  0.0000E+00  0.0000E+00  0.0000E+00
    -13.042  0.0000E+00  0.0000E+00  0.0000E+00
    -12.973  0.0000E+00  0.0000E+00  0.0000E+00
    -12.904  0.0000E+00  0.0000E+00  0.0000E+00
    -12.834  0.0000E+00  0.0000E+00  0.0000E+00
    -12.765  0.0000E+00  0.0000E+00  0.0000E+00
    -12.696  0.0000E+00  0.0000E+00  0.0000E+00
    -12.626  0.0000E+00  0.0000E+00  0.0000E+00
    -12.557  0.0000E+00  0.0000E+00  0.0000E+00
    -12.488  0.0000E+00  0.0000E+00  0.0000E+00
    -12.418  0.0000E+00  0.0000E+00  0.0000E+00
    -12.349  0.0000E+00  0.0000E+00  0.0000E+00
    -12.280  0.0000E+00  0.0000E+00  0.0000E+00
    -12.210  0.0000E+00  0.0000E+00  0.0000E+00
    -12.141  0.0000E+00  0.0000E+00  0.0000E+00
    -12.072  0.2205E-01  0.6269E-03  0.0000E+00
    -12.002  0.2769E-01  0.8437E-03  0.0000E+00
    -11.933  0.2441E-01  0.8292E-03  0.0000E+00
    -11.864  0.2300E-01  0.8683E-03  0.0000E+00
    -11.794  0.2540E-01  0.1000E-02  0.0000E+00
    -11.725  0.2706E-01  0.1033E-02  0.0000E+00
    -11.656  0.2604E-01  0.1082E-02  0.0000E+00
    -11.586  0.2531E-01  0.1129E-02  0.0000E+00
    -11.517  0.1349E+00  0.2079E-02  0.0000E+00
    -11.448  0.5663E-01  0.1378E-02  0.0000E+00
    -11.378  0.1050E+00  0.2157E-02  0.0000E+00
    -11.309  0.1587E+00  0.3305E-02  0.0000E+00
    -11.240  0.1987E+00  0.4136E-02  0.0000E+00
    -11.170  0.9260E-01  0.2112E-02  0.0000E+00
    -11.101  0.1201E+00  0.2947E-02  0.0000E+00
    -11.032  0.1320E+00  0.3865E-02  0.0000E+00
    -10.962  0.1250E+00  0.4144E-02  0.0000E+00
    -10.893  0.1447E+00  0.5091E-02  0.0000E+00
    -10.823  0.1452E+00  0.5015E-02  0.0000E+00
    -10.754  0.1204E+00  0.4951E-02  0.0000E+00
    -10.685  0.1787E+00  0.1531E-01  0.0000E+00
    -10.615  0.9465E-01  0.9474E-02  0.0000E+00
    -10.546  0.1052E+00  0.9373E-02  0.0000E+00
    -10.477  0.1692E+00  0.1411E-01  0.0000E+00
    -10.407  0.3292E+00  0.1804E-01  0.0000E+00
    -10.338  0.4577E+00  0.2402E-01  0.0000E+00
    -10.269  0.2150E+00  0.1398E-01  0.0000E+00
    -10.199  0.3964E+00  0.2293E-01  0.0000E+00
    -10.130  0.2597E+00  0.1774E-01  0.0000E+00
    -10.061  0.3252E+00  0.3089E-01  0.0000E+00
     -9.991  0.3181E+00  0.2237E-01  0.0000E+00
     -9.922  0.3023E+00  0.2064E-01  0.0000E+00
     -9.853  0.2556E+00  0.1703E-01  0.0000E+00
     -9.783  0.1982E+00  0.1311E-01  0.0000E+00
     -9.714  0.4507E-01  0.6924E-02  0.0000E+00
     -9.645  0.4008E-01  0.6208E-02  0.0000E+00
     -9.575  0.4587E-01  0.5771E-02  0.0000E+00
     -9.506  0.4063E-01  0.5369E-02  0.0000E+00
     -9.437  0.5147E-01  0.7063E-02  0.0000E+00
     -9.367  0.3070E-01  0.4214E-02  0.0000E+00
     -9.298  0.0000E+00  0.0000E+00  0.0000E+00
     -9.229  0.4337E-01  0.1483E-03  0.0000E+00
     -9.159  0.9573E-01  0.3512E-03  0.0000E+00
     -9.090  0.8198E-01  0.3561E-03  0.0000E+00
     -9.021  0.1131E+00  0.4759E-03  0.0000E+00
     -8.951  0.1357E+00  0.8423E-03  0.0000E+00
     -8.882  0.1522E+00  0.1336E-02  0.0000E+00
     -8.813  0.2306E+00  0.3693E-02  0.0000E+00
     -8.743  0.7886E-01  0.1796E-02  0.0000E+00
     -8.674  0.6749E-01  0.1909E-02  0.0000E+00
     -8.605  0.1010E+00  0.2211E-02  0.0000E+00
     -8.535  0.7798E-01  0.1719E-02  0.0000E+00
     -8.466  0.6183E-01  0.1312E-02  0.0000E+00
     -8.397  0.3396E+00  0.7313E-02  0.0000E+00
     -8.327  0.2803E+00  0.6197E-02  0.0000E+00
     -8.258  0.3192E+00  0.6920E-02  0.0000E+00
     -8.189  0.3966E+00  0.8491E-02  0.0000E+00
     -8.119  0.4459E+00  0.9577E-02  0.0000E+00
     -8.050  0.5500E+00  0.1519E-01  0.0000E+00
     -7.981  0.4857E+00  0.1720E-01  0.0000E+00
     -7.911  0.5644E+00  0.2110E-01  0.0000E+00
     -7.842  0.4259E+00  0.1328E-01  0.0000E+00
     -7.773  0.4361E+00  0.2800E-01  0.0000E+00
     -7.703  0.2348E+00  0.1313E-01  0.0000E+00
     -7.634  0.4631E+00  0.3059E-01  0.0000E+00
     -7.565  0.2319E+00  0.1602E-01  0.0000E+00
     -7.495  0.2127E+00  0.1380E-01  0.0000E+00
     -7.426  0.3673E+00  0.1578E-01  0.0000E+00
     -7.357  0.8766E-01  0.5428E-02  0.0000E+00
     -7.287  0.1268E+00  0.8229E-02  0.0000E+00
     -7.218  0.1360E+00  0.7335E-02  0.0000E+00
     -7.149  0.1209E+00  0.5164E-02  0.0000E+00
     -7.079  0.1044E+00  0.3805E-02  0.0000E+00
     -7.010  0.3911E-01  0.1906E-02  0.0000E+00
     -6.941  0.0000E+00  0.0000E+00  0.0000E+00
     -6.871  0.0000E+00  0.0000E+00  0.0000E+00
     -6.802  0.0000E+00  0.0000E+00  0.0000E+00
     -6.732  0.0000E+00  0.0000E+00  0.0000E+00
     -6.663  0.0000E+00  0.0000E+00  0.0000E+00
     -6.594  0.0000E+00  0.0000E+00  0.0000E+00
     -6.524  0.0000E+00  0.0000E+00  0.0000E+00
     -6.455  0.0000E+00  0.0000E+00  0.0000E+00
     -6.386  0.0000E+00  0.0000E+00  0.0000E+00
     -6.316  0.0000E+00  0.0000E+00  0.0000E+00
     -6.247  0.0000E+00  0.0000E+00  0.0000E+00
     -6.178  0.0000E+00  0.0000E+00  0.0000E+00
     -6.108  0.0000E+00  0.0000E+00  0.0000E+00
     -6.039  0.0000E+00  0.0000E+00  0.0000E+00
     -5.970  0.0000E+00  0.0000E+00  0.0000E+00
     -5.900  0.0000E+00  0.0000E+00  0.0000E+00
     -5.831  0.0000E+00  0.0000E+00  0.0000E+00
     -5.762  0.0000E+00  0.0000E+00  0.0000E+00
     -5.692  0.0000E+00  0.0000E+00  0.0000E+00
     -5.623  0.0000E+00  0.0000E+00  0.0000E+00
     -5.554  0.0000E+00  0.0000E+00  0.0000E+00
     -5.484  0.0000E+00  0.0000E+00  0.0000E+00
     -5.415  0.0000E+00  0.0000E+00  0.0000E+00
     -5.346  0.0000E+00  0.0000E+00  0.0000E+00
     -5.276  0.0000E+00  0.0000E+00  0.0000E+00
     -5.207  0.0000E+00  0.0000E+00  0.0000E+00
     -5.138  0.0000E+00  0.0000E+00  0.0000E+00
     -5.068  0.3477E-02  0.7978E-02  0.0000E+00
     -4.999  0.2127E-02  0.1009E-01  0.0000E+00
     -4.930  0.2031E-02  0.1594E-01  0.0000E+00
     -4.860  0.4526E-02  0.5189E-01  0.0000E+00
     -4.791  0.5633E-02  0.6297E-01  0.0000E+00
     -4.722  0.7525E-02  0.6943E-01  0.0000E+00
     -4.652  0.1048E-01  0.8622E-01  0.0000E+00
     -4.583  0.3711E-01  0.2361E+00  0.0000E+00
     -4.514  0.1617E-01  0.1451E+00  0.0000E+00
     -4.444  0.2461E-01  0.2802E+00  0.0000E+00
     -4.375  0.6490E-02  0.1045E+00  0.0000E+00
     -4.306  0.1138E-01  0.1681E+00  0.0000E+00
     -4.236  0.1443E-01  0.2185E+00  0.0000E+00
     -4.167  0.1020E-01  0.9708E-01  0.0000E+00
     -4.098  0.5802E-01  0.4691E+00  0.0000E+00
     -4.028  0.1708E-02  0.4189E-01  0.0000E+00
     -3.959  0.1483E-01  0.1621E+00  0.0000E+00
     -3.890  0.3925E-01  0.4257E+00  0.0000E+00
     -3.820  0.1040E-01  0.1256E+00  0.0000E+00
     -3.751  0.4211E-01  0.4966E+00  0.0000E+00
     -3.682  0.1983E-01  0.1606E+00  0.0000E+00
     -3.612  0.2924E-01  0.2152E+00  0.0000E+00
     -3.543  0.2840E-01  0.2346E+00  0.0000E+00
     -3.474  0.2541E-01  0.3188E+00  0.0000E+00
     -3.404  0.1390E-01  0.1275E+00  0.0000E+00
     -3.335  0.3581E-02  0.5619E-01  0.0000E+00
     -3.266  0.3697E-01  0.2595E+00  0.0000E+00
     -3.196  0.4706E-01  0.2248E+00  0.0000E+00
     -3.127  0.3792E-01  0.2166E+00  0.0000E+00
     -3.058  0.1170E-01  0.9206E-01  0.0000E+00
     -2.988  0.2838E-01  0.1693E+00  0.0000E+00
     -2.919  0.2080E-01  0.1177E+00  0.0000E+00
     -2.850  0.2496E-01  0.1966E+00  0.0000E+00
     -2.780  0.1648E-01  0.1714E+00  0.0000E+00
     -2.711  0.1604E-01  0.2553E+00  0.0000E+00
     -2.642  0.2098E-01  0.2660E+00  0.0000E+00
     -2.572  0.1324E-01  0.1999E+00  0.0000E+00
     -2.503  0.1627E-01  0.1886E+00  0.0000E+00
     -2.433  0.1169E-01  0.2223E+00  0.0000E+00
     -2.364  0.2801E-01  0.3001E+00  0.0000E+00
     -2.295  0.1373E-01  0.1500E+00  0.0000E+00
     -2.225  0.1636E-01  0.2314E+00  0.0000E+00
     -2.156  0.4770E-02  0.1173E+00  0.0000E+00
     -2.087  0.3898E-01  0.4738E+00  0.0000E+00
     -2.017  0.2353E-01  0.6021E+00  0.0000E+00
     -1.948  0.2326E-01  0.3700E+00  0.0000E+00
     -1.879  0.2014E-01  0.2872E+00  0.0000E+00
     -1.809  0.2001E-01  0.3220E+00  0.0000E+00
     -1.740  0.1895E-01  0.2673E+00  0.0000E+00
     -1.671  0.1443E-01  0.3478E+00  0.0000E+00
     -1.601  0.2851E-01  0.5345E+00  0.0000E+00
     -1.532  0.2784E-01  0.2856E+00  0.0000E+00
     -1.463  0.2594E-01  0.4872E+00  0.0000E+00
     -1.393  0.2013E-01  0.4156E+00  0.0000E+00
     -1.324  0.2435E-01  0.6013E+00  0.0000E+00
     -1.255  0.1128E-01  0.2300E+00  0.0000E+00
     -1.185  0.1018E-01  0.3030E+00  0.0000E+00
     -1.116  0.3845E-02  0.1686E+00  0.0000E+00
     -1.047  0.1701E-02  0.6407E-01  0.0000E+00
     -0.977  0.5100E-02  0.1556E+00  0.0000E+00
     -0.908  0.1301E-01  0.2317E+00  0.0000E+00
     -0.839  0.7226E-02  0.1744E+00  0.0000E+00
     -0.769  0.7774E-02  0.1636E+00  0.0000E+00
     -0.700  0.2134E-01  0.1704E+00  0.0000E+00
     -0.631  0.2652E-01  0.2056E+00  0.0000E+00
     -0.561  0.1171E-01  0.1581E+00  0.0000E+00
     -0.492  0.2758E-02  0.3420E-01  0.0000E+00
     -0.423  0.7885E-02  0.1020E+00  0.0000E+00
     -0.353  0.7407E-02  0.9009E-01  0.0000E+00
     -0.284  0.9429E-02  0.1068E+00  0.0000E+00
     -0.215  0.8469E-02  0.1218E+00  0.0000E+00
     -0.145  0.7754E-02  0.8346E-01  0.0000E+00
     -0.076  0.4843E-02  0.7101E-01  0.0000E+00
     -0.007  0.7998E-02  0.9263E-01  0.0000E+00
      0.063  0.6616E-02  0.5758E-01  0.0000E+00
      0.132  0.1310E-01  0.1938E+00  0.0000E+00
      0.201  0.1937E-01  0.1344E+00  0.0000E+00
      0.271  0.6642E-02  0.5024E-01  0.0000E+00
      0.340  0.1056E-01  0.1109E+00  0.0000E+00
      0.409  0.6525E-02  0.3830E-01  0.0000E+00
      0.479  0.2104E-01  0.7334E-01  0.0000E+00
      0.548  0.9013E-02  0.5508E-01  0.0000E+00
      0.617  0.1154E-01  0.4588E-01  0.0000E+00
      0.687  0.1924E-01  0.6564E-01  0.0000E+00
      0.756  0.1957E-01  0.9736E-01  0.0000E+00
      0.825  0.1974E-01  0.6838E-01  0.0000E+00
      0.895  0.2563E-01  0.1197E+00  0.0000E+00
      0.964  0.1850E-01  0.1151E+00  0.0000E+00
      1.033  0.2720E-01  0.1723E+00  0.0000E+00
      1.103  0.1283E-01  0.7397E-01  0.0000E+00
      1.172  0.3337E-01  0.9064E-01  0.0000E+00
      1.241  0.2327E-01  0.7891E-01  0.0000E+00
      1.311  0.2154E-01  0.6936E-01  0.0000E+00
      1.380  0.3607E-01  0.1131E+00  0.0000E+00
      1.449  0.1995E-01  0.1262E+00  0.0000E+00
      1.519  0.1783E-01  0.6273E-01  0.0000E+00
      1.588  0.2551E-01  0.9727E-01  0.0000E+00
      1.657  0.3804E-01  0.1517E+00  0.0000E+00
      1.727  0.4241E-01  0.1956E+00  0.0000E+00
      1.796  0.8619E-01  0.2796E+00  0.0000E+00
      1.866  0.3759E-01  0.1466E+00  0.0000E+00
      1.935  0.1202E-01  0.5627E-01  0.0000E+00
      2.004  0.1712E-01  0.6185E-01  0.0000E+00
      2.074  0.3800E-01  0.1760E+00  0.0000E+00
      2.143  0.2373E-01  0.1755E+00  0.0000E+00
      2.212  0.1686E-01  0.9320E-01  0.0000E+00
      2.282  0.3324E-01  0.5788E-01  0.0000E+00
      2.351  0.2243E-01  0.1271E+00  0.0000E+00
      2.420  0.2452E-01  0.7565E-01  0.0000E+00
      2.490  0.2197E-01  0.7127E-01  0.0000E+00
      2.559  0.2252E-01  0.6160E-01  0.0000E+00
      2.628  0.2609E-01  0.1160E+00  0.0000E+00
      2.698  0.3668E-01  0.1654E+00  0.0000E+00
      2.767  0.3443E-01  0.1206E+00  0.0000E+00
      2.836  0.2676E-01  0.1201E+00  0.0000E+00
      2.906  0.3857E-01  0.1368E+00  0.0000E+00
      2.975  0.4657E-01  0.1520E+00  0.0000E+00
      3.044  0.5119E-01  0.2030E+00  0.0000E+00
      3.114  0.5733E-01  0.3071E+00  0.0000E+00
      3.183  0.3684E-01  0.2863E+00  0.0000E+00
      3.252  0.2531E-01  0.2095E+00  0.0000E+00
      3.322  0.1815E-01  0.1574E+00  0.0000E+00
      3.391  0.2299E-01  0.1687E+00  0.0000E+00
      3.460  0.3320E-01  0.1408E+00  0.0000E+00
      3.530  0.1934E-01  0.1251E+00  0.0000E+00
      3.599  0.2777E-01  0.1658E+00  0.0000E+00
      3.668  0.4405E-01  0.2742E+00  0.0000E+00
      3.738  0.1880E-01  0.1358E+00  0.0000E+00
      3.807  0.1621E-01  0.1460E+00  0.0000E+00
      3.876  0.2249E-01  0.1379E+00  0.0000E+00
      3.946  0.2699E-01  0.1667E+00  0.0000E+00
      4.015  0.7909E-01  0.2074E+00  0.0000E+00
      4.084  0.4472E-01  0.1867E+00  0.0000E+00
      4.154  0.4772E-01  0.2196E+00  0.0000E+00
      4.223  0.4138E-01  0.2063E+00  0.0000E+00
      4.292  0.2780E-01  0.1939E+00  0.0000E+00
      4.362  0.3419E-01  0.2466E+00  0.0000E+00
      4.431  0.2748E-01  0.2887E+00  0.0000E+00
      4.500  0.1893E-01  0.3147E+00  0.0000E+00
      4.570  0.1602E-01  0.3216E+00  0.0000E+00
      4.639  0.8040E-02  0.1678E+00  0.0000E+00
      4.708  0.1449E-01  0.2217E+00  0.0000E+00
      4.778  0.2317E-01  0.2023E+00  0.0000E+00
      4.847  0.1198E-01  0.9051E-01  0.0000E+00
      4.916  0.1419E-01  0.1133E+00  0.0000E+00
      4.986  0.2119E-01  0.1725E+00  0.0000E+00
      5.055  0.1587E-01  0.1451E+00  0.0000E+00
      5.124  0.2575E-01  0.3353E+00  0.0000E+00
      5.194  0.1031E-01  0.1461E+00  0.0000E+00
      5.263  0.7265E-02  0.1146E+00  0.0000E+00
      5.332  0.1254E-01  0.1441E+00  0.0000E+00
      5.402  0.1111E-01  0.1698E+00  0.0000E+00
      5.471  0.1624E-01  0.2361E+00  0.0000E+00
      5.540  0.3237E-01  0.3628E+00  0.0000E+00
      5.610  0.4394E-01  0.3718E+00  0.0000E+00
      5.679  0.4698E-01  0.4697E+00  0.0000E+00
      5.748  0.3230E-01  0.3087E+00  0.0000E+00
      5.818  0.2061E-01  0.2143E+00  0.0000E+00
      5.887  0.2590E-01  0.1720E+00  0.0000E+00
      5.956  0.4377E-01  0.2261E+00  0.0000E+00
      6.026  0.2591E-01  0.1048E+00  0.0000E+00
      6.095  0.1236E-01  0.5907E-01  0.0000E+00
      6.165  0.4106E-02  0.2390E-01  0.0000E+00
      6.234  0.5201E-02  0.3095E-01  0.0000E+00
      6.303  0.5418E-02  0.3269E-01  0.0000E+00
      6.373  0.4587E-02  0.2962E-01  0.0000E+00
      6.442  0.3649E-02  0.2727E-01  0.0000E+00
      6.511  0.1990E-02  0.1340E-01  0.0000E+00
      6.581  0.1411E-02  0.5259E-02  0.0000E+00
      6.650  0.6630E-03  0.2268E-02  0.0000E+00
      6.719  0.0000E+00  0.0000E+00  0.0000E+00
      6.789  0.0000E+00  0.0000E+00  0.0000E+00
      6.858  0.0000E+00  0.0000E+00  0.0000E+00
      6.927  0.0000E+00  0.0000E+00  0.0000E+00
      6.997  0.0000E+00  0.0000E+00  0.0000E+00
      7.066  0.0000E+00  0.0000E+00  0.0000E+00
      7.135  0.0000E+00  0.0000E+00  0.0000E+00
      7.205  0.0000E+00  0.0000E+00  0.0000E+00
      7.274  0.0000E+00  0.0000E+00  0.0000E+00
      7.343  0.0000E+00  0.0000E+00  0.0000E+00
      7.413  0.0000E+00  0.0000E+00  0.0000E+00
      7.482  0.0000E+00  0.0000E+00  0.0000E+00
      7.551  0.0000E+00  0.0000E+00  0.0000E+00
      7.621  0.0000E+00  0.0000E+00  0.0000E+00
      7.690  0.0000E+00  0.0000E+00  0.0000E+00
