    -13.112  0.0000E+00  0.0000E+00  0.0000E+00
    -13.042  0.0000E+00  0.0000E+00  0.0000E+00
    -12.973  0.0000E+00  0.0000E+00  0.0000E+00
    -12.904  0.0000E+00  0.0000E+00  0.0000E+00
    -12.834  0.0000E+00  0.0000E+00  0.0000E+00
    -12.765  0.0000E+00  0.0000E+00  0.0000E+00
    -12.696  0.0000E+00  0.0000E+00  0.0000E+00
    -12.626  0.0000E+00  0.0000E+00  0.0000E+00
    -12.557  0.0000E+00  0.0000E+00  0.0000E+00
    -12.488  0.0000E+00  0.0000E+00  0.0000E+00
    -12.418  0.0000E+00  0.0000E+00  0.0000E+00
    -12.349  0.0000E+00  0.0000E+00  0.0000E+00
    -12.280  0.0000E+00  0.0000E+00  0.0000E+00
    -12.210  0.0000E+00  0.0000E+00  0.0000E+00
    -12.141  0.0000E+00  0.0000E+00  0.0000E+00
    -12.072  0.1663E-02  0.1694E-03  0.0000E+00
    -12.002  0.2075E-02  0.2149E-03  0.0000E+00
    -11.933  0.1843E-02  0.1941E-03  0.0000E+00
    -11.864  0.1782E-02  0.1890E-03  0.0000E+00
    -11.794  0.1940E-02  0.2090E-03  0.0000E+00
    -11.725  0.1879E-02  0.2122E-03  0.0000E+00
    -11.656  0.1816E-02  0.2086E-03  0.0000E+00
    -11.586  0.1783E-02  0.2071E-03  0.0000E+00
    -11.517  0.4263E-01  0.3723E-02  0.0000E+00
    -11.448  0.1538E-01  0.1407E-02  0.0000E+00
    -11.378  0.3279E-01  0.3006E-02  0.0000E+00
    -11.309  0.4660E-01  0.4347E-02  0.0000E+00
    -11.240  0.6025E-01  0.5629E-02  0.0000E+00
    -11.170  0.3107E-01  0.2925E-02  0.0000E+00
    -11.101  0.4132E-01  0.3959E-02  0.0000E+00
    -11.032  0.4308E-01  0.4275E-02  0.0000E+00
    -10.962  0.4032E-01  0.4158E-02  0.0000E+00
    -10.893  0.4641E-01  0.4877E-02  0.0000E+00
    -10.823  0.4525E-01  0.4649E-02  0.0000E+00
    -10.754  0.5132E-01  0.4831E-02  0.0000E+00
    -10.685  0.2156E+00  0.1523E-01  0.0000E+00
    -10.615  0.1306E+00  0.9113E-02  0.0000E+00
    -10.546  0.1221E+00  0.9058E-02  0.0000E+00
    -10.477  0.2021E+00  0.1484E-01  0.0000E+00
    -10.407  0.2173E+00  0.1825E-01  0.0000E+00
    -10.338  0.2036E+00  0.1717E-01  0.0000E+00
    -10.269  0.1408E+00  0.1201E-01  0.0000E+00
    -10.199  0.1403E+00  0.1309E-01  0.0000E+00
    -10.130  0.1816E+00  0.1530E-01  0.0000E+00
    -10.061  0.4441E+00  0.3250E-01  0.0000E+00
     -9.991  0.4669E+00  0.4236E-01  0.0000E+00
     -9.922  0.3847E+00  0.3461E-01  0.0000E+00
     -9.853  0.3304E+00  0.2991E-01  0.0000E+00
     -9.783  0.2918E+00  0.2682E-01  0.0000E+00
     -9.714  0.1559E+00  0.1388E-01  0.0000E+00
     -9.645  0.1252E+00  0.1099E-01  0.0000E+00
     -9.575  0.1290E+00  0.1179E-01  0.0000E+00
     -9.506  0.1043E+00  0.9343E-02  0.0000E+00
     -9.437  0.1155E+00  0.9981E-02  0.0000E+00
     -9.367  0.6746E-01  0.5763E-02  0.0000E+00
     -9.298  0.0000E+00  0.0000E+00  0.0000E+00
     -9.229  0.1215E-01  0.2848E-03  0.0000E+00
     -9.159  0.2717E-01  0.6681E-03  0.0000E+00
     -9.090  0.2314E-01  0.5782E-03  0.0000E+00
     -9.021  0.2835E-01  0.7647E-03  0.0000E+00
     -8.951  0.3061E-01  0.8843E-03  0.0000E+00
     -8.882  0.2788E-01  0.9121E-03  0.0000E+00
     -8.813  0.3589E-01  0.1389E-02  0.0000E+00
     -8.743  0.1514E-01  0.4826E-03  0.0000E+00
     -8.674  0.6692E-02  0.2607E-03  0.0000E+00
     -8.605  0.1339E-01  0.5112E-03  0.0000E+00
     -8.535  0.1088E-01  0.4062E-03  0.0000E+00
     -8.466  0.8717E-02  0.3189E-03  0.0000E+00
     -8.397  0.1096E-01  0.1453E-02  0.0000E+00
     -8.327  0.1076E-01  0.1143E-02  0.0000E+00
     -8.258  0.1202E-01  0.1140E-02  0.0000E+00
     -8.189  0.1774E-01  0.1303E-02  0.0000E+00
     -8.119  0.2652E-01  0.1318E-02  0.0000E+00
     -8.050  0.3374E-01  0.1885E-02  0.0000E+00
     -7.981  0.5375E-01  0.1825E-02  0.0000E+00
     -7.911  0.1088E+00  0.1996E-02  0.0000E+00
     -7.842  0.9454E-01  0.1111E-02  0.0000E+00
     -7.773  0.1076E+01  0.2648E-01  0.0000E+00
     -7.703  0.3959E+00  0.8505E-02  0.0000E+00
     -7.634  0.1419E+01  0.3283E-01  0.0000E+00
     -7.565  0.8465E+00  0.1865E-01  0.0000E+00
     -7.495  0.8343E+00  0.1940E-01  0.0000E+00
     -7.426  0.5137E+00  0.1088E-01  0.0000E+00
     -7.357  0.3976E+00  0.8950E-02  0.0000E+00
     -7.287  0.6354E+00  0.1367E-01  0.0000E+00
     -7.218  0.6631E+00  0.1294E-01  0.0000E+00
     -7.149  0.5580E+00  0.1115E-01  0.0000E+00
     -7.079  0.5223E+00  0.1057E-01  0.0000E+00
     -7.010  0.4572E+00  0.8444E-02  0.0000E+00
     -6.941  0.0000E+00  0.0000E+00  0.0000E+00
     -6.871  0.0000E+00  0.0000E+00  0.0000E+00
     -6.802  0.0000E+00  0.0000E+00  0.0000E+00
     -6.732  0.0000E+00  0.0000E+00  0.0000E+00
     -6.663  0.0000E+00  0.0000E+00  0.0000E+00
     -6.594  0.0000E+00  0.0000E+00  0.0000E+00
     -6.524  0.0000E+00  0.0000E+00  0.0000E+00
     -6.455  0.0000E+00  0.0000E+00  0.0000E+00
     -6.386  0.0000E+00  0.0000E+00  0.0000E+00
     -6.316  0.0000E+00  0.0000E+00  0.0000E+00
     -6.247  0.0000E+00  0.0000E+00  0.0000E+00
     -6.178  0.0000E+00  0.0000E+00  0.0000E+00
     -6.108  0.0000E+00  0.0000E+00  0.0000E+00
     -6.039  0.0000E+00  0.0000E+00  0.0000E+00
     -5.970  0.0000E+00  0.0000E+00  0.0000E+00
     -5.900  0.0000E+00  0.0000E+00  0.0000E+00
     -5.831  0.0000E+00  0.0000E+00  0.0000E+00
     -5.762  0.0000E+00  0.0000E+00  0.0000E+00
     -5.692  0.0000E+00  0.0000E+00  0.0000E+00
     -5.623  0.0000E+00  0.0000E+00  0.0000E+00
     -5.554  0.0000E+00  0.0000E+00  0.0000E+00
     -5.484  0.0000E+00  0.0000E+00  0.0000E+00
     -5.415  0.0000E+00  0.0000E+00  0.0000E+00
     -5.346  0.0000E+00  0.0000E+00  0.0000E+00
     -5.276  0.0000E+00  0.0000E+00  0.0000E+00
     -5.207  0.0000E+00  0.0000E+00  0.0000E+00
     -5.138  0.0000E+00  0.0000E+00  0.0000E+00
     -5.068  0.2132E-03  0.4106E-03  0.0000E+00
     -4.999  0.2759E-03  0.6369E-03  0.0000E+00
     -4.930  0.5468E-03  0.1492E-02  0.0000E+00
     -4.860  0.2809E-02  0.7901E-02  0.0000E+00
     -4.791  0.3588E-02  0.9811E-02  0.0000E+00
     -4.722  0.5389E-02  0.1168E-01  0.0000E+00
     -4.652  0.7820E-02  0.1558E-01  0.0000E+00
     -4.583  0.2987E-01  0.3640E-01  0.0000E+00
     -4.514  0.1128E-01  0.3164E-01  0.0000E+00
     -4.444  0.1383E-01  0.4498E-01  0.0000E+00
     -4.375  0.7548E-02  0.7868E-01  0.0000E+00
     -4.306  0.2624E-01  0.8882E-01  0.0000E+00
     -4.236  0.1884E-01  0.8662E-01  0.0000E+00
     -4.167  0.1029E-01  0.3097E-01  0.0000E+00
     -4.098  0.5975E-01  0.1328E+00  0.0000E+00
     -4.028  0.2729E-02  0.7277E-02  0.0000E+00
     -3.959  0.1749E-01  0.3777E-01  0.0000E+00
     -3.890  0.4607E-01  0.1070E+00  0.0000E+00
     -3.820  0.1339E-01  0.2999E-01  0.0000E+00
     -3.751  0.4907E-01  0.1853E+00  0.0000E+00
     -3.682  0.2047E-01  0.8148E-01  0.0000E+00
     -3.612  0.3708E-01  0.1124E+00  0.0000E+00
     -3.543  0.5206E-01  0.1173E+00  0.0000E+00
     -3.474  0.5681E-01  0.1573E+00  0.0000E+00
     -3.404  0.4521E-01  0.1060E+00  0.0000E+00
     -3.335  0.6313E-02  0.2828E-01  0.0000E+00
     -3.266  0.5294E-01  0.1713E+00  0.0000E+00
     -3.196  0.3296E-01  0.1690E+00  0.0000E+00
     -3.127  0.2803E-01  0.1519E+00  0.0000E+00
     -3.058  0.2456E-01  0.9588E-01  0.0000E+00
     -2.988  0.3481E-01  0.1632E+00  0.0000E+00
     -2.919  0.3467E-01  0.1174E+00  0.0000E+00
     -2.850  0.2658E-01  0.2089E+00  0.0000E+00
     -2.780  0.3231E-01  0.1796E+00  0.0000E+00
     -2.711  0.2699E-01  0.2252E+00  0.0000E+00
     -2.642  0.3026E-01  0.4081E+00  0.0000E+00
     -2.572  0.1668E-01  0.1930E+00  0.0000E+00
     -2.503  0.1575E-01  0.2052E+00  0.0000E+00
     -2.433  0.1792E-01  0.1888E+00  0.0000E+00
     -2.364  0.2453E-01  0.2819E+00  0.0000E+00
     -2.295  0.1103E-01  0.1336E+00  0.0000E+00
     -2.225  0.1204E-01  0.2134E+00  0.0000E+00
     -2.156  0.2632E-02  0.4813E-01  0.0000E+00
     -2.087  0.2285E-01  0.2506E+00  0.0000E+00
     -2.017  0.2221E-01  0.3009E+00  0.0000E+00
     -1.948  0.1485E-01  0.2102E+00  0.0000E+00
     -1.879  0.2229E-01  0.3248E+00  0.0000E+00
     -1.809  0.1607E-01  0.3036E+00  0.0000E+00
     -1.740  0.1348E-01  0.3660E+00  0.0000E+00
     -1.671  0.1919E-01  0.4296E+00  0.0000E+00
     -1.601  0.3300E-01  0.6201E+00  0.0000E+00
     -1.532  0.2945E-01  0.5234E+00  0.0000E+00
     -1.463  0.2325E-01  0.4999E+00  0.0000E+00
     -1.393  0.1850E-01  0.2940E+00  0.0000E+00
     -1.324  0.1037E-01  0.3220E+00  0.0000E+00
     -1.255  0.6310E-02  0.1563E+00  0.0000E+00
     -1.185  0.2929E-02  0.8554E-01  0.0000E+00
     -1.116  0.1374E-01  0.1354E+00  0.0000E+00
     -1.047  0.1099E-01  0.8006E-01  0.0000E+00
     -0.977  0.1157E-01  0.1071E+00  0.0000E+00
     -0.908  0.3634E-01  0.2889E+00  0.0000E+00
     -0.839  0.3931E-01  0.2998E+00  0.0000E+00
     -0.769  0.4669E-01  0.4103E+00  0.0000E+00
     -0.700  0.5293E-01  0.4981E+00  0.0000E+00
     -0.631  0.5647E-01  0.4466E+00  0.0000E+00
     -0.561  0.5405E-01  0.3317E+00  0.0000E+00
     -0.492  0.6330E-02  0.6589E-01  0.0000E+00
     -0.423  0.1871E-01  0.1801E+00  0.0000E+00
     -0.353  0.1338E-01  0.1523E+00  0.0000E+00
     -0.284  0.2149E-01  0.1942E+00  0.0000E+00
     -0.215  0.2010E-01  0.1533E+00  0.0000E+00
     -0.145  0.1486E-01  0.1155E+00  0.0000E+00
     -0.076  0.1177E-01  0.1124E+00  0.0000E+00
     -0.007  0.1560E-01  0.1511E+00  0.0000E+00
      0.063  0.8863E-02  0.1030E+00  0.0000E+00
      0.132  0.2096E-01  0.1890E+00  0.0000E+00
      0.201  0.1710E-01  0.1729E+00  0.0000E+00
      0.271  0.4540E-02  0.5998E-01  0.0000E+00
      0.340  0.1344E-01  0.1528E+00  0.0000E+00
      0.409  0.6174E-02  0.6451E-01  0.0000E+00
      0.479  0.3946E-01  0.2332E+00  0.0000E+00
      0.548  0.1876E-01  0.1139E+00  0.0000E+00
      0.617  0.2568E-01  0.1228E+00  0.0000E+00
      0.687  0.3751E-01  0.1272E+00  0.0000E+00
      0.756  0.3567E-01  0.1533E+00  0.0000E+00
      0.825  0.1343E-01  0.9527E-01  0.0000E+00
      0.895  0.5159E-01  0.1840E+00  0.0000E+00
      0.964  0.5258E-01  0.1418E+00  0.0000E+00
      1.033  0.5469E-01  0.2858E+00  0.0000E+00
      1.103  0.1280E-01  0.1070E+00  0.0000E+00
      1.172  0.4869E-01  0.2250E+00  0.0000E+00
      1.241  0.3442E-01  0.2158E+00  0.0000E+00
      1.311  0.1463E-01  0.1387E+00  0.0000E+00
      1.380  0.3741E-01  0.2275E+00  0.0000E+00
      1.449  0.1877E-01  0.1477E+00  0.0000E+00
      1.519  0.1805E-01  0.9910E-01  0.0000E+00
      1.588  0.2544E-01  0.1505E+00  0.0000E+00
      1.657  0.3226E-01  0.2286E+00  0.0000E+00
      1.727  0.3244E-01  0.2558E+00  0.0000E+00
      1.796  0.3447E-01  0.3621E+00  0.0000E+00
      1.866  0.1637E-01  0.2049E+00  0.0000E+00
      1.935  0.8752E-02  0.7636E-01  0.0000E+00
      2.004  0.8669E-02  0.1064E+00  0.0000E+00
      2.074  0.2492E-01  0.3736E+00  0.0000E+00
      2.143  0.2435E-01  0.4511E+00  0.0000E+00
      2.212  0.5872E-02  0.1469E+00  0.0000E+00
      2.282  0.1068E-01  0.1541E+00  0.0000E+00
      2.351  0.1123E-01  0.2476E+00  0.0000E+00
      2.420  0.9566E-02  0.1248E+00  0.0000E+00
      2.490  0.7271E-02  0.9123E-01  0.0000E+00
      2.559  0.7688E-02  0.9077E-01  0.0000E+00
      2.628  0.6759E-02  0.1213E+00  0.0000E+00
      2.698  0.8301E-02  0.1795E+00  0.0000E+00
      2.767  0.8047E-02  0.1144E+00  0.0000E+00
      2.836  0.7824E-02  0.1175E+00  0.0000E+00
      2.906  0.9644E-02  0.1324E+00  0.0000E+00
      2.975  0.7439E-02  0.1177E+00  0.0000E+00
      3.044  0.1106E-01  0.1879E+00  0.0000E+00
      3.114  0.1174E-01  0.2740E+00  0.0000E+00
      3.183  0.1243E-01  0.2457E+00  0.0000E+00
      3.252  0.1029E-01  0.1809E+00  0.0000E+00
      3.322  0.7432E-02  0.1542E+00  0.0000E+00
      3.391  0.5804E-02  0.1712E+00  0.0000E+00
      3.460  0.8946E-02  0.1494E+00  0.0000E+00
      3.530  0.8395E-02  0.1257E+00  0.0000E+00
      3.599  0.1052E-01  0.1771E+00  0.0000E+00
      3.668  0.1393E-01  0.3151E+00  0.0000E+00
      3.738  0.7143E-02  0.1563E+00  0.0000E+00
      3.807  0.1091E-01  0.1927E+00  0.0000E+00
      3.876  0.7943E-02  0.1271E+00  0.0000E+00
      3.946  0.7879E-02  0.1258E+00  0.0000E+00
      4.015  0.1454E-01  0.2720E+00  0.0000E+00
      4.084  0.1441E-01  0.2059E+00  0.0000E+00
      4.154  0.8361E-02  0.2006E+00  0.0000E+00
      4.223  0.9236E-02  0.1674E+00  0.0000E+00
      4.292  0.7730E-02  0.1399E+00  0.0000E+00
      4.362  0.1376E-01  0.1935E+00  0.0000E+00
      4.431  0.1104E-01  0.2577E+00  0.0000E+00
      4.500  0.1819E-01  0.2124E+00  0.0000E+00
      4.570  0.1219E-01  0.1973E+00  0.0000E+00
      4.639  0.6032E-02  0.1122E+00  0.0000E+00
      4.708  0.1141E-01  0.1133E+00  0.0000E+00
      4.778  0.1854E-01  0.1021E+00  0.0000E+00
      4.847  0.7320E-02  0.6719E-01  0.0000E+00
      4.916  0.1247E-01  0.7816E-01  0.0000E+00
      4.986  0.3413E-01  0.1093E+00  0.0000E+00
      5.055  0.1820E-01  0.1098E+00  0.0000E+00
      5.124  0.3331E-01  0.3042E+00  0.0000E+00
      5.194  0.2333E-01  0.1498E+00  0.0000E+00
      5.263  0.2855E-01  0.1215E+00  0.0000E+00
      5.332  0.5300E-01  0.2420E+00  0.0000E+00
      5.402  0.2809E-01  0.1593E+00  0.0000E+00
      5.471  0.2928E-01  0.1950E+00  0.0000E+00
      5.540  0.2026E-01  0.2005E+00  0.0000E+00
      5.610  0.3114E-01  0.1776E+00  0.0000E+00
      5.679  0.4615E-01  0.2589E+00  0.0000E+00
      5.748  0.3827E-01  0.2168E+00  0.0000E+00
      5.818  0.4245E-01  0.2138E+00  0.0000E+00
      5.887  0.6760E-01  0.2223E+00  0.0000E+00
      5.956  0.7067E-01  0.2827E+00  0.0000E+00
      6.026  0.2183E-01  0.1415E+00  0.0000E+00
      6.095  0.1622E-01  0.6562E-01  0.0000E+00
      6.165  0.8538E-02  0.2251E-01  0.0000E+00
      6.234  0.9861E-02  0.2756E-01  0.0000E+00
      6.303  0.1072E-01  0.2903E-01  0.0000E+00
      6.373  0.1069E-01  0.2518E-01  0.0000E+00
      6.442  0.1329E-01  0.2537E-01  0.0000E+00
      6.511  0.8796E-02  0.1565E-01  0.0000E+00
      6.581  0.2714E-02  0.4449E-02  0.0000E+00
      6.650  0.1052E-02  0.1740E-02  0.0000E+00
      6.719  0.0000E+00  0.0000E+00  0.0000E+00
      6.789  0.0000E+00  0.0000E+00  0.0000E+00
      6.858  0.0000E+00  0.0000E+00  0.0000E+00
      6.927  0.0000E+00  0.0000E+00  0.0000E+00
      6.997  0.0000E+00  0.0000E+00  0.0000E+00
      7.066  0.0000E+00  0.0000E+00  0.0000E+00
      7.135  0.0000E+00  0.0000E+00  0.0000E+00
      7.205  0.0000E+00  0.0000E+00  0.0000E+00
      7.274  0.0000E+00  0.0000E+00  0.0000E+00
      7.343  0.0000E+00  0.0000E+00  0.0000E+00
      7.413  0.0000E+00  0.0000E+00  0.0000E+00
      7.482  0.0000E+00  0.0000E+00  0.0000E+00
      7.551  0.0000E+00  0.0000E+00  0.0000E+00
      7.621  0.0000E+00  0.0000E+00  0.0000E+00
      7.690  0.0000E+00  0.0000E+00  0.0000E+00
