    -13.112  0.0000E+00  0.0000E+00  0.0000E+00
    -13.042  0.0000E+00  0.0000E+00  0.0000E+00
    -12.973  0.0000E+00  0.0000E+00  0.0000E+00
    -12.904  0.0000E+00  0.0000E+00  0.0000E+00
    -12.834  0.0000E+00  0.0000E+00  0.0000E+00
    -12.765  0.0000E+00  0.0000E+00  0.0000E+00
    -12.696  0.0000E+00  0.0000E+00  0.0000E+00
    -12.626  0.0000E+00  0.0000E+00  0.0000E+00
    -12.557  0.0000E+00  0.0000E+00  0.0000E+00
    -12.488  0.0000E+00  0.0000E+00  0.0000E+00
    -12.418  0.0000E+00  0.0000E+00  0.0000E+00
    -12.349  0.0000E+00  0.0000E+00  0.0000E+00
    -12.280  0.0000E+00  0.0000E+00  0.0000E+00
    -12.210  0.0000E+00  0.0000E+00  0.0000E+00
    -12.141  0.0000E+00  0.0000E+00  0.0000E+00
    -12.072  0.6541E-02  0.3349E-04  0.0000E+00
    -12.002  0.8149E-02  0.5637E-04  0.0000E+00
    -11.933  0.7254E-02  0.6676E-04  0.0000E+00
    -11.864  0.7054E-02  0.7688E-04  0.0000E+00
    -11.794  0.7675E-02  0.9439E-04  0.0000E+00
    -11.725  0.7326E-02  0.1052E-03  0.0000E+00
    -11.656  0.7116E-02  0.1131E-03  0.0000E+00
    -11.586  0.7037E-02  0.1196E-03  0.0000E+00
    -11.517  0.1155E+00  0.8054E-03  0.0000E+00
    -11.448  0.4264E-01  0.4235E-03  0.0000E+00
    -11.378  0.9843E-01  0.9392E-03  0.0000E+00
    -11.309  0.1438E+00  0.1568E-02  0.0000E+00
    -11.240  0.1610E+00  0.2227E-02  0.0000E+00
    -11.170  0.7144E-01  0.1302E-02  0.0000E+00
    -11.101  0.1028E+00  0.1865E-02  0.0000E+00
    -11.032  0.1124E+00  0.2101E-02  0.0000E+00
    -10.962  0.1066E+00  0.2173E-02  0.0000E+00
    -10.893  0.1260E+00  0.2691E-02  0.0000E+00
    -10.823  0.1187E+00  0.3130E-02  0.0000E+00
    -10.754  0.1360E+00  0.3171E-02  0.0000E+00
    -10.685  0.3134E+00  0.1316E-01  0.0000E+00
    -10.615  0.2096E+00  0.9063E-02  0.0000E+00
    -10.546  0.2491E+00  0.1012E-01  0.0000E+00
    -10.477  0.2598E+00  0.1139E-01  0.0000E+00
    -10.407  0.3343E+00  0.1360E-01  0.0000E+00
    -10.338  0.4199E+00  0.1629E-01  0.0000E+00
    -10.269  0.2034E+00  0.8967E-02  0.0000E+00
    -10.199  0.2428E+00  0.1203E-01  0.0000E+00
    -10.130  0.2838E+00  0.1323E-01  0.0000E+00
    -10.061  0.7291E+00  0.3281E-01  0.0000E+00
     -9.991  0.8763E+00  0.3163E-01  0.0000E+00
     -9.922  0.5835E+00  0.2083E-01  0.0000E+00
     -9.853  0.5407E+00  0.1921E-01  0.0000E+00
     -9.783  0.5180E+00  0.1833E-01  0.0000E+00
     -9.714  0.2919E+00  0.1266E-01  0.0000E+00
     -9.645  0.2378E+00  0.1074E-01  0.0000E+00
     -9.575  0.1604E+00  0.6814E-02  0.0000E+00
     -9.506  0.1456E+00  0.6638E-02  0.0000E+00
     -9.437  0.1778E+00  0.8694E-02  0.0000E+00
     -9.367  0.1020E+00  0.5037E-02  0.0000E+00
     -9.298  0.0000E+00  0.0000E+00  0.0000E+00
     -9.229  0.1428E-02  0.1773E-02  0.0000E+00
     -9.159  0.3299E-02  0.3699E-02  0.0000E+00
     -9.090  0.2939E-02  0.3113E-02  0.0000E+00
     -9.021  0.4131E-02  0.3552E-02  0.0000E+00
     -8.951  0.5452E-02  0.4011E-02  0.0000E+00
     -8.882  0.7573E-02  0.4201E-02  0.0000E+00
     -8.813  0.1506E-01  0.5691E-02  0.0000E+00
     -8.743  0.5196E-02  0.2215E-02  0.0000E+00
     -8.674  0.2465E-02  0.1509E-02  0.0000E+00
     -8.605  0.2681E-02  0.2404E-02  0.0000E+00
     -8.535  0.2000E-02  0.1848E-02  0.0000E+00
     -8.466  0.1452E-02  0.1421E-02  0.0000E+00
     -8.397  0.2228E-01  0.6445E-02  0.0000E+00
     -8.327  0.1518E-01  0.5025E-02  0.0000E+00
     -8.258  0.1597E-01  0.5386E-02  0.0000E+00
     -8.189  0.1826E-01  0.6215E-02  0.0000E+00
     -8.119  0.1619E-01  0.6888E-02  0.0000E+00
     -8.050  0.2333E-01  0.1048E-01  0.0000E+00
     -7.981  0.1940E-01  0.1034E-01  0.0000E+00
     -7.911  0.2181E-01  0.1394E-01  0.0000E+00
     -7.842  0.2506E-01  0.1085E-01  0.0000E+00
     -7.773  0.3977E+00  0.5703E-01  0.0000E+00
     -7.703  0.2205E+00  0.2610E-01  0.0000E+00
     -7.634  0.6349E+00  0.6506E-01  0.0000E+00
     -7.565  0.5436E+00  0.4941E-01  0.0000E+00
     -7.495  0.4586E+00  0.4491E-01  0.0000E+00
     -7.426  0.3917E+00  0.3167E-01  0.0000E+00
     -7.357  0.2650E+00  0.1914E-01  0.0000E+00
     -7.287  0.4960E+00  0.3361E-01  0.0000E+00
     -7.218  0.5463E+00  0.3197E-01  0.0000E+00
     -7.149  0.4564E+00  0.2536E-01  0.0000E+00
     -7.079  0.4434E+00  0.2415E-01  0.0000E+00
     -7.010  0.3424E+00  0.2143E-01  0.0000E+00
     -6.941  0.0000E+00  0.0000E+00  0.0000E+00
     -6.871  0.0000E+00  0.0000E+00  0.0000E+00
     -6.802  0.0000E+00  0.0000E+00  0.0000E+00
     -6.732  0.0000E+00  0.0000E+00  0.0000E+00
     -6.663  0.0000E+00  0.0000E+00  0.0000E+00
     -6.594  0.0000E+00  0.0000E+00  0.0000E+00
     -6.524  0.0000E+00  0.0000E+00  0.0000E+00
     -6.455  0.0000E+00  0.0000E+00  0.0000E+00
     -6.386  0.0000E+00  0.0000E+00  0.0000E+00
     -6.316  0.0000E+00  0.0000E+00  0.0000E+00
     -6.247  0.0000E+00  0.0000E+00  0.0000E+00
     -6.178  0.0000E+00  0.0000E+00  0.0000E+00
     -6.108  0.0000E+00  0.0000E+00  0.0000E+00
     -6.039  0.0000E+00  0.0000E+00  0.0000E+00
     -5.970  0.0000E+00  0.0000E+00  0.0000E+00
     -5.900  0.0000E+00  0.0000E+00  0.0000E+00
     -5.831  0.0000E+00  0.0000E+00  0.0000E+00
     -5.762  0.0000E+00  0.0000E+00  0.0000E+00
     -5.692  0.0000E+00  0.0000E+00  0.0000E+00
     -5.623  0.0000E+00  0.0000E+00  0.0000E+00
     -5.554  0.0000E+00  0.0000E+00  0.0000E+00
     -5.484  0.0000E+00  0.0000E+00  0.0000E+00
     -5.415  0.0000E+00  0.0000E+00  0.0000E+00
     -5.346  0.0000E+00  0.0000E+00  0.0000E+00
     -5.276  0.0000E+00  0.0000E+00  0.0000E+00
     -5.207  0.0000E+00  0.0000E+00  0.0000E+00
     -5.138  0.0000E+00  0.0000E+00  0.0000E+00
     -5.068  0.5280E-03  0.2090E-02  0.0000E+00
     -4.999  0.4703E-03  0.3212E-02  0.0000E+00
     -4.930  0.8351E-03  0.6371E-02  0.0000E+00
     -4.860  0.4672E-02  0.2808E-01  0.0000E+00
     -4.791  0.5731E-02  0.3434E-01  0.0000E+00
     -4.722  0.5875E-02  0.3934E-01  0.0000E+00
     -4.652  0.7498E-02  0.5068E-01  0.0000E+00
     -4.583  0.2206E-01  0.1117E+00  0.0000E+00
     -4.514  0.1301E-01  0.1003E+00  0.0000E+00
     -4.444  0.2293E-01  0.1355E+00  0.0000E+00
     -4.375  0.8913E-02  0.1592E+00  0.0000E+00
     -4.306  0.1375E-01  0.2004E+00  0.0000E+00
     -4.236  0.2031E-01  0.2124E+00  0.0000E+00
     -4.167  0.5574E-02  0.7047E-01  0.0000E+00
     -4.098  0.3001E-01  0.3748E+00  0.0000E+00
     -4.028  0.8145E-03  0.2937E-01  0.0000E+00
     -3.959  0.5251E-02  0.1375E+00  0.0000E+00
     -3.890  0.1790E-01  0.3639E+00  0.0000E+00
     -3.820  0.4190E-02  0.9472E-01  0.0000E+00
     -3.751  0.2347E-01  0.5059E+00  0.0000E+00
     -3.682  0.9851E-02  0.1886E+00  0.0000E+00
     -3.612  0.1617E-01  0.2818E+00  0.0000E+00
     -3.543  0.1804E-01  0.3194E+00  0.0000E+00
     -3.474  0.1656E-01  0.3587E+00  0.0000E+00
     -3.404  0.8582E-02  0.1988E+00  0.0000E+00
     -3.335  0.1682E-02  0.7621E-01  0.0000E+00
     -3.266  0.1828E-01  0.3874E+00  0.0000E+00
     -3.196  0.1630E-01  0.3884E+00  0.0000E+00
     -3.127  0.1327E-01  0.3496E+00  0.0000E+00
     -3.058  0.6494E-02  0.1741E+00  0.0000E+00
     -2.988  0.2275E-01  0.2991E+00  0.0000E+00
     -2.919  0.8630E-02  0.2121E+00  0.0000E+00
     -2.850  0.1675E-01  0.3202E+00  0.0000E+00
     -2.780  0.1647E-01  0.2774E+00  0.0000E+00
     -2.711  0.1547E-01  0.2919E+00  0.0000E+00
     -2.642  0.4203E-01  0.4239E+00  0.0000E+00
     -2.572  0.3105E-01  0.2943E+00  0.0000E+00
     -2.503  0.2721E-01  0.3673E+00  0.0000E+00
     -2.433  0.2215E-01  0.3200E+00  0.0000E+00
     -2.364  0.3946E-01  0.4405E+00  0.0000E+00
     -2.295  0.8517E-02  0.2474E+00  0.0000E+00
     -2.225  0.1471E-01  0.3438E+00  0.0000E+00
     -2.156  0.3892E-02  0.9286E-01  0.0000E+00
     -2.087  0.1858E-01  0.4759E+00  0.0000E+00
     -2.017  0.1779E-01  0.6638E+00  0.0000E+00
     -1.948  0.1118E-01  0.2550E+00  0.0000E+00
     -1.879  0.9097E-02  0.3263E+00  0.0000E+00
     -1.809  0.1058E-01  0.3134E+00  0.0000E+00
     -1.740  0.8755E-02  0.2946E+00  0.0000E+00
     -1.671  0.1266E-01  0.3649E+00  0.0000E+00
     -1.601  0.1382E-01  0.8801E+00  0.0000E+00
     -1.532  0.1004E-01  0.3832E+00  0.0000E+00
     -1.463  0.1807E-01  0.4497E+00  0.0000E+00
     -1.393  0.9097E-02  0.2530E+00  0.0000E+00
     -1.324  0.8911E-02  0.2937E+00  0.0000E+00
     -1.255  0.4988E-02  0.1779E+00  0.0000E+00
     -1.185  0.3293E-02  0.9829E-01  0.0000E+00
     -1.116  0.8922E-02  0.8828E-01  0.0000E+00
     -1.047  0.4640E-02  0.5986E-01  0.0000E+00
     -0.977  0.4905E-02  0.7699E-01  0.0000E+00
     -0.908  0.9201E-02  0.1355E+00  0.0000E+00
     -0.839  0.6086E-02  0.1161E+00  0.0000E+00
     -0.769  0.8552E-02  0.2028E+00  0.0000E+00
     -0.700  0.1423E-01  0.3089E+00  0.0000E+00
     -0.631  0.1877E-01  0.3044E+00  0.0000E+00
     -0.561  0.1087E-01  0.1161E+00  0.0000E+00
     -0.492  0.2285E-02  0.3349E-01  0.0000E+00
     -0.423  0.5777E-02  0.8199E-01  0.0000E+00
     -0.353  0.2732E-02  0.5048E-01  0.0000E+00
     -0.284  0.5711E-02  0.1060E+00  0.0000E+00
     -0.215  0.6634E-02  0.9625E-01  0.0000E+00
     -0.145  0.3874E-02  0.6103E-01  0.0000E+00
     -0.076  0.4336E-02  0.5473E-01  0.0000E+00
     -0.007  0.6433E-02  0.5792E-01  0.0000E+00
      0.063  0.5504E-02  0.4019E-01  0.0000E+00
      0.132  0.8599E-02  0.7883E-01  0.0000E+00
      0.201  0.1378E-01  0.9841E-01  0.0000E+00
      0.271  0.4721E-02  0.2925E-01  0.0000E+00
      0.340  0.1847E-01  0.8481E-01  0.0000E+00
      0.409  0.5969E-02  0.3013E-01  0.0000E+00
      0.479  0.2666E-01  0.9954E-01  0.0000E+00
      0.548  0.5067E-02  0.5263E-01  0.0000E+00
      0.617  0.5800E-02  0.4678E-01  0.0000E+00
      0.687  0.1614E-01  0.6327E-01  0.0000E+00
      0.756  0.1850E-01  0.5995E-01  0.0000E+00
      0.825  0.1035E-01  0.3924E-01  0.0000E+00
      0.895  0.1958E-01  0.7889E-01  0.0000E+00
      0.964  0.1273E-01  0.9142E-01  0.0000E+00
      1.033  0.1836E-01  0.7773E-01  0.0000E+00
      1.103  0.1122E-01  0.5699E-01  0.0000E+00
      1.172  0.2719E-01  0.1304E+00  0.0000E+00
      1.241  0.8705E-02  0.1050E+00  0.0000E+00
      1.311  0.1268E-01  0.4462E-01  0.0000E+00
      1.380  0.3104E-01  0.9023E-01  0.0000E+00
      1.449  0.1963E-01  0.1186E+00  0.0000E+00
      1.519  0.1147E-01  0.6307E-01  0.0000E+00
      1.588  0.2223E-01  0.1159E+00  0.0000E+00
      1.657  0.4381E-01  0.2253E+00  0.0000E+00
      1.727  0.3574E-01  0.1357E+00  0.0000E+00
      1.796  0.5709E-01  0.2117E+00  0.0000E+00
      1.866  0.3630E-01  0.1583E+00  0.0000E+00
      1.935  0.1684E-01  0.7283E-01  0.0000E+00
      2.004  0.1215E-01  0.6325E-01  0.0000E+00
      2.074  0.3213E-01  0.1911E+00  0.0000E+00
      2.143  0.2672E-01  0.1427E+00  0.0000E+00
      2.212  0.1888E-01  0.9031E-01  0.0000E+00
      2.282  0.1277E-01  0.9245E-01  0.0000E+00
      2.351  0.2739E-01  0.1651E+00  0.0000E+00
      2.420  0.1941E-01  0.7342E-01  0.0000E+00
      2.490  0.1318E-01  0.6732E-01  0.0000E+00
      2.559  0.1726E-01  0.5018E-01  0.0000E+00
      2.628  0.2662E-01  0.7607E-01  0.0000E+00
      2.698  0.3932E-01  0.9349E-01  0.0000E+00
      2.767  0.2793E-01  0.8397E-01  0.0000E+00
      2.836  0.2298E-01  0.7239E-01  0.0000E+00
      2.906  0.3305E-01  0.9523E-01  0.0000E+00
      2.975  0.3083E-01  0.8319E-01  0.0000E+00
      3.044  0.4660E-01  0.1418E+00  0.0000E+00
      3.114  0.4954E-01  0.1654E+00  0.0000E+00
      3.183  0.6217E-01  0.1453E+00  0.0000E+00
      3.252  0.3981E-01  0.1300E+00  0.0000E+00
      3.322  0.2989E-01  0.1055E+00  0.0000E+00
      3.391  0.3433E-01  0.1071E+00  0.0000E+00
      3.460  0.2620E-01  0.1099E+00  0.0000E+00
      3.530  0.3152E-01  0.1197E+00  0.0000E+00
      3.599  0.2891E-01  0.1723E+00  0.0000E+00
      3.668  0.3478E-01  0.2747E+00  0.0000E+00
      3.738  0.2199E-01  0.1429E+00  0.0000E+00
      3.807  0.2131E-01  0.1826E+00  0.0000E+00
      3.876  0.1608E-01  0.1401E+00  0.0000E+00
      3.946  0.1758E-01  0.1209E+00  0.0000E+00
      4.015  0.2346E-01  0.2742E+00  0.0000E+00
      4.084  0.2047E-01  0.2356E+00  0.0000E+00
      4.154  0.2880E-01  0.2320E+00  0.0000E+00
      4.223  0.2223E-01  0.1868E+00  0.0000E+00
      4.292  0.2038E-01  0.1762E+00  0.0000E+00
      4.362  0.1759E-01  0.2212E+00  0.0000E+00
      4.431  0.2467E-01  0.3039E+00  0.0000E+00
      4.500  0.2973E-01  0.2474E+00  0.0000E+00
      4.570  0.3008E-01  0.2202E+00  0.0000E+00
      4.639  0.1378E-01  0.1463E+00  0.0000E+00
      4.708  0.2545E-01  0.1596E+00  0.0000E+00
      4.778  0.2148E-01  0.1398E+00  0.0000E+00
      4.847  0.1445E-01  0.7712E-01  0.0000E+00
      4.916  0.1434E-01  0.8814E-01  0.0000E+00
      4.986  0.2517E-01  0.1176E+00  0.0000E+00
      5.055  0.1566E-01  0.1256E+00  0.0000E+00
      5.124  0.3157E-01  0.2908E+00  0.0000E+00
      5.194  0.1481E-01  0.1833E+00  0.0000E+00
      5.263  0.8090E-02  0.1667E+00  0.0000E+00
      5.332  0.1691E-01  0.3096E+00  0.0000E+00
      5.402  0.1857E-01  0.2158E+00  0.0000E+00
      5.471  0.2505E-01  0.1778E+00  0.0000E+00
      5.540  0.4184E-01  0.2032E+00  0.0000E+00
      5.610  0.5013E-01  0.3295E+00  0.0000E+00
      5.679  0.6157E-01  0.2611E+00  0.0000E+00
      5.748  0.4553E-01  0.2432E+00  0.0000E+00
      5.818  0.3574E-01  0.2460E+00  0.0000E+00
      5.887  0.3717E-01  0.3253E+00  0.0000E+00
      5.956  0.3723E-01  0.3399E+00  0.0000E+00
      6.026  0.1373E-01  0.1071E+00  0.0000E+00
      6.095  0.8872E-02  0.8603E-01  0.0000E+00
      6.165  0.5807E-02  0.4562E-01  0.0000E+00
      6.234  0.6974E-02  0.5295E-01  0.0000E+00
      6.303  0.7430E-02  0.5611E-01  0.0000E+00
      6.373  0.6890E-02  0.4936E-01  0.0000E+00
      6.442  0.7365E-02  0.4432E-01  0.0000E+00
      6.511  0.4880E-02  0.2743E-01  0.0000E+00
      6.581  0.2019E-02  0.1294E-01  0.0000E+00
      6.650  0.8919E-03  0.5562E-02  0.0000E+00
      6.719  0.0000E+00  0.0000E+00  0.0000E+00
      6.789  0.0000E+00  0.0000E+00  0.0000E+00
      6.858  0.0000E+00  0.0000E+00  0.0000E+00
      6.927  0.0000E+00  0.0000E+00  0.0000E+00
      6.997  0.0000E+00  0.0000E+00  0.0000E+00
      7.066  0.0000E+00  0.0000E+00  0.0000E+00
      7.135  0.0000E+00  0.0000E+00  0.0000E+00
      7.205  0.0000E+00  0.0000E+00  0.0000E+00
      7.274  0.0000E+00  0.0000E+00  0.0000E+00
      7.343  0.0000E+00  0.0000E+00  0.0000E+00
      7.413  0.0000E+00  0.0000E+00  0.0000E+00
      7.482  0.0000E+00  0.0000E+00  0.0000E+00
      7.551  0.0000E+00  0.0000E+00  0.0000E+00
      7.621  0.0000E+00  0.0000E+00  0.0000E+00
      7.690  0.0000E+00  0.0000E+00  0.0000E+00
