    -13.112  0.0000E+00  0.0000E+00  0.0000E+00
    -13.042  0.0000E+00  0.0000E+00  0.0000E+00
    -12.973  0.0000E+00  0.0000E+00  0.0000E+00
    -12.904  0.0000E+00  0.0000E+00  0.0000E+00
    -12.834  0.0000E+00  0.0000E+00  0.0000E+00
    -12.765  0.0000E+00  0.0000E+00  0.0000E+00
    -12.696  0.0000E+00  0.0000E+00  0.0000E+00
    -12.626  0.0000E+00  0.0000E+00  0.0000E+00
    -12.557  0.0000E+00  0.0000E+00  0.0000E+00
    -12.488  0.0000E+00  0.0000E+00  0.0000E+00
    -12.418  0.0000E+00  0.0000E+00  0.0000E+00
    -12.349  0.0000E+00  0.0000E+00  0.0000E+00
    -12.280  0.0000E+00  0.0000E+00  0.0000E+00
    -12.210  0.0000E+00  0.0000E+00  0.0000E+00
    -12.141  0.0000E+00  0.0000E+00  0.0000E+00
    -12.072  0.1662E-02  0.1699E-03  0.0000E+00
    -12.002  0.2074E-02  0.2155E-03  0.0000E+00
    -11.933  0.1932E-02  0.2033E-03  0.0000E+00
    -11.864  0.2036E-02  0.2142E-03  0.0000E+00
    -11.794  0.2190E-02  0.2332E-03  0.0000E+00
    -11.725  0.1637E-02  0.1879E-03  0.0000E+00
    -11.656  0.1616E-02  0.1887E-03  0.0000E+00
    -11.586  0.1647E-02  0.1944E-03  0.0000E+00
    -11.517  0.4262E-01  0.3731E-02  0.0000E+00
    -11.448  0.1536E-01  0.1409E-02  0.0000E+00
    -11.378  0.3588E-01  0.3203E-02  0.0000E+00
    -11.309  0.5263E-01  0.4721E-02  0.0000E+00
    -11.240  0.6010E-01  0.5630E-02  0.0000E+00
    -11.170  0.2733E-01  0.2697E-02  0.0000E+00
    -11.101  0.3916E-01  0.3859E-02  0.0000E+00
    -11.032  0.4163E-01  0.4189E-02  0.0000E+00
    -10.962  0.3852E-01  0.4054E-02  0.0000E+00
    -10.893  0.4559E-01  0.4838E-02  0.0000E+00
    -10.823  0.4554E-01  0.4708E-02  0.0000E+00
    -10.754  0.5594E-01  0.5318E-02  0.0000E+00
    -10.685  0.2115E+00  0.1482E-01  0.0000E+00
    -10.615  0.1423E+00  0.1014E-01  0.0000E+00
    -10.546  0.1541E+00  0.1143E-01  0.0000E+00
    -10.477  0.1819E+00  0.1428E-01  0.0000E+00
    -10.407  0.1914E+00  0.1586E-01  0.0000E+00
    -10.338  0.2278E+00  0.1969E-01  0.0000E+00
    -10.269  0.1221E+00  0.1011E-01  0.0000E+00
    -10.199  0.1260E+00  0.1196E-01  0.0000E+00
    -10.130  0.1775E+00  0.1500E-01  0.0000E+00
    -10.061  0.4978E+00  0.3848E-01  0.0000E+00
     -9.991  0.4769E+00  0.4355E-01  0.0000E+00
     -9.922  0.3205E+00  0.2917E-01  0.0000E+00
     -9.853  0.2934E+00  0.2699E-01  0.0000E+00
     -9.783  0.2702E+00  0.2521E-01  0.0000E+00
     -9.714  0.1550E+00  0.1404E-01  0.0000E+00
     -9.645  0.1228E+00  0.1115E-01  0.0000E+00
     -9.575  0.1292E+00  0.1130E-01  0.0000E+00
     -9.506  0.1046E+00  0.9138E-02  0.0000E+00
     -9.437  0.1148E+00  0.9929E-02  0.0000E+00
     -9.367  0.6665E-01  0.5717E-02  0.0000E+00
     -9.298  0.0000E+00  0.0000E+00  0.0000E+00
     -9.229  0.1344E-01  0.3346E-03  0.0000E+00
     -9.159  0.2855E-01  0.7184E-03  0.0000E+00
     -9.090  0.2710E-01  0.6962E-03  0.0000E+00
     -9.021  0.2623E-01  0.7226E-03  0.0000E+00
     -8.951  0.2946E-01  0.8510E-03  0.0000E+00
     -8.882  0.2978E-01  0.9660E-03  0.0000E+00
     -8.813  0.3249E-01  0.1294E-02  0.0000E+00
     -8.743  0.1584E-01  0.5220E-03  0.0000E+00
     -8.674  0.6382E-02  0.2403E-03  0.0000E+00
     -8.605  0.1318E-01  0.4928E-03  0.0000E+00
     -8.535  0.1074E-01  0.3949E-03  0.0000E+00
     -8.466  0.8503E-02  0.3137E-03  0.0000E+00
     -8.397  0.1140E-01  0.1523E-02  0.0000E+00
     -8.327  0.1142E-01  0.1118E-02  0.0000E+00
     -8.258  0.1281E-01  0.1145E-02  0.0000E+00
     -8.189  0.1750E-01  0.1253E-02  0.0000E+00
     -8.119  0.2785E-01  0.1306E-02  0.0000E+00
     -8.050  0.3893E-01  0.1981E-02  0.0000E+00
     -7.981  0.5273E-01  0.1823E-02  0.0000E+00
     -7.911  0.1058E+00  0.1796E-02  0.0000E+00
     -7.842  0.1025E+00  0.1354E-02  0.0000E+00
     -7.773  0.8671E+00  0.2181E-01  0.0000E+00
     -7.703  0.4425E+00  0.9707E-02  0.0000E+00
     -7.634  0.1179E+01  0.2615E-01  0.0000E+00
     -7.565  0.9394E+00  0.2109E-01  0.0000E+00
     -7.495  0.7832E+00  0.1838E-01  0.0000E+00
     -7.426  0.5974E+00  0.1221E-01  0.0000E+00
     -7.357  0.3655E+00  0.8603E-02  0.0000E+00
     -7.287  0.6753E+00  0.1422E-01  0.0000E+00
     -7.218  0.6801E+00  0.1343E-01  0.0000E+00
     -7.149  0.5606E+00  0.1102E-01  0.0000E+00
     -7.079  0.5544E+00  0.1113E-01  0.0000E+00
     -7.010  0.4884E+00  0.8967E-02  0.0000E+00
     -6.941  0.0000E+00  0.0000E+00  0.0000E+00
     -6.871  0.0000E+00  0.0000E+00  0.0000E+00
     -6.802  0.0000E+00  0.0000E+00  0.0000E+00
     -6.732  0.0000E+00  0.0000E+00  0.0000E+00
     -6.663  0.0000E+00  0.0000E+00  0.0000E+00
     -6.594  0.0000E+00  0.0000E+00  0.0000E+00
     -6.524  0.0000E+00  0.0000E+00  0.0000E+00
     -6.455  0.0000E+00  0.0000E+00  0.0000E+00
     -6.386  0.0000E+00  0.0000E+00  0.0000E+00
     -6.316  0.0000E+00  0.0000E+00  0.0000E+00
     -6.247  0.0000E+00  0.0000E+00  0.0000E+00
     -6.178  0.0000E+00  0.0000E+00  0.0000E+00
     -6.108  0.0000E+00  0.0000E+00  0.0000E+00
     -6.039  0.0000E+00  0.0000E+00  0.0000E+00
     -5.970  0.0000E+00  0.0000E+00  0.0000E+00
     -5.900  0.0000E+00  0.0000E+00  0.0000E+00
     -5.831  0.0000E+00  0.0000E+00  0.0000E+00
     -5.762  0.0000E+00  0.0000E+00  0.0000E+00
     -5.692  0.0000E+00  0.0000E+00  0.0000E+00
     -5.623  0.0000E+00  0.0000E+00  0.0000E+00
     -5.554  0.0000E+00  0.0000E+00  0.0000E+00
     -5.484  0.0000E+00  0.0000E+00  0.0000E+00
     -5.415  0.0000E+00  0.0000E+00  0.0000E+00
     -5.346  0.0000E+00  0.0000E+00  0.0000E+00
     -5.276  0.0000E+00  0.0000E+00  0.0000E+00
     -5.207  0.0000E+00  0.0000E+00  0.0000E+00
     -5.138  0.0000E+00  0.0000E+00  0.0000E+00
     -5.068  0.1814E-03  0.4769E-03  0.0000E+00
     -4.999  0.2583E-03  0.6182E-03  0.0000E+00
     -4.930  0.6064E-03  0.1409E-02  0.0000E+00
     -4.860  0.2865E-02  0.7873E-02  0.0000E+00
     -4.791  0.3474E-02  0.9966E-02  0.0000E+00
     -4.722  0.4845E-02  0.1202E-01  0.0000E+00
     -4.652  0.7142E-02  0.1633E-01  0.0000E+00
     -4.583  0.2872E-01  0.4051E-01  0.0000E+00
     -4.514  0.1135E-01  0.3632E-01  0.0000E+00
     -4.444  0.1745E-01  0.4563E-01  0.0000E+00
     -4.375  0.7691E-02  0.8026E-01  0.0000E+00
     -4.306  0.1914E-01  0.8291E-01  0.0000E+00
     -4.236  0.1714E-01  0.8794E-01  0.0000E+00
     -4.167  0.1050E-01  0.2576E-01  0.0000E+00
     -4.098  0.6835E-01  0.1336E+00  0.0000E+00
     -4.028  0.2865E-02  0.7077E-02  0.0000E+00
     -3.959  0.1650E-01  0.3968E-01  0.0000E+00
     -3.890  0.5030E-01  0.1060E+00  0.0000E+00
     -3.820  0.1288E-01  0.2926E-01  0.0000E+00
     -3.751  0.5205E-01  0.1864E+00  0.0000E+00
     -3.682  0.2055E-01  0.7344E-01  0.0000E+00
     -3.612  0.3117E-01  0.1093E+00  0.0000E+00
     -3.543  0.5607E-01  0.1158E+00  0.0000E+00
     -3.474  0.5829E-01  0.1595E+00  0.0000E+00
     -3.404  0.6058E-01  0.9603E-01  0.0000E+00
     -3.335  0.6496E-02  0.3503E-01  0.0000E+00
     -3.266  0.4173E-01  0.1552E+00  0.0000E+00
     -3.196  0.3287E-01  0.1680E+00  0.0000E+00
     -3.127  0.2711E-01  0.1560E+00  0.0000E+00
     -3.058  0.2470E-01  0.8449E-01  0.0000E+00
     -2.988  0.3293E-01  0.1672E+00  0.0000E+00
     -2.919  0.3352E-01  0.1071E+00  0.0000E+00
     -2.850  0.2925E-01  0.2054E+00  0.0000E+00
     -2.780  0.3519E-01  0.1832E+00  0.0000E+00
     -2.711  0.2593E-01  0.2010E+00  0.0000E+00
     -2.642  0.3519E-01  0.4227E+00  0.0000E+00
     -2.572  0.1648E-01  0.1890E+00  0.0000E+00
     -2.503  0.1759E-01  0.2099E+00  0.0000E+00
     -2.433  0.1994E-01  0.2160E+00  0.0000E+00
     -2.364  0.2331E-01  0.2595E+00  0.0000E+00
     -2.295  0.1066E-01  0.1256E+00  0.0000E+00
     -2.225  0.1051E-01  0.1952E+00  0.0000E+00
     -2.156  0.4259E-02  0.4884E-01  0.0000E+00
     -2.087  0.2136E-01  0.2507E+00  0.0000E+00
     -2.017  0.2093E-01  0.2713E+00  0.0000E+00
     -1.948  0.1444E-01  0.2235E+00  0.0000E+00
     -1.879  0.3035E-01  0.3267E+00  0.0000E+00
     -1.809  0.1439E-01  0.3170E+00  0.0000E+00
     -1.740  0.1484E-01  0.3831E+00  0.0000E+00
     -1.671  0.2022E-01  0.4477E+00  0.0000E+00
     -1.601  0.4023E-01  0.6612E+00  0.0000E+00
     -1.532  0.2266E-01  0.4639E+00  0.0000E+00
     -1.463  0.2692E-01  0.4307E+00  0.0000E+00
     -1.393  0.1539E-01  0.3179E+00  0.0000E+00
     -1.324  0.1144E-01  0.3060E+00  0.0000E+00
     -1.255  0.6701E-02  0.1552E+00  0.0000E+00
     -1.185  0.3265E-02  0.8072E-01  0.0000E+00
     -1.116  0.1340E-01  0.1512E+00  0.0000E+00
     -1.047  0.1155E-01  0.8239E-01  0.0000E+00
     -0.977  0.1260E-01  0.1097E+00  0.0000E+00
     -0.908  0.4106E-01  0.2973E+00  0.0000E+00
     -0.839  0.3605E-01  0.2635E+00  0.0000E+00
     -0.769  0.4163E-01  0.3734E+00  0.0000E+00
     -0.700  0.5075E-01  0.5222E+00  0.0000E+00
     -0.631  0.5508E-01  0.4158E+00  0.0000E+00
     -0.561  0.5348E-01  0.3452E+00  0.0000E+00
     -0.492  0.6740E-02  0.6581E-01  0.0000E+00
     -0.423  0.1836E-01  0.1879E+00  0.0000E+00
     -0.353  0.1297E-01  0.1512E+00  0.0000E+00
     -0.284  0.2215E-01  0.1874E+00  0.0000E+00
     -0.215  0.2004E-01  0.1461E+00  0.0000E+00
     -0.145  0.1480E-01  0.1203E+00  0.0000E+00
     -0.076  0.1244E-01  0.1175E+00  0.0000E+00
     -0.007  0.1578E-01  0.1535E+00  0.0000E+00
      0.063  0.8604E-02  0.1057E+00  0.0000E+00
      0.132  0.2173E-01  0.1929E+00  0.0000E+00
      0.201  0.1788E-01  0.1938E+00  0.0000E+00
      0.271  0.4470E-02  0.5651E-01  0.0000E+00
      0.340  0.1431E-01  0.1503E+00  0.0000E+00
      0.409  0.8252E-02  0.6318E-01  0.0000E+00
      0.479  0.7014E-01  0.3075E+00  0.0000E+00
      0.548  0.1735E-01  0.1202E+00  0.0000E+00
      0.617  0.2885E-01  0.1211E+00  0.0000E+00
      0.687  0.3543E-01  0.1284E+00  0.0000E+00
      0.756  0.3329E-01  0.1548E+00  0.0000E+00
      0.825  0.1499E-01  0.8446E-01  0.0000E+00
      0.895  0.5170E-01  0.1738E+00  0.0000E+00
      0.964  0.4912E-01  0.1506E+00  0.0000E+00
      1.033  0.5988E-01  0.2980E+00  0.0000E+00
      1.103  0.1300E-01  0.1346E+00  0.0000E+00
      1.172  0.5146E-01  0.2601E+00  0.0000E+00
      1.241  0.3989E-01  0.2291E+00  0.0000E+00
      1.311  0.1576E-01  0.1369E+00  0.0000E+00
      1.380  0.3761E-01  0.2160E+00  0.0000E+00
      1.449  0.1449E-01  0.1379E+00  0.0000E+00
      1.519  0.1919E-01  0.1063E+00  0.0000E+00
      1.588  0.2247E-01  0.1638E+00  0.0000E+00
      1.657  0.3143E-01  0.2322E+00  0.0000E+00
      1.727  0.3180E-01  0.2172E+00  0.0000E+00
      1.796  0.3383E-01  0.2814E+00  0.0000E+00
      1.866  0.1680E-01  0.1950E+00  0.0000E+00
      1.935  0.7375E-02  0.7447E-01  0.0000E+00
      2.004  0.8653E-02  0.1063E+00  0.0000E+00
      2.074  0.2777E-01  0.3786E+00  0.0000E+00
      2.143  0.2064E-01  0.4186E+00  0.0000E+00
      2.212  0.7601E-02  0.1612E+00  0.0000E+00
      2.282  0.9780E-02  0.1562E+00  0.0000E+00
      2.351  0.1244E-01  0.2439E+00  0.0000E+00
      2.420  0.9759E-02  0.1267E+00  0.0000E+00
      2.490  0.7489E-02  0.9775E-01  0.0000E+00
      2.559  0.7634E-02  0.9593E-01  0.0000E+00
      2.628  0.5700E-02  0.1152E+00  0.0000E+00
      2.698  0.9507E-02  0.1690E+00  0.0000E+00
      2.767  0.7434E-02  0.1211E+00  0.0000E+00
      2.836  0.7705E-02  0.1171E+00  0.0000E+00
      2.906  0.8951E-02  0.1454E+00  0.0000E+00
      2.975  0.8056E-02  0.1143E+00  0.0000E+00
      3.044  0.1172E-01  0.1867E+00  0.0000E+00
      3.114  0.1007E-01  0.2411E+00  0.0000E+00
      3.183  0.1054E-01  0.2364E+00  0.0000E+00
      3.252  0.1056E-01  0.1906E+00  0.0000E+00
      3.322  0.6957E-02  0.1621E+00  0.0000E+00
      3.391  0.6567E-02  0.1501E+00  0.0000E+00
      3.460  0.8925E-02  0.1586E+00  0.0000E+00
      3.530  0.8557E-02  0.1333E+00  0.0000E+00
      3.599  0.9420E-02  0.1767E+00  0.0000E+00
      3.668  0.1557E-01  0.2880E+00  0.0000E+00
      3.738  0.6658E-02  0.1437E+00  0.0000E+00
      3.807  0.1107E-01  0.1925E+00  0.0000E+00
      3.876  0.7377E-02  0.1230E+00  0.0000E+00
      3.946  0.7637E-02  0.1253E+00  0.0000E+00
      4.015  0.1374E-01  0.2502E+00  0.0000E+00
      4.084  0.1519E-01  0.1922E+00  0.0000E+00
      4.154  0.7852E-02  0.2183E+00  0.0000E+00
      4.223  0.9631E-02  0.1724E+00  0.0000E+00
      4.292  0.7920E-02  0.1420E+00  0.0000E+00
      4.362  0.1211E-01  0.2102E+00  0.0000E+00
      4.431  0.1227E-01  0.2413E+00  0.0000E+00
      4.500  0.1742E-01  0.1971E+00  0.0000E+00
      4.570  0.1246E-01  0.1902E+00  0.0000E+00
      4.639  0.6834E-02  0.1048E+00  0.0000E+00
      4.708  0.1239E-01  0.1004E+00  0.0000E+00
      4.778  0.1745E-01  0.1150E+00  0.0000E+00
      4.847  0.7536E-02  0.6991E-01  0.0000E+00
      4.916  0.1294E-01  0.7922E-01  0.0000E+00
      4.986  0.3474E-01  0.1018E+00  0.0000E+00
      5.055  0.1756E-01  0.1089E+00  0.0000E+00
      5.124  0.3508E-01  0.2949E+00  0.0000E+00
      5.194  0.2358E-01  0.1461E+00  0.0000E+00
      5.263  0.2786E-01  0.1252E+00  0.0000E+00
      5.332  0.4665E-01  0.2055E+00  0.0000E+00
      5.402  0.3251E-01  0.1731E+00  0.0000E+00
      5.471  0.2437E-01  0.1661E+00  0.0000E+00
      5.540  0.2140E-01  0.1570E+00  0.0000E+00
      5.610  0.3733E-01  0.2599E+00  0.0000E+00
      5.679  0.4117E-01  0.2351E+00  0.0000E+00
      5.748  0.4886E-01  0.2568E+00  0.0000E+00
      5.818  0.3663E-01  0.2070E+00  0.0000E+00
      5.887  0.4467E-01  0.1834E+00  0.0000E+00
      5.956  0.7460E-01  0.2948E+00  0.0000E+00
      6.026  0.3577E-01  0.1385E+00  0.0000E+00
      6.095  0.1931E-01  0.7029E-01  0.0000E+00
      6.165  0.9823E-02  0.2841E-01  0.0000E+00
      6.234  0.1151E-01  0.3346E-01  0.0000E+00
      6.303  0.1220E-01  0.3426E-01  0.0000E+00
      6.373  0.1139E-01  0.2888E-01  0.0000E+00
      6.442  0.1303E-01  0.2646E-01  0.0000E+00
      6.511  0.7794E-02  0.1588E-01  0.0000E+00
      6.581  0.3186E-02  0.9005E-02  0.0000E+00
      6.650  0.1258E-02  0.3777E-02  0.0000E+00
      6.719  0.0000E+00  0.0000E+00  0.0000E+00
      6.789  0.0000E+00  0.0000E+00  0.0000E+00
      6.858  0.0000E+00  0.0000E+00  0.0000E+00
      6.927  0.0000E+00  0.0000E+00  0.0000E+00
      6.997  0.0000E+00  0.0000E+00  0.0000E+00
      7.066  0.0000E+00  0.0000E+00  0.0000E+00
      7.135  0.0000E+00  0.0000E+00  0.0000E+00
      7.205  0.0000E+00  0.0000E+00  0.0000E+00
      7.274  0.0000E+00  0.0000E+00  0.0000E+00
      7.343  0.0000E+00  0.0000E+00  0.0000E+00
      7.413  0.0000E+00  0.0000E+00  0.0000E+00
      7.482  0.0000E+00  0.0000E+00  0.0000E+00
      7.551  0.0000E+00  0.0000E+00  0.0000E+00
      7.621  0.0000E+00  0.0000E+00  0.0000E+00
      7.690  0.0000E+00  0.0000E+00  0.0000E+00
