    -13.112  0.0000E+00  0.0000E+00  0.0000E+00
    -13.042  0.0000E+00  0.0000E+00  0.0000E+00
    -12.973  0.0000E+00  0.0000E+00  0.0000E+00
    -12.904  0.0000E+00  0.0000E+00  0.0000E+00
    -12.834  0.0000E+00  0.0000E+00  0.0000E+00
    -12.765  0.0000E+00  0.0000E+00  0.0000E+00
    -12.696  0.0000E+00  0.0000E+00  0.0000E+00
    -12.626  0.0000E+00  0.0000E+00  0.0000E+00
    -12.557  0.0000E+00  0.0000E+00  0.0000E+00
    -12.488  0.0000E+00  0.0000E+00  0.0000E+00
    -12.418  0.0000E+00  0.0000E+00  0.0000E+00
    -12.349  0.0000E+00  0.0000E+00  0.0000E+00
    -12.280  0.0000E+00  0.0000E+00  0.0000E+00
    -12.210  0.0000E+00  0.0000E+00  0.0000E+00
    -12.141  0.0000E+00  0.0000E+00  0.0000E+00
    -12.072  0.3124E-01  0.9932E-03  0.6237E-03
    -12.002  0.3898E-01  0.1760E-02  0.8795E-03
    -11.933  0.3609E-01  0.2239E-02  0.9475E-03
    -11.864  0.3757E-01  0.2723E-02  0.1095E-02
    -11.794  0.4066E-01  0.3493E-02  0.1262E-02
    -11.725  0.3406E-01  0.3919E-02  0.1239E-02
    -11.656  0.3577E-01  0.4375E-02  0.1455E-02
    -11.586  0.3863E-01  0.4765E-02  0.1690E-02
    -11.517  0.5124E-01  0.1113E-01  0.2766E-02
    -11.448  0.3935E-01  0.6768E-02  0.2018E-02
    -11.378  0.4432E-01  0.1065E-01  0.2860E-02
    -11.309  0.3858E-01  0.2066E-01  0.4720E-02
    -11.240  0.3645E-01  0.2415E-01  0.5797E-02
    -11.170  0.1982E-01  0.8072E-02  0.2739E-02
    -11.101  0.2337E-01  0.1431E-01  0.4170E-02
    -11.032  0.3097E-01  0.1704E-01  0.5526E-02
    -10.962  0.1998E-01  0.1526E-01  0.5561E-02
    -10.893  0.1917E-01  0.2225E-01  0.7858E-02
    -10.823  0.2076E-01  0.2713E-01  0.1097E-01
    -10.754  0.2243E-01  0.3512E-01  0.1533E-01
    -10.685  0.3333E-01  0.4854E-01  0.2396E-01
    -10.615  0.1627E-01  0.2572E-01  0.1259E-01
    -10.546  0.1092E-01  0.2047E-01  0.1021E-01
    -10.477  0.1242E-01  0.2753E-01  0.1406E-01
    -10.407  0.1191E-01  0.2927E-01  0.1419E-01
    -10.338  0.2127E-01  0.4516E-01  0.2439E-01
    -10.269  0.8503E-02  0.2591E-01  0.1290E-01
    -10.199  0.1160E-01  0.2918E-01  0.1137E-01
    -10.130  0.1232E-01  0.1153E-01  0.4858E-02
    -10.061  0.1405E-01  0.1286E-01  0.1155E-01
     -9.991  0.1326E-01  0.1031E-01  0.7776E-02
     -9.922  0.1258E-01  0.8907E-02  0.7942E-02
     -9.853  0.9199E-02  0.6316E-02  0.6833E-02
     -9.783  0.5438E-02  0.3691E-02  0.5710E-02
     -9.714  0.2731E-02  0.2123E-02  0.2477E-02
     -9.645  0.2340E-02  0.1883E-02  0.2253E-02
     -9.575  0.1900E-02  0.1669E-02  0.2162E-02
     -9.506  0.1827E-02  0.1579E-02  0.2250E-02
     -9.437  0.2310E-02  0.1997E-02  0.3463E-02
     -9.367  0.1332E-02  0.1170E-02  0.2167E-02
     -9.298  0.0000E+00  0.0000E+00  0.0000E+00
     -9.229  0.1265E-01  0.9303E-03  0.6822E-02
     -9.159  0.2798E-01  0.2780E-02  0.1498E-01
     -9.090  0.2724E-01  0.4739E-02  0.1532E-01
     -9.021  0.2606E-01  0.7083E-02  0.1517E-01
     -8.951  0.3566E-01  0.1276E-01  0.2120E-01
     -8.882  0.4595E-01  0.2441E-01  0.3012E-01
     -8.813  0.7509E-01  0.7258E-01  0.6322E-01
     -8.743  0.2867E-01  0.3986E-01  0.2582E-01
     -8.674  0.3803E-01  0.2186E-01  0.3274E-01
     -8.605  0.6789E-01  0.2939E-01  0.3901E-01
     -8.535  0.4969E-01  0.2823E-01  0.2667E-01
     -8.466  0.3433E-01  0.2790E-01  0.1791E-01
     -8.397  0.6425E-01  0.3950E-01  0.1690E-01
     -8.327  0.4964E-01  0.3476E-01  0.1599E-01
     -8.258  0.5032E-01  0.3430E-01  0.1673E-01
     -8.189  0.5336E-01  0.4328E-01  0.2055E-01
     -8.119  0.5222E-01  0.5275E-01  0.2740E-01
     -8.050  0.5420E-01  0.5662E-01  0.4497E-01
     -7.981  0.3176E-01  0.4548E-01  0.5458E-01
     -7.911  0.2344E-01  0.5891E-01  0.6384E-01
     -7.842  0.1262E-01  0.4692E-01  0.4523E-01
     -7.773  0.2516E-01  0.4832E-01  0.6601E-01
     -7.703  0.2765E-01  0.2979E-01  0.3764E-01
     -7.634  0.8314E-01  0.8892E-01  0.1350E+00
     -7.565  0.2949E-01  0.3535E-01  0.8597E-01
     -7.495  0.1757E-01  0.3705E-01  0.4780E-01
     -7.426  0.1338E-01  0.4727E-01  0.4389E-01
     -7.357  0.4772E-02  0.1205E-01  0.2509E-01
     -7.287  0.7885E-02  0.3451E-01  0.6855E-01
     -7.218  0.1183E-02  0.2598E-02  0.1483E-02
     -7.149  0.9321E-03  0.2025E-02  0.1470E-02
     -7.079  0.6388E-03  0.1326E-02  0.1486E-02
     -7.010  0.1151E-03  0.2880E-03  0.5134E-03
     -6.941  0.0000E+00  0.0000E+00  0.0000E+00
     -6.871  0.0000E+00  0.0000E+00  0.0000E+00
     -6.802  0.0000E+00  0.0000E+00  0.0000E+00
     -6.732  0.0000E+00  0.0000E+00  0.0000E+00
     -6.663  0.0000E+00  0.0000E+00  0.0000E+00
     -6.594  0.0000E+00  0.0000E+00  0.0000E+00
     -6.524  0.0000E+00  0.0000E+00  0.0000E+00
     -6.455  0.0000E+00  0.0000E+00  0.0000E+00
     -6.386  0.0000E+00  0.0000E+00  0.0000E+00
     -6.316  0.0000E+00  0.0000E+00  0.0000E+00
     -6.247  0.0000E+00  0.0000E+00  0.0000E+00
     -6.178  0.0000E+00  0.0000E+00  0.0000E+00
     -6.108  0.0000E+00  0.0000E+00  0.0000E+00
     -6.039  0.0000E+00  0.0000E+00  0.0000E+00
     -5.970  0.0000E+00  0.0000E+00  0.0000E+00
     -5.900  0.0000E+00  0.0000E+00  0.0000E+00
     -5.831  0.0000E+00  0.0000E+00  0.0000E+00
     -5.762  0.0000E+00  0.0000E+00  0.0000E+00
     -5.692  0.0000E+00  0.0000E+00  0.0000E+00
     -5.623  0.0000E+00  0.0000E+00  0.0000E+00
     -5.554  0.0000E+00  0.0000E+00  0.0000E+00
     -5.484  0.0000E+00  0.0000E+00  0.0000E+00
     -5.415  0.0000E+00  0.0000E+00  0.0000E+00
     -5.346  0.0000E+00  0.0000E+00  0.0000E+00
     -5.276  0.0000E+00  0.0000E+00  0.0000E+00
     -5.207  0.0000E+00  0.0000E+00  0.0000E+00
     -5.138  0.0000E+00  0.0000E+00  0.0000E+00
     -5.068  0.1077E+00  0.1161E-01  0.3983E-01
     -4.999  0.7421E-01  0.1156E-01  0.2730E-01
     -4.930  0.6531E-01  0.1379E-01  0.2549E-01
     -4.860  0.5897E-01  0.1625E-01  0.2829E-01
     -4.791  0.5800E-01  0.1747E-01  0.3051E-01
     -4.722  0.6377E-01  0.2357E-01  0.3908E-01
     -4.652  0.6944E-01  0.3007E-01  0.4976E-01
     -4.583  0.9785E-01  0.7075E-01  0.1237E+00
     -4.514  0.7800E-01  0.3959E-01  0.8173E-01
     -4.444  0.1161E+00  0.6397E-01  0.1002E+00
     -4.375  0.7281E-01  0.6051E-01  0.7167E-01
     -4.306  0.1685E+00  0.5252E-01  0.1402E+00
     -4.236  0.1343E+00  0.4705E-01  0.1827E+00
     -4.167  0.7181E-01  0.3040E-01  0.8930E-01
     -4.098  0.3740E+00  0.1579E+00  0.4875E+00
     -4.028  0.1060E-01  0.7591E-02  0.1214E-01
     -3.959  0.6636E-01  0.3917E-01  0.7947E-01
     -3.890  0.1903E+00  0.1050E+00  0.2841E+00
     -3.820  0.7085E-01  0.3204E-01  0.7831E-01
     -3.751  0.1974E+00  0.9456E-01  0.2730E+00
     -3.682  0.6885E-01  0.3843E-01  0.1138E+00
     -3.612  0.7329E-01  0.6117E-01  0.2198E+00
     -3.543  0.7533E-01  0.5926E-01  0.2154E+00
     -3.474  0.8183E-01  0.8676E-01  0.2194E+00
     -3.404  0.3583E-01  0.4663E-01  0.2049E+00
     -3.335  0.3303E-01  0.1150E-01  0.6211E-01
     -3.266  0.7633E-01  0.8416E-01  0.2831E+00
     -3.196  0.8946E-01  0.8054E-01  0.3616E+00
     -3.127  0.7615E-01  0.6481E-01  0.3394E+00
     -3.058  0.4508E-01  0.3612E-01  0.1811E+00
     -2.988  0.5572E-01  0.5920E-01  0.4256E+00
     -2.919  0.4629E-01  0.5575E-01  0.3190E+00
     -2.850  0.5539E-01  0.6507E-01  0.4899E+00
     -2.780  0.4377E-01  0.6453E-01  0.5119E+00
     -2.711  0.7919E-01  0.4483E-01  0.6938E+00
     -2.642  0.4715E-01  0.4854E-01  0.4501E+00
     -2.572  0.3671E-01  0.5151E-01  0.3646E+00
     -2.503  0.4638E-01  0.5500E-01  0.3848E+00
     -2.433  0.4533E-01  0.5411E-01  0.3670E+00
     -2.364  0.5366E-01  0.5567E-01  0.7081E+00
     -2.295  0.4274E-01  0.3810E-01  0.3509E+00
     -2.225  0.3558E-01  0.7921E-01  0.8434E+00
     -2.156  0.1119E-01  0.2389E-01  0.3402E+00
     -2.087  0.3829E-01  0.1678E+00  0.1152E+01
     -2.017  0.6038E-01  0.1070E+00  0.9468E+00
     -1.948  0.4147E-01  0.9599E-01  0.7453E+00
     -1.879  0.3498E-01  0.8461E-01  0.9398E+00
     -1.809  0.3126E-01  0.1197E+00  0.9207E+00
     -1.740  0.4328E-01  0.1052E+00  0.8491E+00
     -1.671  0.3846E-01  0.8947E-01  0.7210E+00
     -1.601  0.3060E-01  0.1417E+00  0.1099E+01
     -1.532  0.4015E-01  0.1013E+00  0.6009E+00
     -1.463  0.2275E-01  0.8972E-01  0.7028E+00
     -1.393  0.1622E-01  0.1182E+00  0.8877E+00
     -1.324  0.3270E-01  0.1489E+00  0.1621E+01
     -1.255  0.1103E-01  0.5713E-01  0.6902E+00
     -1.185  0.9307E-02  0.1145E+00  0.1148E+01
     -1.116  0.3202E-01  0.6818E-01  0.1527E+01
     -1.047  0.9569E-02  0.3443E-01  0.4891E+00
     -0.977  0.4404E-01  0.8865E-01  0.1652E+01
     -0.908  0.2822E-01  0.8190E-01  0.1711E+01
     -0.839  0.2102E-01  0.6912E-01  0.1388E+01
     -0.769  0.2707E-01  0.5933E-01  0.1695E+01
     -0.700  0.2788E-01  0.4171E-01  0.1123E+01
     -0.631  0.3407E-01  0.1081E+00  0.2947E+01
     -0.561  0.2332E-01  0.1004E+00  0.1967E+01
     -0.492  0.8806E-02  0.4315E-01  0.9301E+00
     -0.423  0.2020E-01  0.1574E+00  0.3173E+01
     -0.353  0.8038E-02  0.6956E-01  0.2164E+01
     -0.284  0.1095E-01  0.7612E-01  0.2784E+01
     -0.215  0.1770E-01  0.8846E-01  0.2067E+01
     -0.145  0.1552E-01  0.5663E-01  0.2278E+01
     -0.076  0.2195E-01  0.6459E-01  0.2798E+01
     -0.007  0.2022E-01  0.8150E-01  0.3389E+01
      0.063  0.1769E-01  0.6457E-01  0.2634E+01
      0.132  0.2417E-01  0.1303E+00  0.5391E+01
      0.201  0.1573E-01  0.6843E-01  0.5331E+01
      0.271  0.1309E-01  0.4710E-01  0.2459E+01
      0.340  0.2134E-01  0.6445E-01  0.4359E+01
      0.409  0.5765E-02  0.1883E-01  0.1435E+01
      0.479  0.1165E-01  0.7797E-01  0.5249E+01
      0.548  0.1717E-01  0.3884E-01  0.3639E+01
      0.617  0.7752E-02  0.2721E-01  0.1782E+01
      0.687  0.1928E-01  0.5345E-01  0.2327E+01
      0.756  0.2832E-01  0.3651E-01  0.2384E+01
      0.825  0.3220E-01  0.3724E-01  0.1935E+01
      0.895  0.2752E-01  0.5936E-01  0.2139E+01
      0.964  0.2593E-01  0.5642E-01  0.2001E+01
      1.033  0.3717E-01  0.1227E+00  0.2404E+01
      1.103  0.1674E-01  0.7074E-01  0.1118E+01
      1.172  0.1979E-01  0.1014E+00  0.1665E+01
      1.241  0.1645E-01  0.3901E-01  0.9152E+00
      1.311  0.1274E-01  0.3261E-01  0.9149E+00
      1.380  0.2057E-01  0.6519E-01  0.1366E+01
      1.449  0.1877E-01  0.6591E-01  0.1322E+01
      1.519  0.2292E-01  0.2501E-01  0.8013E+00
      1.588  0.2564E-01  0.2667E-01  0.1035E+01
      1.657  0.5828E-01  0.6833E-01  0.1889E+01
      1.727  0.2945E-01  0.6097E-01  0.1416E+01
      1.796  0.3257E-01  0.7457E-01  0.1548E+01
      1.866  0.2919E-01  0.5090E-01  0.5797E+00
      1.935  0.1811E-01  0.1487E-01  0.3287E+00
      2.004  0.1273E-01  0.2191E-01  0.2419E+00
      2.074  0.1633E-01  0.6870E-01  0.5484E+00
      2.143  0.1343E-01  0.5210E-01  0.4732E+00
      2.212  0.9625E-02  0.4850E-01  0.3728E+00
      2.282  0.8402E-02  0.3581E-01  0.3033E+00
      2.351  0.1832E-01  0.4392E-01  0.4948E+00
      2.420  0.1355E-01  0.3841E-01  0.3557E+00
      2.490  0.9489E-02  0.3143E-01  0.2598E+00
      2.559  0.1184E-01  0.2514E-01  0.3418E+00
      2.628  0.2027E-01  0.4024E-01  0.5047E+00
      2.698  0.2350E-01  0.4694E-01  0.5477E+00
      2.767  0.1562E-01  0.4375E-01  0.4949E+00
      2.836  0.1750E-01  0.3470E-01  0.3448E+00
      2.906  0.2142E-01  0.4088E-01  0.4530E+00
      2.975  0.1820E-01  0.3978E-01  0.4277E+00
      3.044  0.2798E-01  0.5705E-01  0.5205E+00
      3.114  0.3370E-01  0.5390E-01  0.5684E+00
      3.183  0.2667E-01  0.4793E-01  0.4061E+00
      3.252  0.1908E-01  0.4245E-01  0.3653E+00
      3.322  0.1387E-01  0.3752E-01  0.2996E+00
      3.391  0.2423E-01  0.3787E-01  0.3515E+00
      3.460  0.2058E-01  0.4473E-01  0.3454E+00
      3.530  0.1785E-01  0.3069E-01  0.2180E+00
      3.599  0.1993E-01  0.5401E-01  0.3228E+00
      3.668  0.3254E-01  0.7561E-01  0.3673E+00
      3.738  0.3392E-01  0.5987E-01  0.2414E+00
      3.807  0.2372E-01  0.4733E-01  0.2781E+00
      3.876  0.2252E-01  0.6145E-01  0.3102E+00
      3.946  0.2352E-01  0.6551E-01  0.3251E+00
      4.015  0.2272E-01  0.7961E-01  0.4735E+00
      4.084  0.1586E-01  0.5044E-01  0.3116E+00
      4.154  0.2531E-01  0.5528E-01  0.2348E+00
      4.223  0.1995E-01  0.5160E-01  0.2114E+00
      4.292  0.1588E-01  0.4035E-01  0.1398E+00
      4.362  0.3157E-01  0.6209E-01  0.2618E+00
      4.431  0.3080E-01  0.5853E-01  0.2026E+00
      4.500  0.3040E-01  0.5488E-01  0.2174E+00
      4.570  0.3752E-01  0.7316E-01  0.2735E+00
      4.639  0.2265E-01  0.3447E-01  0.1367E+00
      4.708  0.2135E-01  0.3158E-01  0.2588E+00
      4.778  0.2537E-01  0.4056E-01  0.2296E+00
      4.847  0.1872E-01  0.4032E-01  0.1326E+00
      4.916  0.1921E-01  0.3993E-01  0.1584E+00
      4.986  0.3355E-01  0.4202E-01  0.2922E+00
      5.055  0.2472E-01  0.4707E-01  0.2870E+00
      5.124  0.4253E-01  0.6875E-01  0.5378E+00
      5.194  0.1842E-01  0.3037E-01  0.2198E+00
      5.263  0.1492E-01  0.2546E-01  0.1746E+00
      5.332  0.1394E-01  0.3154E-01  0.2216E+00
      5.402  0.1430E-01  0.4082E-01  0.2783E+00
      5.471  0.9435E-02  0.3904E-01  0.2280E+00
      5.540  0.7073E-02  0.2441E-01  0.2070E+00
      5.610  0.1012E-01  0.3339E-01  0.2554E+00
      5.679  0.8432E-02  0.3920E-01  0.2215E+00
      5.748  0.5598E-02  0.2660E-01  0.1512E+00
      5.818  0.5104E-02  0.2682E-01  0.1075E+00
      5.887  0.4338E-02  0.1586E-01  0.6319E-01
      5.956  0.9397E-02  0.1549E-01  0.6917E-01
      6.026  0.5552E-02  0.5162E-02  0.2783E-01
      6.095  0.8076E-02  0.3361E-02  0.1641E-01
      6.165  0.7082E-02  0.2380E-02  0.8336E-02
      6.234  0.1010E-01  0.3578E-02  0.1141E-01
      6.303  0.1273E-01  0.4607E-02  0.1379E-01
      6.373  0.1406E-01  0.4791E-02  0.1404E-01
      6.442  0.1427E-01  0.5519E-02  0.1703E-01
      6.511  0.6701E-02  0.3630E-02  0.1122E-01
      6.581  0.7610E-02  0.2836E-02  0.5716E-02
      6.650  0.4344E-02  0.1439E-02  0.2655E-02
      6.719  0.0000E+00  0.0000E+00  0.0000E+00
      6.789  0.0000E+00  0.0000E+00  0.0000E+00
      6.858  0.0000E+00  0.0000E+00  0.0000E+00
      6.927  0.0000E+00  0.0000E+00  0.0000E+00
      6.997  0.0000E+00  0.0000E+00  0.0000E+00
      7.066  0.0000E+00  0.0000E+00  0.0000E+00
      7.135  0.0000E+00  0.0000E+00  0.0000E+00
      7.205  0.0000E+00  0.0000E+00  0.0000E+00
      7.274  0.0000E+00  0.0000E+00  0.0000E+00
      7.343  0.0000E+00  0.0000E+00  0.0000E+00
      7.413  0.0000E+00  0.0000E+00  0.0000E+00
      7.482  0.0000E+00  0.0000E+00  0.0000E+00
      7.551  0.0000E+00  0.0000E+00  0.0000E+00
      7.621  0.0000E+00  0.0000E+00  0.0000E+00
      7.690  0.0000E+00  0.0000E+00  0.0000E+00
