    -13.112  0.0000E+00  0.0000E+00  0.0000E+00
    -13.042  0.0000E+00  0.0000E+00  0.0000E+00
    -12.973  0.0000E+00  0.0000E+00  0.0000E+00
    -12.904  0.0000E+00  0.0000E+00  0.0000E+00
    -12.834  0.0000E+00  0.0000E+00  0.0000E+00
    -12.765  0.0000E+00  0.0000E+00  0.0000E+00
    -12.696  0.0000E+00  0.0000E+00  0.0000E+00
    -12.626  0.0000E+00  0.0000E+00  0.0000E+00
    -12.557  0.0000E+00  0.0000E+00  0.0000E+00
    -12.488  0.0000E+00  0.0000E+00  0.0000E+00
    -12.418  0.0000E+00  0.0000E+00  0.0000E+00
    -12.349  0.0000E+00  0.0000E+00  0.0000E+00
    -12.280  0.0000E+00  0.0000E+00  0.0000E+00
    -12.210  0.0000E+00  0.0000E+00  0.0000E+00
    -12.141  0.0000E+00  0.0000E+00  0.0000E+00
    -12.072  0.2057E-01  0.3584E-02  0.7124E-03
    -12.002  0.2588E-01  0.4906E-02  0.1063E-02
    -11.933  0.2327E-01  0.4969E-02  0.1163E-02
    -11.864  0.2267E-01  0.5355E-02  0.1306E-02
    -11.794  0.2518E-01  0.6277E-02  0.1553E-02
    -11.725  0.2687E-01  0.6676E-02  0.1788E-02
    -11.656  0.2805E-01  0.7348E-02  0.2051E-02
    -11.586  0.2945E-01  0.8035E-02  0.2316E-02
    -11.517  0.5262E-01  0.1280E-01  0.3802E-02
    -11.448  0.3442E-01  0.9285E-02  0.2758E-02
    -11.378  0.4458E-01  0.1231E-01  0.3929E-02
    -11.309  0.4407E-01  0.1832E-01  0.7343E-02
    -11.240  0.5083E-01  0.2194E-01  0.8903E-02
    -11.170  0.2733E-01  0.9775E-02  0.3536E-02
    -11.101  0.3215E-01  0.1311E-01  0.5252E-02
    -11.032  0.3945E-01  0.1839E-01  0.7384E-02
    -10.962  0.2822E-01  0.1685E-01  0.7703E-02
    -10.893  0.2980E-01  0.2243E-01  0.1125E-01
    -10.823  0.3205E-01  0.2953E-01  0.1539E-01
    -10.754  0.3424E-01  0.3895E-01  0.2093E-01
    -10.685  0.5386E-01  0.5433E-01  0.3201E-01
    -10.615  0.2699E-01  0.2798E-01  0.1660E-01
    -10.546  0.2035E-01  0.2134E-01  0.1260E-01
    -10.477  0.2837E-01  0.3059E-01  0.1846E-01
    -10.407  0.1659E-01  0.2861E-01  0.1855E-01
    -10.338  0.1795E-01  0.4565E-01  0.3095E-01
    -10.269  0.1033E-01  0.2740E-01  0.1831E-01
    -10.199  0.7317E-02  0.2147E-01  0.1506E-01
    -10.130  0.7770E-02  0.3458E-02  0.2031E-02
    -10.061  0.6167E-02  0.9984E-02  0.5760E-02
     -9.991  0.3746E-02  0.4964E-02  0.3169E-02
     -9.922  0.1865E-02  0.4339E-02  0.2876E-02
     -9.853  0.1204E-02  0.3708E-02  0.2480E-02
     -9.783  0.7666E-03  0.3310E-02  0.2235E-02
     -9.714  0.4585E-03  0.1320E-02  0.8361E-03
     -9.645  0.3483E-03  0.1146E-02  0.7335E-03
     -9.575  0.2622E-03  0.1060E-02  0.6905E-03
     -9.506  0.1698E-03  0.9934E-03  0.6623E-03
     -9.437  0.4696E-04  0.1361E-02  0.9539E-03
     -9.367  0.1789E-04  0.8232E-03  0.5860E-03
     -9.298  0.0000E+00  0.0000E+00  0.0000E+00
     -9.229  0.2113E-01  0.9730E-03  0.3865E-02
     -9.159  0.4377E-01  0.3475E-02  0.8768E-02
     -9.090  0.3405E-01  0.5584E-02  0.7573E-02
     -9.021  0.4242E-01  0.8039E-02  0.1031E-01
     -8.951  0.4744E-01  0.1441E-01  0.1408E-01
     -8.882  0.4947E-01  0.2429E-01  0.1862E-01
     -8.813  0.8749E-01  0.5795E-01  0.3519E-01
     -8.743  0.2811E-01  0.2724E-01  0.1569E-01
     -8.674  0.2507E-01  0.1936E-01  0.1383E-01
     -8.605  0.4465E-01  0.2127E-01  0.2103E-01
     -8.535  0.3119E-01  0.1861E-01  0.1817E-01
     -8.466  0.2106E-01  0.1602E-01  0.1506E-01
     -8.397  0.3102E-01  0.2727E-01  0.2418E-01
     -8.327  0.2648E-01  0.2496E-01  0.2233E-01
     -8.258  0.2801E-01  0.2579E-01  0.2288E-01
     -8.189  0.3323E-01  0.3169E-01  0.2679E-01
     -8.119  0.3707E-01  0.3665E-01  0.3140E-01
     -8.050  0.9040E-01  0.6491E-01  0.5503E-01
     -7.981  0.8970E-01  0.6020E-01  0.6676E-01
     -7.911  0.1058E+00  0.7767E-01  0.1010E+00
     -7.842  0.5493E-01  0.5774E-01  0.1103E+00
     -7.773  0.5884E-01  0.7883E-01  0.8056E-01
     -7.703  0.2271E-01  0.4170E-01  0.6879E-01
     -7.634  0.4180E-01  0.1769E+00  0.2224E+00
     -7.565  0.1798E-01  0.6625E-01  0.8990E-01
     -7.495  0.1692E-01  0.5716E-01  0.8523E-01
     -7.426  0.1237E-01  0.6088E-01  0.6940E-01
     -7.357  0.5624E-02  0.2898E-01  0.3712E-01
     -7.287  0.5005E-02  0.9030E-01  0.9603E-01
     -7.218  0.2393E-03  0.6319E-03  0.1567E-02
     -7.149  0.1645E-03  0.3960E-03  0.9692E-03
     -7.079  0.1111E-03  0.1851E-03  0.4705E-03
     -7.010  0.2134E-04  0.1157E-03  0.1735E-03
     -6.941  0.0000E+00  0.0000E+00  0.0000E+00
     -6.871  0.0000E+00  0.0000E+00  0.0000E+00
     -6.802  0.0000E+00  0.0000E+00  0.0000E+00
     -6.732  0.0000E+00  0.0000E+00  0.0000E+00
     -6.663  0.0000E+00  0.0000E+00  0.0000E+00
     -6.594  0.0000E+00  0.0000E+00  0.0000E+00
     -6.524  0.0000E+00  0.0000E+00  0.0000E+00
     -6.455  0.0000E+00  0.0000E+00  0.0000E+00
     -6.386  0.0000E+00  0.0000E+00  0.0000E+00
     -6.316  0.0000E+00  0.0000E+00  0.0000E+00
     -6.247  0.0000E+00  0.0000E+00  0.0000E+00
     -6.178  0.0000E+00  0.0000E+00  0.0000E+00
     -6.108  0.0000E+00  0.0000E+00  0.0000E+00
     -6.039  0.0000E+00  0.0000E+00  0.0000E+00
     -5.970  0.0000E+00  0.0000E+00  0.0000E+00
     -5.900  0.0000E+00  0.0000E+00  0.0000E+00
     -5.831  0.0000E+00  0.0000E+00  0.0000E+00
     -5.762  0.0000E+00  0.0000E+00  0.0000E+00
     -5.692  0.0000E+00  0.0000E+00  0.0000E+00
     -5.623  0.0000E+00  0.0000E+00  0.0000E+00
     -5.554  0.0000E+00  0.0000E+00  0.0000E+00
     -5.484  0.0000E+00  0.0000E+00  0.0000E+00
     -5.415  0.0000E+00  0.0000E+00  0.0000E+00
     -5.346  0.0000E+00  0.0000E+00  0.0000E+00
     -5.276  0.0000E+00  0.0000E+00  0.0000E+00
     -5.207  0.0000E+00  0.0000E+00  0.0000E+00
     -5.138  0.0000E+00  0.0000E+00  0.0000E+00
     -5.068  0.5752E-01  0.1158E-01  0.3142E-01
     -4.999  0.4231E-01  0.9973E-02  0.2195E-01
     -4.930  0.4263E-01  0.1104E-01  0.2159E-01
     -4.860  0.4646E-01  0.1233E-01  0.2418E-01
     -4.791  0.4737E-01  0.1367E-01  0.2600E-01
     -4.722  0.5432E-01  0.1922E-01  0.3391E-01
     -4.652  0.6210E-01  0.2498E-01  0.4325E-01
     -4.583  0.1256E+00  0.5150E-01  0.9914E-01
     -4.514  0.9796E-01  0.3320E-01  0.6455E-01
     -4.444  0.1181E+00  0.5214E-01  0.1126E+00
     -4.375  0.8815E-01  0.4503E-01  0.8156E-01
     -4.306  0.1176E+00  0.5019E-01  0.1364E+00
     -4.236  0.6820E-01  0.6003E-01  0.1602E+00
     -4.167  0.4592E-01  0.3250E-01  0.7974E-01
     -4.098  0.2977E+00  0.1981E+00  0.4529E+00
     -4.028  0.8387E-02  0.5020E-02  0.1144E-01
     -3.959  0.4749E-01  0.2675E-01  0.7645E-01
     -3.890  0.1478E+00  0.8128E-01  0.2373E+00
     -3.820  0.3707E-01  0.2293E-01  0.7343E-01
     -3.751  0.1189E+00  0.7850E-01  0.3021E+00
     -3.682  0.6159E-01  0.3429E-01  0.1060E+00
     -3.612  0.9062E-01  0.5820E-01  0.2224E+00
     -3.543  0.7669E-01  0.5042E-01  0.1819E+00
     -3.474  0.9843E-01  0.5246E-01  0.2406E+00
     -3.404  0.7821E-01  0.7722E-01  0.2224E+00
     -3.335  0.2296E-01  0.9962E-02  0.4885E-01
     -3.266  0.8716E-01  0.4025E-01  0.2733E+00
     -3.196  0.1125E+00  0.5394E-01  0.3664E+00
     -3.127  0.9348E-01  0.4940E-01  0.3596E+00
     -3.058  0.4834E-01  0.3338E-01  0.1705E+00
     -2.988  0.9873E-01  0.5487E-01  0.3388E+00
     -2.919  0.8031E-01  0.4326E-01  0.3063E+00
     -2.850  0.6695E-01  0.6217E-01  0.3926E+00
     -2.780  0.6978E-01  0.6030E-01  0.4653E+00
     -2.711  0.6794E-01  0.3536E-01  0.3639E+00
     -2.642  0.9364E-01  0.5094E-01  0.3485E+00
     -2.572  0.6286E-01  0.3955E-01  0.2909E+00
     -2.503  0.5410E-01  0.3977E-01  0.2523E+00
     -2.433  0.5362E-01  0.4036E-01  0.2142E+00
     -2.364  0.7566E-01  0.4717E-01  0.3895E+00
     -2.295  0.4916E-01  0.3899E-01  0.2075E+00
     -2.225  0.6397E-01  0.5486E-01  0.3960E+00
     -2.156  0.1397E-01  0.1521E-01  0.1150E+00
     -2.087  0.6321E-01  0.9051E-01  0.5269E+00
     -2.017  0.5417E-01  0.7931E-01  0.6559E+00
     -1.948  0.5517E-01  0.1158E+00  0.6891E+00
     -1.879  0.8824E-01  0.8803E-01  0.9423E+00
     -1.809  0.6138E-01  0.6715E-01  0.7838E+00
     -1.740  0.3423E-01  0.7335E-01  0.7185E+00
     -1.671  0.2648E-01  0.8276E-01  0.6638E+00
     -1.601  0.5576E-01  0.9298E-01  0.1214E+01
     -1.532  0.3258E-01  0.6650E-01  0.7280E+00
     -1.463  0.3061E-01  0.6774E-01  0.1037E+01
     -1.393  0.2276E-01  0.9925E-01  0.7567E+00
     -1.324  0.3782E-01  0.8698E-01  0.7511E+00
     -1.255  0.1605E-01  0.4293E-01  0.4611E+00
     -1.185  0.2375E-01  0.6477E-01  0.1046E+01
     -1.116  0.5840E-01  0.8770E-01  0.1066E+01
     -1.047  0.7068E-02  0.2023E-01  0.4172E+00
     -0.977  0.2211E-01  0.8207E-01  0.1936E+01
     -0.908  0.1849E-01  0.9700E-01  0.1780E+01
     -0.839  0.1380E-01  0.1181E+00  0.1851E+01
     -0.769  0.1206E-01  0.8785E-01  0.2059E+01
     -0.700  0.1902E-01  0.4823E-01  0.1027E+01
     -0.631  0.1966E-01  0.1153E+00  0.2381E+01
     -0.561  0.1400E-01  0.8711E-01  0.1425E+01
     -0.492  0.8105E-02  0.2709E-01  0.8428E+00
     -0.423  0.2101E-01  0.1505E+00  0.2376E+01
     -0.353  0.1254E-01  0.6808E-01  0.1450E+01
     -0.284  0.1487E-01  0.1238E+00  0.3049E+01
     -0.215  0.1499E-01  0.1201E+00  0.3035E+01
     -0.145  0.1155E-01  0.5576E-01  0.3047E+01
     -0.076  0.1395E-01  0.7703E-01  0.2909E+01
     -0.007  0.1533E-01  0.5555E-01  0.2570E+01
      0.063  0.1398E-01  0.6711E-01  0.2457E+01
      0.132  0.1661E-01  0.7943E-01  0.3624E+01
      0.201  0.3967E-01  0.8118E-01  0.4652E+01
      0.271  0.1697E-01  0.6116E-01  0.1850E+01
      0.340  0.6772E-01  0.1341E+00  0.4851E+01
      0.409  0.1392E-01  0.3398E-01  0.1895E+01
      0.479  0.2042E-01  0.9039E-01  0.4418E+01
      0.548  0.7548E-02  0.3652E-01  0.2439E+01
      0.617  0.1137E-01  0.3660E-01  0.2354E+01
      0.687  0.2725E-01  0.6780E-01  0.3797E+01
      0.756  0.2395E-01  0.7048E-01  0.4351E+01
      0.825  0.2129E-01  0.5573E-01  0.2966E+01
      0.895  0.2186E-01  0.1214E+00  0.2775E+01
      0.964  0.1621E-01  0.6895E-01  0.2092E+01
      1.033  0.2453E-01  0.1229E+00  0.3586E+01
      1.103  0.1440E-01  0.4948E-01  0.1134E+01
      1.172  0.2847E-01  0.1390E+00  0.2260E+01
      1.241  0.2361E-01  0.6341E-01  0.9463E+00
      1.311  0.1814E-01  0.5519E-01  0.1249E+01
      1.380  0.3703E-01  0.6230E-01  0.1184E+01
      1.449  0.3797E-01  0.1004E+00  0.1704E+01
      1.519  0.1611E-01  0.3244E-01  0.1000E+01
      1.588  0.4141E-01  0.3685E-01  0.1063E+01
      1.657  0.1396E+00  0.7904E-01  0.1465E+01
      1.727  0.5294E-01  0.8358E-01  0.1086E+01
      1.796  0.4246E-01  0.7771E-01  0.1173E+01
      1.866  0.2352E-01  0.3834E-01  0.5504E+00
      1.935  0.1048E-01  0.1385E-01  0.2597E+00
      2.004  0.1353E-01  0.2079E-01  0.3001E+00
      2.074  0.3673E-01  0.6108E-01  0.7609E+00
      2.143  0.3433E-01  0.5680E-01  0.6064E+00
      2.212  0.1961E-01  0.3490E-01  0.4674E+00
      2.282  0.7233E-02  0.2648E-01  0.3397E+00
      2.351  0.3402E-01  0.7132E-01  0.6537E+00
      2.420  0.2546E-01  0.4402E-01  0.4736E+00
      2.490  0.2447E-01  0.4062E-01  0.3169E+00
      2.559  0.2441E-01  0.3545E-01  0.2722E+00
      2.628  0.3118E-01  0.6120E-01  0.4551E+00
      2.698  0.4980E-01  0.9291E-01  0.4974E+00
      2.767  0.2069E-01  0.5455E-01  0.4116E+00
      2.836  0.2710E-01  0.4729E-01  0.3173E+00
      2.906  0.2666E-01  0.5365E-01  0.4279E+00
      2.975  0.2644E-01  0.5989E-01  0.3824E+00
      3.044  0.3624E-01  0.8166E-01  0.5304E+00
      3.114  0.2747E-01  0.8364E-01  0.4172E+00
      3.183  0.2703E-01  0.7100E-01  0.3718E+00
      3.252  0.2596E-01  0.5231E-01  0.3045E+00
      3.322  0.2918E-01  0.4194E-01  0.2764E+00
      3.391  0.1533E-01  0.4410E-01  0.3437E+00
      3.460  0.1811E-01  0.4212E-01  0.2620E+00
      3.530  0.1629E-01  0.3552E-01  0.1987E+00
      3.599  0.2481E-01  0.5349E-01  0.2962E+00
      3.668  0.3939E-01  0.9333E-01  0.4214E+00
      3.738  0.3556E-01  0.8784E-01  0.3339E+00
      3.807  0.1804E-01  0.5784E-01  0.2570E+00
      3.876  0.2255E-01  0.7303E-01  0.2288E+00
      3.946  0.1787E-01  0.7453E-01  0.2184E+00
      4.015  0.1677E-01  0.5874E-01  0.3000E+00
      4.084  0.1251E-01  0.4406E-01  0.2297E+00
      4.154  0.1933E-01  0.5357E-01  0.2120E+00
      4.223  0.2270E-01  0.4255E-01  0.1812E+00
      4.292  0.9951E-02  0.3664E-01  0.1317E+00
      4.362  0.3167E-01  0.5832E-01  0.1691E+00
      4.431  0.2445E-01  0.6763E-01  0.1919E+00
      4.500  0.2039E-01  0.5681E-01  0.1793E+00
      4.570  0.2071E-01  0.6870E-01  0.2744E+00
      4.639  0.1315E-01  0.4037E-01  0.1488E+00
      4.708  0.2610E-01  0.6651E-01  0.1661E+00
      4.778  0.3043E-01  0.7038E-01  0.3143E+00
      4.847  0.1761E-01  0.5131E-01  0.1824E+00
      4.916  0.2211E-01  0.5708E-01  0.1785E+00
      4.986  0.3663E-01  0.7815E-01  0.3259E+00
      5.055  0.3663E-01  0.9196E-01  0.2754E+00
      5.124  0.5105E-01  0.1342E+00  0.4418E+00
      5.194  0.1467E-01  0.4962E-01  0.1571E+00
      5.263  0.1152E-01  0.3590E-01  0.1269E+00
      5.332  0.2131E-01  0.5089E-01  0.1400E+00
      5.402  0.8806E-02  0.6388E-01  0.1905E+00
      5.471  0.6724E-02  0.5370E-01  0.1092E+00
      5.540  0.1014E-01  0.3833E-01  0.7695E-01
      5.610  0.1164E-01  0.4076E-01  0.1005E+00
      5.679  0.1272E-01  0.3402E-01  0.1129E+00
      5.748  0.8880E-02  0.3060E-01  0.9818E-01
      5.818  0.1056E-01  0.2172E-01  0.1022E+00
      5.887  0.8779E-02  0.1477E-01  0.7070E-01
      5.956  0.1230E-01  0.1939E-01  0.6796E-01
      6.026  0.7023E-02  0.9248E-02  0.2646E-01
      6.095  0.6239E-02  0.8812E-02  0.2484E-01
      6.165  0.5838E-02  0.6425E-02  0.1353E-01
      6.234  0.8625E-02  0.9293E-02  0.1960E-01
      6.303  0.1135E-01  0.1228E-01  0.2460E-01
      6.373  0.1328E-01  0.1359E-01  0.2441E-01
      6.442  0.1498E-01  0.2151E-01  0.3040E-01
      6.511  0.9385E-02  0.1476E-01  0.2175E-01
      6.581  0.7587E-02  0.7880E-02  0.1122E-01
      6.650  0.4045E-02  0.3969E-02  0.5217E-02
      6.719  0.0000E+00  0.0000E+00  0.0000E+00
      6.789  0.0000E+00  0.0000E+00  0.0000E+00
      6.858  0.0000E+00  0.0000E+00  0.0000E+00
      6.927  0.0000E+00  0.0000E+00  0.0000E+00
      6.997  0.0000E+00  0.0000E+00  0.0000E+00
      7.066  0.0000E+00  0.0000E+00  0.0000E+00
      7.135  0.0000E+00  0.0000E+00  0.0000E+00
      7.205  0.0000E+00  0.0000E+00  0.0000E+00
      7.274  0.0000E+00  0.0000E+00  0.0000E+00
      7.343  0.0000E+00  0.0000E+00  0.0000E+00
      7.413  0.0000E+00  0.0000E+00  0.0000E+00
      7.482  0.0000E+00  0.0000E+00  0.0000E+00
      7.551  0.0000E+00  0.0000E+00  0.0000E+00
      7.621  0.0000E+00  0.0000E+00  0.0000E+00
      7.690  0.0000E+00  0.0000E+00  0.0000E+00
