    -13.112  0.0000E+00  0.0000E+00  0.0000E+00
    -13.042  0.0000E+00  0.0000E+00  0.0000E+00
    -12.973  0.0000E+00  0.0000E+00  0.0000E+00
    -12.904  0.0000E+00  0.0000E+00  0.0000E+00
    -12.834  0.0000E+00  0.0000E+00  0.0000E+00
    -12.765  0.0000E+00  0.0000E+00  0.0000E+00
    -12.696  0.0000E+00  0.0000E+00  0.0000E+00
    -12.626  0.0000E+00  0.0000E+00  0.0000E+00
    -12.557  0.0000E+00  0.0000E+00  0.0000E+00
    -12.488  0.0000E+00  0.0000E+00  0.0000E+00
    -12.418  0.0000E+00  0.0000E+00  0.0000E+00
    -12.349  0.0000E+00  0.0000E+00  0.0000E+00
    -12.280  0.0000E+00  0.0000E+00  0.0000E+00
    -12.210  0.0000E+00  0.0000E+00  0.0000E+00
    -12.141  0.0000E+00  0.0000E+00  0.0000E+00
    -12.072  0.2057E-01  0.3576E-02  0.6825E-03
    -12.002  0.2590E-01  0.4895E-02  0.1017E-02
    -11.933  0.2300E-01  0.4907E-02  0.1176E-02
    -11.864  0.2192E-01  0.5199E-02  0.1402E-02
    -11.794  0.2425E-01  0.6134E-02  0.1778E-02
    -11.725  0.2726E-01  0.6804E-02  0.1843E-02
    -11.656  0.2837E-01  0.7427E-02  0.2068E-02
    -11.586  0.2963E-01  0.8032E-02  0.2267E-02
    -11.517  0.5240E-01  0.1269E-01  0.3763E-02
    -11.448  0.3402E-01  0.9148E-02  0.2780E-02
    -11.378  0.4532E-01  0.1221E-01  0.3806E-02
    -11.309  0.4566E-01  0.1845E-01  0.7241E-02
    -11.240  0.4904E-01  0.2225E-01  0.9350E-02
    -11.170  0.2309E-01  0.9783E-02  0.4039E-02
    -11.101  0.2625E-01  0.1278E-01  0.5599E-02
    -11.032  0.3192E-01  0.1829E-01  0.8479E-02
    -10.962  0.2800E-01  0.1695E-01  0.7861E-02
    -10.893  0.3623E-01  0.2241E-01  0.1036E-01
    -10.823  0.3896E-01  0.2943E-01  0.1413E-01
    -10.754  0.3859E-01  0.3940E-01  0.2135E-01
    -10.685  0.6343E-01  0.5442E-01  0.2878E-01
    -10.615  0.3097E-01  0.2813E-01  0.1584E-01
    -10.546  0.2401E-01  0.2152E-01  0.1278E-01
    -10.477  0.2483E-01  0.3072E-01  0.1930E-01
    -10.407  0.1460E-01  0.2851E-01  0.1799E-01
    -10.338  0.1913E-01  0.4484E-01  0.2921E-01
    -10.269  0.9177E-02  0.2863E-01  0.2034E-01
    -10.199  0.7265E-02  0.2139E-01  0.1494E-01
    -10.130  0.7909E-02  0.3468E-02  0.2037E-02
    -10.061  0.6603E-02  0.1002E-01  0.5554E-02
     -9.991  0.4147E-02  0.5096E-02  0.3208E-02
     -9.922  0.1593E-02  0.4351E-02  0.2822E-02
     -9.853  0.1128E-02  0.3693E-02  0.2429E-02
     -9.783  0.7262E-03  0.3284E-02  0.2219E-02
     -9.714  0.4581E-03  0.1317E-02  0.8273E-03
     -9.645  0.3400E-03  0.1144E-02  0.7341E-03
     -9.575  0.2585E-03  0.1073E-02  0.7028E-03
     -9.506  0.1730E-03  0.1006E-02  0.6712E-03
     -9.437  0.7144E-04  0.1389E-02  0.9552E-03
     -9.367  0.3723E-04  0.8479E-03  0.5885E-03
     -9.298  0.0000E+00  0.0000E+00  0.0000E+00
     -9.229  0.2107E-01  0.9502E-03  0.3773E-02
     -9.159  0.4368E-01  0.3501E-02  0.8525E-02
     -9.090  0.3410E-01  0.5400E-02  0.8406E-02
     -9.021  0.4194E-01  0.7888E-02  0.1031E-01
     -8.951  0.4841E-01  0.1393E-01  0.1335E-01
     -8.882  0.5198E-01  0.2351E-01  0.1763E-01
     -8.813  0.8929E-01  0.5843E-01  0.3522E-01
     -8.743  0.2684E-01  0.2786E-01  0.1708E-01
     -8.674  0.1685E-01  0.2091E-01  0.1339E-01
     -8.605  0.4488E-01  0.2092E-01  0.2016E-01
     -8.535  0.3280E-01  0.1814E-01  0.1749E-01
     -8.466  0.2096E-01  0.1546E-01  0.1456E-01
     -8.397  0.2897E-01  0.2549E-01  0.2380E-01
     -8.327  0.2495E-01  0.2642E-01  0.2302E-01
     -8.258  0.2532E-01  0.2699E-01  0.2376E-01
     -8.189  0.3095E-01  0.3133E-01  0.2744E-01
     -8.119  0.3292E-01  0.3701E-01  0.3127E-01
     -8.050  0.7993E-01  0.5846E-01  0.6045E-01
     -7.981  0.8628E-01  0.5996E-01  0.6794E-01
     -7.911  0.9842E-01  0.6896E-01  0.1068E+00
     -7.842  0.7756E-01  0.7788E-01  0.9596E-01
     -7.773  0.6000E-01  0.7468E-01  0.8237E-01
     -7.703  0.2332E-01  0.4055E-01  0.7111E-01
     -7.634  0.5703E-01  0.1458E+00  0.2400E+00
     -7.565  0.1571E-01  0.7335E-01  0.8548E-01
     -7.495  0.1709E-01  0.4957E-01  0.8786E-01
     -7.426  0.1248E-01  0.6403E-01  0.6774E-01
     -7.357  0.5660E-02  0.2995E-01  0.3701E-01
     -7.287  0.5128E-02  0.9168E-01  0.9617E-01
     -7.218  0.2778E-03  0.6462E-03  0.1552E-02
     -7.149  0.1725E-03  0.4020E-03  0.9674E-03
     -7.079  0.1066E-03  0.1906E-03  0.4689E-03
     -7.010  0.1704E-04  0.1110E-03  0.1752E-03
     -6.941  0.0000E+00  0.0000E+00  0.0000E+00
     -6.871  0.0000E+00  0.0000E+00  0.0000E+00
     -6.802  0.0000E+00  0.0000E+00  0.0000E+00
     -6.732  0.0000E+00  0.0000E+00  0.0000E+00
     -6.663  0.0000E+00  0.0000E+00  0.0000E+00
     -6.594  0.0000E+00  0.0000E+00  0.0000E+00
     -6.524  0.0000E+00  0.0000E+00  0.0000E+00
     -6.455  0.0000E+00  0.0000E+00  0.0000E+00
     -6.386  0.0000E+00  0.0000E+00  0.0000E+00
     -6.316  0.0000E+00  0.0000E+00  0.0000E+00
     -6.247  0.0000E+00  0.0000E+00  0.0000E+00
     -6.178  0.0000E+00  0.0000E+00  0.0000E+00
     -6.108  0.0000E+00  0.0000E+00  0.0000E+00
     -6.039  0.0000E+00  0.0000E+00  0.0000E+00
     -5.970  0.0000E+00  0.0000E+00  0.0000E+00
     -5.900  0.0000E+00  0.0000E+00  0.0000E+00
     -5.831  0.0000E+00  0.0000E+00  0.0000E+00
     -5.762  0.0000E+00  0.0000E+00  0.0000E+00
     -5.692  0.0000E+00  0.0000E+00  0.0000E+00
     -5.623  0.0000E+00  0.0000E+00  0.0000E+00
     -5.554  0.0000E+00  0.0000E+00  0.0000E+00
     -5.484  0.0000E+00  0.0000E+00  0.0000E+00
     -5.415  0.0000E+00  0.0000E+00  0.0000E+00
     -5.346  0.0000E+00  0.0000E+00  0.0000E+00
     -5.276  0.0000E+00  0.0000E+00  0.0000E+00
     -5.207  0.0000E+00  0.0000E+00  0.0000E+00
     -5.138  0.0000E+00  0.0000E+00  0.0000E+00
     -5.068  0.5891E-01  0.1138E-01  0.3134E-01
     -4.999  0.4158E-01  0.1024E-01  0.2257E-01
     -4.930  0.4098E-01  0.1133E-01  0.2224E-01
     -4.860  0.4696E-01  0.1203E-01  0.2312E-01
     -4.791  0.4990E-01  0.1305E-01  0.2522E-01
     -4.722  0.6307E-01  0.1795E-01  0.3362E-01
     -4.652  0.7656E-01  0.2288E-01  0.4307E-01
     -4.583  0.1041E+00  0.5490E-01  0.1002E+00
     -4.514  0.6839E-01  0.3427E-01  0.6190E-01
     -4.444  0.1090E+00  0.4987E-01  0.1089E+00
     -4.375  0.9884E-01  0.4522E-01  0.8099E-01
     -4.306  0.1003E+00  0.5635E-01  0.1445E+00
     -4.236  0.7648E-01  0.6283E-01  0.1561E+00
     -4.167  0.4348E-01  0.3203E-01  0.8074E-01
     -4.098  0.3122E+00  0.1735E+00  0.4434E+00
     -4.028  0.6001E-02  0.5305E-02  0.1344E-01
     -3.959  0.4773E-01  0.2586E-01  0.7696E-01
     -3.890  0.1360E+00  0.8505E-01  0.2390E+00
     -3.820  0.3462E-01  0.2174E-01  0.7611E-01
     -3.751  0.1148E+00  0.8234E-01  0.3102E+00
     -3.682  0.5684E-01  0.3428E-01  0.1091E+00
     -3.612  0.1236E+00  0.5489E-01  0.1997E+00
     -3.543  0.8514E-01  0.4560E-01  0.1828E+00
     -3.474  0.1048E+00  0.5608E-01  0.2498E+00
     -3.404  0.8625E-01  0.5295E-01  0.1664E+00
     -3.335  0.2268E-01  0.9953E-02  0.5075E-01
     -3.266  0.8664E-01  0.4202E-01  0.2669E+00
     -3.196  0.1219E+00  0.5337E-01  0.3705E+00
     -3.127  0.8575E-01  0.4999E-01  0.3682E+00
     -3.058  0.4621E-01  0.3389E-01  0.1755E+00
     -2.988  0.1067E+00  0.5256E-01  0.3445E+00
     -2.919  0.7213E-01  0.4159E-01  0.3224E+00
     -2.850  0.7348E-01  0.5395E-01  0.3723E+00
     -2.780  0.6816E-01  0.6360E-01  0.4578E+00
     -2.711  0.6658E-01  0.3859E-01  0.3866E+00
     -2.642  0.9513E-01  0.5162E-01  0.3383E+00
     -2.572  0.6011E-01  0.4035E-01  0.2902E+00
     -2.503  0.5593E-01  0.3734E-01  0.2494E+00
     -2.433  0.5290E-01  0.4155E-01  0.2140E+00
     -2.364  0.8721E-01  0.5111E-01  0.4005E+00
     -2.295  0.5738E-01  0.3551E-01  0.2005E+00
     -2.225  0.6313E-01  0.5484E-01  0.3852E+00
     -2.156  0.1704E-01  0.1270E-01  0.1125E+00
     -2.087  0.5939E-01  0.9640E-01  0.5385E+00
     -2.017  0.6755E-01  0.1042E+00  0.7219E+00
     -1.948  0.5472E-01  0.1065E+00  0.6773E+00
     -1.879  0.8519E-01  0.7808E-01  0.9439E+00
     -1.809  0.6037E-01  0.6766E-01  0.7799E+00
     -1.740  0.3804E-01  0.8118E-01  0.7267E+00
     -1.671  0.2583E-01  0.8678E-01  0.6708E+00
     -1.601  0.6123E-01  0.8801E-01  0.1247E+01
     -1.532  0.2197E-01  0.7774E-01  0.7751E+00
     -1.463  0.3466E-01  0.6871E-01  0.1043E+01
     -1.393  0.1919E-01  0.1027E+00  0.6986E+00
     -1.324  0.3027E-01  0.9038E-01  0.7278E+00
     -1.255  0.1572E-01  0.4159E-01  0.4703E+00
     -1.185  0.2046E-01  0.6655E-01  0.9987E+00
     -1.116  0.5123E-01  0.7733E-01  0.1089E+01
     -1.047  0.6815E-02  0.2051E-01  0.4282E+00
     -0.977  0.1997E-01  0.8912E-01  0.1727E+01
     -0.908  0.2160E-01  0.1040E+00  0.1532E+01
     -0.839  0.1252E-01  0.1064E+00  0.1971E+01
     -0.769  0.1120E-01  0.9193E-01  0.2022E+01
     -0.700  0.1883E-01  0.4904E-01  0.9910E+00
     -0.631  0.1744E-01  0.1124E+00  0.2445E+01
     -0.561  0.1550E-01  0.8790E-01  0.1496E+01
     -0.492  0.7867E-02  0.2536E-01  0.8657E+00
     -0.423  0.2323E-01  0.1577E+00  0.2673E+01
     -0.353  0.1325E-01  0.6595E-01  0.1477E+01
     -0.284  0.1690E-01  0.1083E+00  0.3119E+01
     -0.215  0.1419E-01  0.1196E+00  0.3148E+01
     -0.145  0.1250E-01  0.5870E-01  0.2780E+01
     -0.076  0.1352E-01  0.7863E-01  0.2853E+01
     -0.007  0.1491E-01  0.5354E-01  0.2711E+01
      0.063  0.1443E-01  0.6724E-01  0.2505E+01
      0.132  0.1881E-01  0.7771E-01  0.3627E+01
      0.201  0.3590E-01  0.8111E-01  0.4771E+01
      0.271  0.1559E-01  0.6424E-01  0.1952E+01
      0.340  0.6530E-01  0.1360E+00  0.5127E+01
      0.409  0.1585E-01  0.3051E-01  0.1759E+01
      0.479  0.2336E-01  0.8660E-01  0.4286E+01
      0.548  0.7721E-02  0.3264E-01  0.2412E+01
      0.617  0.1081E-01  0.3451E-01  0.2378E+01
      0.687  0.2594E-01  0.6437E-01  0.3815E+01
      0.756  0.2320E-01  0.7119E-01  0.4474E+01
      0.825  0.2317E-01  0.5276E-01  0.3056E+01
      0.895  0.2130E-01  0.1242E+00  0.2792E+01
      0.964  0.1353E-01  0.7029E-01  0.2086E+01
      1.033  0.2225E-01  0.1236E+00  0.3548E+01
      1.103  0.1834E-01  0.4765E-01  0.1154E+01
      1.172  0.3597E-01  0.1140E+00  0.2322E+01
      1.241  0.2686E-01  0.5863E-01  0.1242E+01
      1.311  0.1690E-01  0.5553E-01  0.1242E+01
      1.380  0.4418E-01  0.6058E-01  0.1205E+01
      1.449  0.4267E-01  0.1005E+00  0.1742E+01
      1.519  0.1595E-01  0.3322E-01  0.1018E+01
      1.588  0.4419E-01  0.3505E-01  0.1181E+01
      1.657  0.1428E+00  0.7774E-01  0.1521E+01
      1.727  0.5274E-01  0.7777E-01  0.1088E+01
      1.796  0.4199E-01  0.8835E-01  0.1084E+01
      1.866  0.2182E-01  0.3806E-01  0.5140E+00
      1.935  0.1071E-01  0.1393E-01  0.2776E+00
      2.004  0.1057E-01  0.2212E-01  0.3079E+00
      2.074  0.4817E-01  0.6220E-01  0.8120E+00
      2.143  0.2807E-01  0.5006E-01  0.5705E+00
      2.212  0.1865E-01  0.3688E-01  0.4281E+00
      2.282  0.8593E-02  0.2753E-01  0.3424E+00
      2.351  0.3499E-01  0.7516E-01  0.7229E+00
      2.420  0.2516E-01  0.4346E-01  0.4575E+00
      2.490  0.2421E-01  0.4048E-01  0.3054E+00
      2.559  0.2705E-01  0.3764E-01  0.2875E+00
      2.628  0.3337E-01  0.5672E-01  0.4842E+00
      2.698  0.4395E-01  0.8906E-01  0.4887E+00
      2.767  0.2277E-01  0.5513E-01  0.4102E+00
      2.836  0.2763E-01  0.4714E-01  0.3232E+00
      2.906  0.2736E-01  0.5058E-01  0.4062E+00
      2.975  0.2637E-01  0.5967E-01  0.4000E+00
      3.044  0.3331E-01  0.8307E-01  0.5622E+00
      3.114  0.3240E-01  0.9013E-01  0.4205E+00
      3.183  0.2850E-01  0.7319E-01  0.3758E+00
      3.252  0.2574E-01  0.5243E-01  0.2953E+00
      3.322  0.2667E-01  0.3741E-01  0.2729E+00
      3.391  0.1972E-01  0.3992E-01  0.3432E+00
      3.460  0.1892E-01  0.4257E-01  0.2718E+00
      3.530  0.1723E-01  0.3536E-01  0.1989E+00
      3.599  0.2075E-01  0.5553E-01  0.2969E+00
      3.668  0.3385E-01  0.8312E-01  0.4227E+00
      3.738  0.3415E-01  0.9020E-01  0.3313E+00
      3.807  0.1786E-01  0.5501E-01  0.2576E+00
      3.876  0.2312E-01  0.7717E-01  0.2281E+00
      3.946  0.1715E-01  0.7214E-01  0.2260E+00
      4.015  0.1893E-01  0.5764E-01  0.3130E+00
      4.084  0.1198E-01  0.4366E-01  0.2263E+00
      4.154  0.2099E-01  0.5288E-01  0.2170E+00
      4.223  0.2134E-01  0.4079E-01  0.1724E+00
      4.292  0.1075E-01  0.3588E-01  0.1319E+00
      4.362  0.2997E-01  0.5571E-01  0.1712E+00
      4.431  0.2380E-01  0.6402E-01  0.1837E+00
      4.500  0.2134E-01  0.6355E-01  0.1824E+00
      4.570  0.1923E-01  0.6707E-01  0.2689E+00
      4.639  0.1082E-01  0.3801E-01  0.1452E+00
      4.708  0.2469E-01  0.6218E-01  0.1828E+00
      4.778  0.3500E-01  0.8221E-01  0.3286E+00
      4.847  0.1810E-01  0.5255E-01  0.1670E+00
      4.916  0.1846E-01  0.5836E-01  0.1710E+00
      4.986  0.3236E-01  0.7564E-01  0.3048E+00
      5.055  0.3225E-01  0.9062E-01  0.2992E+00
      5.124  0.6215E-01  0.1202E+00  0.3934E+00
      5.194  0.1648E-01  0.5006E-01  0.1513E+00
      5.263  0.1217E-01  0.3758E-01  0.1294E+00
      5.332  0.1670E-01  0.5230E-01  0.1490E+00
      5.402  0.1211E-01  0.6092E-01  0.1812E+00
      5.471  0.8605E-02  0.4307E-01  0.1184E+00
      5.540  0.1035E-01  0.4213E-01  0.7866E-01
      5.610  0.8140E-02  0.4021E-01  0.1078E+00
      5.679  0.1294E-01  0.3658E-01  0.1180E+00
      5.748  0.1220E-01  0.3113E-01  0.8933E-01
      5.818  0.8447E-02  0.2150E-01  0.1040E+00
      5.887  0.1002E-01  0.1502E-01  0.6777E-01
      5.956  0.1569E-01  0.1912E-01  0.6869E-01
      6.026  0.7410E-02  0.1234E-01  0.2951E-01
      6.095  0.5233E-02  0.9447E-02  0.2489E-01
      6.165  0.5337E-02  0.5801E-02  0.1256E-01
      6.234  0.8070E-02  0.8413E-02  0.1791E-01
      6.303  0.1073E-01  0.1079E-01  0.2264E-01
      6.373  0.1236E-01  0.1109E-01  0.2266E-01
      6.442  0.1397E-01  0.1542E-01  0.2684E-01
      6.511  0.9189E-02  0.1103E-01  0.1873E-01
      6.581  0.6453E-02  0.6437E-02  0.9981E-02
      6.650  0.2804E-02  0.3077E-02  0.4555E-02
      6.719  0.0000E+00  0.0000E+00  0.0000E+00
      6.789  0.0000E+00  0.0000E+00  0.0000E+00
      6.858  0.0000E+00  0.0000E+00  0.0000E+00
      6.927  0.0000E+00  0.0000E+00  0.0000E+00
      6.997  0.0000E+00  0.0000E+00  0.0000E+00
      7.066  0.0000E+00  0.0000E+00  0.0000E+00
      7.135  0.0000E+00  0.0000E+00  0.0000E+00
      7.205  0.0000E+00  0.0000E+00  0.0000E+00
      7.274  0.0000E+00  0.0000E+00  0.0000E+00
      7.343  0.0000E+00  0.0000E+00  0.0000E+00
      7.413  0.0000E+00  0.0000E+00  0.0000E+00
      7.482  0.0000E+00  0.0000E+00  0.0000E+00
      7.551  0.0000E+00  0.0000E+00  0.0000E+00
      7.621  0.0000E+00  0.0000E+00  0.0000E+00
      7.690  0.0000E+00  0.0000E+00  0.0000E+00
