    -13.112  0.0000E+00  0.0000E+00  0.0000E+00
    -13.042  0.0000E+00  0.0000E+00  0.0000E+00
    -12.973  0.0000E+00  0.0000E+00  0.0000E+00
    -12.904  0.0000E+00  0.0000E+00  0.0000E+00
    -12.834  0.0000E+00  0.0000E+00  0.0000E+00
    -12.765  0.0000E+00  0.0000E+00  0.0000E+00
    -12.696  0.0000E+00  0.0000E+00  0.0000E+00
    -12.626  0.0000E+00  0.0000E+00  0.0000E+00
    -12.557  0.0000E+00  0.0000E+00  0.0000E+00
    -12.488  0.0000E+00  0.0000E+00  0.0000E+00
    -12.418  0.0000E+00  0.0000E+00  0.0000E+00
    -12.349  0.0000E+00  0.0000E+00  0.0000E+00
    -12.280  0.0000E+00  0.0000E+00  0.0000E+00
    -12.210  0.0000E+00  0.0000E+00  0.0000E+00
    -12.141  0.0000E+00  0.0000E+00  0.0000E+00
    -12.072  0.3124E-01  0.9931E-03  0.6237E-03
    -12.002  0.3898E-01  0.1760E-02  0.8795E-03
    -11.933  0.3451E-01  0.2305E-02  0.8879E-03
    -11.864  0.3312E-01  0.2907E-02  0.9268E-03
    -11.794  0.3635E-01  0.3667E-02  0.1100E-02
    -11.725  0.3829E-01  0.3737E-02  0.1400E-02
    -11.656  0.3909E-01  0.4233E-02  0.1581E-02
    -11.586  0.4033E-01  0.4687E-02  0.1757E-02
    -11.517  0.5063E-01  0.1114E-01  0.2749E-02
    -11.448  0.3803E-01  0.6805E-02  0.1976E-02
    -11.378  0.4307E-01  0.1009E-01  0.2843E-02
    -11.309  0.3756E-01  0.1957E-01  0.4727E-02
    -11.240  0.3963E-01  0.2410E-01  0.5889E-02
    -11.170  0.2210E-01  0.8719E-02  0.2779E-02
    -11.101  0.2354E-01  0.1167E-01  0.4220E-02
    -11.032  0.3106E-01  0.1679E-01  0.5528E-02
    -10.962  0.2008E-01  0.1706E-01  0.5535E-02
    -10.893  0.1922E-01  0.2303E-01  0.7848E-02
    -10.823  0.2077E-01  0.2734E-01  0.1097E-01
    -10.754  0.2243E-01  0.3397E-01  0.1535E-01
    -10.685  0.3333E-01  0.4972E-01  0.2394E-01
    -10.615  0.1626E-01  0.2568E-01  0.1258E-01
    -10.546  0.1060E-01  0.1954E-01  0.1010E-01
    -10.477  0.1320E-01  0.2984E-01  0.1422E-01
    -10.407  0.1192E-01  0.2927E-01  0.1420E-01
    -10.338  0.2069E-01  0.4361E-01  0.2437E-01
    -10.269  0.9365E-02  0.2814E-01  0.1300E-01
    -10.199  0.1148E-01  0.2901E-01  0.1135E-01
    -10.130  0.1213E-01  0.1126E-01  0.4836E-02
    -10.061  0.1442E-01  0.1338E-01  0.1159E-01
     -9.991  0.1295E-01  0.1015E-01  0.7313E-02
     -9.922  0.1164E-01  0.8487E-02  0.7445E-02
     -9.853  0.9167E-02  0.6297E-02  0.6874E-02
     -9.783  0.6123E-02  0.4009E-02  0.6189E-02
     -9.714  0.2531E-02  0.2056E-02  0.2429E-02
     -9.645  0.2189E-02  0.1834E-02  0.2240E-02
     -9.575  0.2387E-02  0.1870E-02  0.2368E-02
     -9.506  0.2014E-02  0.1654E-02  0.2322E-02
     -9.437  0.2310E-02  0.1997E-02  0.3463E-02
     -9.367  0.1332E-02  0.1170E-02  0.2167E-02
     -9.298  0.0000E+00  0.0000E+00  0.0000E+00
     -9.229  0.1265E-01  0.9303E-03  0.6822E-02
     -9.159  0.2798E-01  0.2780E-02  0.1498E-01
     -9.090  0.2229E-01  0.4774E-02  0.1220E-01
     -9.021  0.2924E-01  0.7022E-02  0.1719E-01
     -8.951  0.3873E-01  0.1271E-01  0.2314E-01
     -8.882  0.4633E-01  0.2286E-01  0.3036E-01
     -8.813  0.7519E-01  0.7256E-01  0.6328E-01
     -8.743  0.2867E-01  0.3986E-01  0.2582E-01
     -8.674  0.3739E-01  0.2192E-01  0.3238E-01
     -8.605  0.6919E-01  0.2926E-01  0.3975E-01
     -8.535  0.5333E-01  0.2787E-01  0.2873E-01
     -8.466  0.3689E-01  0.2502E-01  0.1931E-01
     -8.397  0.6643E-01  0.3338E-01  0.1804E-01
     -8.327  0.4823E-01  0.3877E-01  0.1525E-01
     -8.258  0.4870E-01  0.3888E-01  0.1588E-01
     -8.189  0.5236E-01  0.4411E-01  0.2040E-01
     -8.119  0.5211E-01  0.5267E-01  0.2723E-01
     -8.050  0.5509E-01  0.5608E-01  0.4408E-01
     -7.981  0.2900E-01  0.4626E-01  0.5147E-01
     -7.911  0.2520E-01  0.5839E-01  0.6580E-01
     -7.842  0.1461E-01  0.4862E-01  0.4550E-01
     -7.773  0.2783E-01  0.5169E-01  0.6201E-01
     -7.703  0.2504E-01  0.2841E-01  0.3859E-01
     -7.634  0.8282E-01  0.8696E-01  0.1391E+00
     -7.565  0.2951E-01  0.3574E-01  0.8524E-01
     -7.495  0.1766E-01  0.3700E-01  0.4768E-01
     -7.426  0.1338E-01  0.4727E-01  0.4390E-01
     -7.357  0.4770E-02  0.1205E-01  0.2509E-01
     -7.287  0.7886E-02  0.3452E-01  0.6853E-01
     -7.218  0.1183E-02  0.2592E-02  0.1505E-02
     -7.149  0.9321E-03  0.2025E-02  0.1470E-02
     -7.079  0.6388E-03  0.1326E-02  0.1486E-02
     -7.010  0.1151E-03  0.2880E-03  0.5134E-03
     -6.941  0.0000E+00  0.0000E+00  0.0000E+00
     -6.871  0.0000E+00  0.0000E+00  0.0000E+00
     -6.802  0.0000E+00  0.0000E+00  0.0000E+00
     -6.732  0.0000E+00  0.0000E+00  0.0000E+00
     -6.663  0.0000E+00  0.0000E+00  0.0000E+00
     -6.594  0.0000E+00  0.0000E+00  0.0000E+00
     -6.524  0.0000E+00  0.0000E+00  0.0000E+00
     -6.455  0.0000E+00  0.0000E+00  0.0000E+00
     -6.386  0.0000E+00  0.0000E+00  0.0000E+00
     -6.316  0.0000E+00  0.0000E+00  0.0000E+00
     -6.247  0.0000E+00  0.0000E+00  0.0000E+00
     -6.178  0.0000E+00  0.0000E+00  0.0000E+00
     -6.108  0.0000E+00  0.0000E+00  0.0000E+00
     -6.039  0.0000E+00  0.0000E+00  0.0000E+00
     -5.970  0.0000E+00  0.0000E+00  0.0000E+00
     -5.900  0.0000E+00  0.0000E+00  0.0000E+00
     -5.831  0.0000E+00  0.0000E+00  0.0000E+00
     -5.762  0.0000E+00  0.0000E+00  0.0000E+00
     -5.692  0.0000E+00  0.0000E+00  0.0000E+00
     -5.623  0.0000E+00  0.0000E+00  0.0000E+00
     -5.554  0.0000E+00  0.0000E+00  0.0000E+00
     -5.484  0.0000E+00  0.0000E+00  0.0000E+00
     -5.415  0.0000E+00  0.0000E+00  0.0000E+00
     -5.346  0.0000E+00  0.0000E+00  0.0000E+00
     -5.276  0.0000E+00  0.0000E+00  0.0000E+00
     -5.207  0.0000E+00  0.0000E+00  0.0000E+00
     -5.138  0.0000E+00  0.0000E+00  0.0000E+00
     -5.068  0.9648E-01  0.1275E-01  0.3722E-01
     -4.999  0.7189E-01  0.1179E-01  0.2676E-01
     -4.930  0.7037E-01  0.1327E-01  0.2667E-01
     -4.860  0.6354E-01  0.1578E-01  0.2936E-01
     -4.791  0.5955E-01  0.1726E-01  0.3084E-01
     -4.722  0.6318E-01  0.2340E-01  0.3881E-01
     -4.652  0.6839E-01  0.2978E-01  0.4927E-01
     -4.583  0.9639E-01  0.6494E-01  0.1359E+00
     -4.514  0.7906E-01  0.3988E-01  0.8217E-01
     -4.444  0.1190E+00  0.6620E-01  0.1007E+00
     -4.375  0.7281E-01  0.6051E-01  0.7167E-01
     -4.306  0.1527E+00  0.5196E-01  0.1378E+00
     -4.236  0.1461E+00  0.4738E-01  0.1851E+00
     -4.167  0.7572E-01  0.3071E-01  0.8855E-01
     -4.098  0.3638E+00  0.1601E+00  0.4789E+00
     -4.028  0.1060E-01  0.7591E-02  0.1214E-01
     -3.959  0.6178E-01  0.3810E-01  0.8855E-01
     -3.890  0.1966E+00  0.1051E+00  0.2746E+00
     -3.820  0.7105E-01  0.3174E-01  0.7751E-01
     -3.751  0.1870E+00  0.9041E-01  0.2708E+00
     -3.682  0.7325E-01  0.4403E-01  0.1099E+00
     -3.612  0.7331E-01  0.6111E-01  0.2241E+00
     -3.543  0.7483E-01  0.5869E-01  0.2163E+00
     -3.474  0.8218E-01  0.8682E-01  0.2181E+00
     -3.404  0.7795E-01  0.4978E-01  0.2366E+00
     -3.335  0.3290E-01  0.1443E-01  0.7020E-01
     -3.266  0.7710E-01  0.8316E-01  0.2825E+00
     -3.196  0.8719E-01  0.8102E-01  0.3644E+00
     -3.127  0.7647E-01  0.6481E-01  0.3391E+00
     -3.058  0.4586E-01  0.3516E-01  0.1780E+00
     -2.988  0.5609E-01  0.5684E-01  0.4087E+00
     -2.919  0.4272E-01  0.5569E-01  0.3130E+00
     -2.850  0.5682E-01  0.6486E-01  0.4918E+00
     -2.780  0.4270E-01  0.6353E-01  0.4989E+00
     -2.711  0.8335E-01  0.4589E-01  0.7229E+00
     -2.642  0.4698E-01  0.4860E-01  0.4505E+00
     -2.572  0.3771E-01  0.5192E-01  0.3651E+00
     -2.503  0.4532E-01  0.5509E-01  0.3857E+00
     -2.433  0.4564E-01  0.5417E-01  0.3665E+00
     -2.364  0.5417E-01  0.5608E-01  0.7018E+00
     -2.295  0.4113E-01  0.3827E-01  0.3647E+00
     -2.225  0.3558E-01  0.7928E-01  0.8439E+00
     -2.156  0.1118E-01  0.2389E-01  0.3402E+00
     -2.087  0.3825E-01  0.1649E+00  0.1167E+01
     -2.017  0.6565E-01  0.1042E+00  0.9427E+00
     -1.948  0.4154E-01  0.9474E-01  0.7454E+00
     -1.879  0.3514E-01  0.8347E-01  0.9452E+00
     -1.809  0.3124E-01  0.1220E+00  0.9107E+00
     -1.740  0.4349E-01  0.1051E+00  0.8587E+00
     -1.671  0.3830E-01  0.8954E-01  0.7216E+00
     -1.601  0.3253E-01  0.1417E+00  0.1119E+01
     -1.532  0.4006E-01  0.1077E+00  0.5672E+00
     -1.463  0.2258E-01  0.9052E-01  0.6945E+00
     -1.393  0.1630E-01  0.1177E+00  0.8658E+00
     -1.324  0.3229E-01  0.1454E+00  0.1648E+01
     -1.255  0.1178E-01  0.5878E-01  0.6883E+00
     -1.185  0.9548E-02  0.1131E+00  0.1163E+01
     -1.116  0.3192E-01  0.6929E-01  0.1531E+01
     -1.047  0.1038E-01  0.3422E-01  0.4980E+00
     -0.977  0.4568E-01  0.8870E-01  0.1630E+01
     -0.908  0.2763E-01  0.7293E-01  0.1711E+01
     -0.839  0.2131E-01  0.6900E-01  0.1414E+01
     -0.769  0.2693E-01  0.5874E-01  0.1688E+01
     -0.700  0.2809E-01  0.4201E-01  0.1130E+01
     -0.631  0.3530E-01  0.1101E+00  0.2904E+01
     -0.561  0.1940E-01  0.1008E+00  0.1944E+01
     -0.492  0.8163E-02  0.4383E-01  0.9001E+00
     -0.423  0.1929E-01  0.1591E+00  0.3314E+01
     -0.353  0.7988E-02  0.6913E-01  0.2144E+01
     -0.284  0.1025E-01  0.7350E-01  0.2721E+01
     -0.215  0.1676E-01  0.9691E-01  0.2071E+01
     -0.145  0.1508E-01  0.5676E-01  0.2370E+01
     -0.076  0.2253E-01  0.6486E-01  0.2826E+01
     -0.007  0.2053E-01  0.8098E-01  0.3417E+01
      0.063  0.1787E-01  0.6562E-01  0.2636E+01
      0.132  0.2474E-01  0.1280E+00  0.5383E+01
      0.201  0.1521E-01  0.6591E-01  0.5182E+01
      0.271  0.1342E-01  0.4994E-01  0.2443E+01
      0.340  0.2115E-01  0.6452E-01  0.4348E+01
      0.409  0.1024E-01  0.2014E-01  0.1511E+01
      0.479  0.1174E-01  0.7694E-01  0.5319E+01
      0.548  0.1642E-01  0.3561E-01  0.3814E+01
      0.617  0.7691E-02  0.2799E-01  0.1789E+01
      0.687  0.1983E-01  0.5472E-01  0.2289E+01
      0.756  0.2852E-01  0.3649E-01  0.2387E+01
      0.825  0.3247E-01  0.3743E-01  0.1946E+01
      0.895  0.2760E-01  0.5933E-01  0.2165E+01
      0.964  0.2960E-01  0.5300E-01  0.1969E+01
      1.033  0.4015E-01  0.1277E+00  0.2260E+01
      1.103  0.1646E-01  0.6516E-01  0.1000E+01
      1.172  0.2205E-01  0.1032E+00  0.1646E+01
      1.241  0.1537E-01  0.3770E-01  0.7732E+00
      1.311  0.1362E-01  0.3283E-01  0.9547E+00
      1.380  0.2044E-01  0.6287E-01  0.1369E+01
      1.449  0.1875E-01  0.6567E-01  0.1318E+01
      1.519  0.2313E-01  0.2666E-01  0.8610E+00
      1.588  0.2667E-01  0.2401E-01  0.9911E+00
      1.657  0.5662E-01  0.6705E-01  0.1898E+01
      1.727  0.2975E-01  0.6093E-01  0.1418E+01
      1.796  0.3173E-01  0.7514E-01  0.1552E+01
      1.866  0.2910E-01  0.5089E-01  0.5773E+00
      1.935  0.1660E-01  0.1578E-01  0.3351E+00
      2.004  0.9169E-02  0.2168E-01  0.2523E+00
      2.074  0.1827E-01  0.6903E-01  0.5363E+00
      2.143  0.1230E-01  0.5160E-01  0.4721E+00
      2.212  0.1003E-01  0.4818E-01  0.3854E+00
      2.282  0.7724E-02  0.3341E-01  0.3185E+00
      2.351  0.1843E-01  0.4215E-01  0.5017E+00
      2.420  0.1326E-01  0.3829E-01  0.3502E+00
      2.490  0.9969E-02  0.3168E-01  0.2620E+00
      2.559  0.1178E-01  0.2504E-01  0.3431E+00
      2.628  0.1968E-01  0.4115E-01  0.4939E+00
      2.698  0.2267E-01  0.4699E-01  0.5481E+00
      2.767  0.1616E-01  0.4357E-01  0.4918E+00
      2.836  0.1747E-01  0.3459E-01  0.3442E+00
      2.906  0.2149E-01  0.4119E-01  0.4630E+00
      2.975  0.1819E-01  0.4013E-01  0.4305E+00
      3.044  0.2795E-01  0.5733E-01  0.5213E+00
      3.114  0.3352E-01  0.5380E-01  0.5698E+00
      3.183  0.2727E-01  0.4789E-01  0.4140E+00
      3.252  0.2086E-01  0.4270E-01  0.3765E+00
      3.322  0.1388E-01  0.3963E-01  0.2938E+00
      3.391  0.2439E-01  0.3474E-01  0.3572E+00
      3.460  0.2055E-01  0.4734E-01  0.3409E+00
      3.530  0.1749E-01  0.3028E-01  0.2205E+00
      3.599  0.1959E-01  0.5372E-01  0.3255E+00
      3.668  0.3279E-01  0.7579E-01  0.3693E+00
      3.738  0.3256E-01  0.5950E-01  0.2439E+00
      3.807  0.2424E-01  0.4644E-01  0.2912E+00
      3.876  0.2176E-01  0.6289E-01  0.2897E+00
      3.946  0.2342E-01  0.6791E-01  0.3250E+00
      4.015  0.2230E-01  0.7980E-01  0.4468E+00
      4.084  0.1603E-01  0.4990E-01  0.3241E+00
      4.154  0.2364E-01  0.5590E-01  0.2351E+00
      4.223  0.1861E-01  0.5169E-01  0.2117E+00
      4.292  0.2157E-01  0.3907E-01  0.1396E+00
      4.362  0.3166E-01  0.6231E-01  0.2615E+00
      4.431  0.3054E-01  0.5826E-01  0.2023E+00
      4.500  0.3082E-01  0.5522E-01  0.2176E+00
      4.570  0.3754E-01  0.7308E-01  0.2732E+00
      4.639  0.2216E-01  0.3356E-01  0.1392E+00
      4.708  0.2202E-01  0.3071E-01  0.2505E+00
      4.778  0.2454E-01  0.4067E-01  0.2291E+00
      4.847  0.1864E-01  0.4044E-01  0.1349E+00
      4.916  0.1969E-01  0.4036E-01  0.1624E+00
      4.986  0.3340E-01  0.4022E-01  0.2866E+00
      5.055  0.2544E-01  0.4563E-01  0.2806E+00
      5.124  0.3871E-01  0.7012E-01  0.5679E+00
      5.194  0.1846E-01  0.3094E-01  0.2222E+00
      5.263  0.1467E-01  0.2543E-01  0.1748E+00
      5.332  0.1263E-01  0.3065E-01  0.2051E+00
      5.402  0.1830E-01  0.3653E-01  0.2689E+00
      5.471  0.6864E-02  0.3237E-01  0.2277E+00
      5.540  0.8410E-02  0.2996E-01  0.2310E+00
      5.610  0.7723E-02  0.3093E-01  0.2050E+00
      5.679  0.9288E-02  0.3157E-01  0.2218E+00
      5.748  0.5913E-02  0.2782E-01  0.1619E+00
      5.818  0.7905E-02  0.2224E-01  0.1028E+00
      5.887  0.4406E-02  0.1475E-01  0.4787E-01
      5.956  0.1118E-01  0.1622E-01  0.5750E-01
      6.026  0.5453E-02  0.6127E-02  0.2958E-01
      6.095  0.7520E-02  0.5161E-02  0.1964E-01
      6.165  0.6751E-02  0.3694E-02  0.9102E-02
      6.234  0.9716E-02  0.5066E-02  0.1199E-01
      6.303  0.1245E-01  0.6060E-02  0.1390E-01
      6.373  0.1366E-01  0.6272E-02  0.1378E-01
      6.442  0.1410E-01  0.7809E-02  0.1615E-01
      6.511  0.7532E-02  0.4769E-02  0.1054E-01
      6.581  0.3826E-02  0.3031E-02  0.5052E-02
      6.650  0.1866E-02  0.1403E-02  0.2409E-02
      6.719  0.0000E+00  0.0000E+00  0.0000E+00
      6.789  0.0000E+00  0.0000E+00  0.0000E+00
      6.858  0.0000E+00  0.0000E+00  0.0000E+00
      6.927  0.0000E+00  0.0000E+00  0.0000E+00
      6.997  0.0000E+00  0.0000E+00  0.0000E+00
      7.066  0.0000E+00  0.0000E+00  0.0000E+00
      7.135  0.0000E+00  0.0000E+00  0.0000E+00
      7.205  0.0000E+00  0.0000E+00  0.0000E+00
      7.274  0.0000E+00  0.0000E+00  0.0000E+00
      7.343  0.0000E+00  0.0000E+00  0.0000E+00
      7.413  0.0000E+00  0.0000E+00  0.0000E+00
      7.482  0.0000E+00  0.0000E+00  0.0000E+00
      7.551  0.0000E+00  0.0000E+00  0.0000E+00
      7.621  0.0000E+00  0.0000E+00  0.0000E+00
      7.690  0.0000E+00  0.0000E+00  0.0000E+00
