    -13.112  0.0000E+00  0.0000E+00  0.0000E+00
    -13.042  0.0000E+00  0.0000E+00  0.0000E+00
    -12.973  0.0000E+00  0.0000E+00  0.0000E+00
    -12.904  0.0000E+00  0.0000E+00  0.0000E+00
    -12.834  0.0000E+00  0.0000E+00  0.0000E+00
    -12.765  0.0000E+00  0.0000E+00  0.0000E+00
    -12.696  0.0000E+00  0.0000E+00  0.0000E+00
    -12.626  0.0000E+00  0.0000E+00  0.0000E+00
    -12.557  0.0000E+00  0.0000E+00  0.0000E+00
    -12.488  0.0000E+00  0.0000E+00  0.0000E+00
    -12.418  0.0000E+00  0.0000E+00  0.0000E+00
    -12.349  0.0000E+00  0.0000E+00  0.0000E+00
    -12.280  0.0000E+00  0.0000E+00  0.0000E+00
    -12.210  0.0000E+00  0.0000E+00  0.0000E+00
    -12.141  0.0000E+00  0.0000E+00  0.0000E+00
    -12.072  0.3315E-01  0.1184E-02  0.1345E-02
    -12.002  0.4130E-01  0.2182E-02  0.1780E-02
    -11.933  0.3814E-01  0.2904E-02  0.1728E-02
    -11.864  0.3968E-01  0.3639E-02  0.1813E-02
    -11.794  0.4275E-01  0.4742E-02  0.2043E-02
    -11.725  0.3257E-01  0.6065E-02  0.2202E-02
    -11.656  0.3138E-01  0.7575E-02  0.2500E-02
    -11.586  0.3108E-01  0.9090E-02  0.2843E-02
    -11.517  0.5592E-01  0.1274E-01  0.5246E-02
    -11.448  0.2920E-01  0.1209E-01  0.3546E-02
    -11.378  0.3983E-01  0.1488E-01  0.5122E-02
    -11.309  0.7627E-01  0.1578E-01  0.6757E-02
    -11.240  0.8430E-01  0.1824E-01  0.7666E-02
    -11.170  0.2617E-01  0.9220E-02  0.4112E-02
    -11.101  0.4394E-01  0.1342E-01  0.5724E-02
    -11.032  0.4487E-01  0.1948E-01  0.7770E-02
    -10.962  0.3184E-01  0.1791E-01  0.6691E-02
    -10.893  0.3807E-01  0.2597E-01  0.8424E-02
    -10.823  0.4197E-01  0.3414E-01  0.1211E-01
    -10.754  0.5092E-01  0.4650E-01  0.1620E-01
    -10.685  0.6755E-01  0.6108E-01  0.2636E-01
    -10.615  0.3063E-01  0.3240E-01  0.1385E-01
    -10.546  0.2050E-01  0.2497E-01  0.1075E-01
    -10.477  0.2125E-01  0.3709E-01  0.1458E-01
    -10.407  0.2606E-01  0.3329E-01  0.1157E-01
    -10.338  0.2597E-01  0.5910E-01  0.2091E-01
    -10.269  0.8525E-02  0.3285E-01  0.1150E-01
    -10.199  0.3307E-02  0.2951E-01  0.9718E-02
    -10.130  0.2345E-02  0.3733E-02  0.2224E-02
    -10.061  0.1061E-01  0.6296E-02  0.4936E-02
     -9.991  0.2704E-02  0.5015E-02  0.2802E-02
     -9.922  0.1947E-02  0.4046E-02  0.2232E-02
     -9.853  0.1385E-02  0.3285E-02  0.1836E-02
     -9.783  0.8080E-03  0.2841E-02  0.1469E-02
     -9.714  0.5952E-03  0.9521E-03  0.6656E-03
     -9.645  0.4717E-03  0.8288E-03  0.5732E-03
     -9.575  0.3712E-03  0.7751E-03  0.5395E-03
     -9.506  0.2759E-03  0.7225E-03  0.5104E-03
     -9.437  0.1704E-03  0.9558E-03  0.7037E-03
     -9.367  0.7194E-04  0.5634E-03  0.4277E-03
     -9.298  0.0000E+00  0.0000E+00  0.0000E+00
     -9.229  0.1945E-04  0.1102E-01  0.2088E-02
     -9.159  0.9754E-04  0.2391E-01  0.5845E-02
     -9.090  0.2494E-03  0.2474E-01  0.7004E-02
     -9.021  0.4566E-03  0.2436E-01  0.1006E-01
     -8.951  0.5829E-02  0.3060E-01  0.1758E-01
     -8.882  0.1334E-01  0.4106E-01  0.2929E-01
     -8.813  0.4824E-01  0.7927E-01  0.6969E-01
     -8.743  0.2384E-01  0.3496E-01  0.3283E-01
     -8.674  0.1896E-01  0.2688E-01  0.2756E-01
     -8.605  0.1965E-01  0.2182E-01  0.5122E-01
     -8.535  0.1542E-01  0.1731E-01  0.4163E-01
     -8.466  0.1047E-01  0.1390E-01  0.3530E-01
     -8.397  0.3583E-01  0.2033E-01  0.3798E-01
     -8.327  0.3123E-01  0.1997E-01  0.3220E-01
     -8.258  0.3419E-01  0.2013E-01  0.3136E-01
     -8.189  0.3920E-01  0.2472E-01  0.3574E-01
     -8.119  0.3883E-01  0.2717E-01  0.4780E-01
     -8.050  0.8497E-01  0.4363E-01  0.5672E-01
     -7.981  0.7150E-01  0.4769E-01  0.5375E-01
     -7.911  0.8737E-01  0.6168E-01  0.6769E-01
     -7.842  0.4494E-01  0.4513E-01  0.7013E-01
     -7.773  0.5441E-01  0.4860E-01  0.7760E-01
     -7.703  0.2934E-01  0.3204E-01  0.4784E-01
     -7.634  0.9871E-01  0.6963E-01  0.2117E+00
     -7.565  0.2740E-01  0.2518E-01  0.1126E+00
     -7.495  0.2562E-01  0.4775E-01  0.5470E-01
     -7.426  0.1592E-01  0.4352E-01  0.5388E-01
     -7.357  0.7156E-02  0.3064E-01  0.1011E-01
     -7.287  0.5047E-02  0.9433E-01  0.2202E-01
     -7.218  0.1633E-03  0.5662E-03  0.1436E-02
     -7.149  0.1052E-03  0.4450E-03  0.8167E-03
     -7.079  0.5874E-04  0.2921E-03  0.4051E-03
     -7.010  0.1939E-04  0.1564E-03  0.1269E-03
     -6.941  0.0000E+00  0.0000E+00  0.0000E+00
     -6.871  0.0000E+00  0.0000E+00  0.0000E+00
     -6.802  0.0000E+00  0.0000E+00  0.0000E+00
     -6.732  0.0000E+00  0.0000E+00  0.0000E+00
     -6.663  0.0000E+00  0.0000E+00  0.0000E+00
     -6.594  0.0000E+00  0.0000E+00  0.0000E+00
     -6.524  0.0000E+00  0.0000E+00  0.0000E+00
     -6.455  0.0000E+00  0.0000E+00  0.0000E+00
     -6.386  0.0000E+00  0.0000E+00  0.0000E+00
     -6.316  0.0000E+00  0.0000E+00  0.0000E+00
     -6.247  0.0000E+00  0.0000E+00  0.0000E+00
     -6.178  0.0000E+00  0.0000E+00  0.0000E+00
     -6.108  0.0000E+00  0.0000E+00  0.0000E+00
     -6.039  0.0000E+00  0.0000E+00  0.0000E+00
     -5.970  0.0000E+00  0.0000E+00  0.0000E+00
     -5.900  0.0000E+00  0.0000E+00  0.0000E+00
     -5.831  0.0000E+00  0.0000E+00  0.0000E+00
     -5.762  0.0000E+00  0.0000E+00  0.0000E+00
     -5.692  0.0000E+00  0.0000E+00  0.0000E+00
     -5.623  0.0000E+00  0.0000E+00  0.0000E+00
     -5.554  0.0000E+00  0.0000E+00  0.0000E+00
     -5.484  0.0000E+00  0.0000E+00  0.0000E+00
     -5.415  0.0000E+00  0.0000E+00  0.0000E+00
     -5.346  0.0000E+00  0.0000E+00  0.0000E+00
     -5.276  0.0000E+00  0.0000E+00  0.0000E+00
     -5.207  0.0000E+00  0.0000E+00  0.0000E+00
     -5.138  0.0000E+00  0.0000E+00  0.0000E+00
     -5.068  0.1401E+00  0.1679E-01  0.8006E-01
     -4.999  0.9484E-01  0.1416E-01  0.5377E-01
     -4.930  0.8671E-01  0.1505E-01  0.4925E-01
     -4.860  0.8683E-01  0.1625E-01  0.5097E-01
     -4.791  0.8813E-01  0.1659E-01  0.5386E-01
     -4.722  0.1008E+00  0.2069E-01  0.6564E-01
     -4.652  0.1140E+00  0.2518E-01  0.7782E-01
     -4.583  0.1491E+00  0.4289E-01  0.1440E+00
     -4.514  0.1154E+00  0.3337E-01  0.1047E+00
     -4.444  0.1630E+00  0.5589E-01  0.1627E+00
     -4.375  0.8238E-01  0.4528E-01  0.9148E-01
     -4.306  0.1083E+00  0.5048E-01  0.1485E+00
     -4.236  0.1247E+00  0.5549E-01  0.1423E+00
     -4.167  0.5383E-01  0.2969E-01  0.8207E-01
     -4.098  0.2108E+00  0.1417E+00  0.5438E+00
     -4.028  0.1655E-01  0.5638E-02  0.1571E-01
     -3.959  0.5981E-01  0.3422E-01  0.1088E+00
     -3.890  0.1839E+00  0.1015E+00  0.3005E+00
     -3.820  0.4478E-01  0.2150E-01  0.8903E-01
     -3.751  0.1659E+00  0.6976E-01  0.3103E+00
     -3.682  0.5550E-01  0.4189E-01  0.1237E+00
     -3.612  0.9896E-01  0.6034E-01  0.2176E+00
     -3.543  0.7392E-01  0.5226E-01  0.1813E+00
     -3.474  0.9847E-01  0.7093E-01  0.3034E+00
     -3.404  0.1086E+00  0.7468E-01  0.2308E+00
     -3.335  0.9610E-02  0.7912E-02  0.4661E-01
     -3.266  0.6955E-01  0.5874E-01  0.2492E+00
     -3.196  0.1016E+00  0.7363E-01  0.3389E+00
     -3.127  0.8858E-01  0.6297E-01  0.3455E+00
     -3.058  0.4765E-01  0.4206E-01  0.1376E+00
     -2.988  0.6427E-01  0.6922E-01  0.2777E+00
     -2.919  0.5604E-01  0.6500E-01  0.2306E+00
     -2.850  0.8384E-01  0.1228E+00  0.3241E+00
     -2.780  0.7653E-01  0.1685E+00  0.3770E+00
     -2.711  0.2322E-01  0.8735E-01  0.4418E+00
     -2.642  0.3425E-01  0.1001E+00  0.4320E+00
     -2.572  0.2114E-01  0.7974E-01  0.4043E+00
     -2.503  0.2061E-01  0.5696E-01  0.4793E+00
     -2.433  0.3351E-01  0.6868E-01  0.5921E+00
     -2.364  0.5499E-01  0.1092E+00  0.8129E+00
     -2.295  0.3627E-01  0.5683E-01  0.5178E+00
     -2.225  0.5820E-01  0.1062E+00  0.6689E+00
     -2.156  0.1783E-01  0.2610E-01  0.2049E+00
     -2.087  0.7465E-01  0.8584E-01  0.1098E+01
     -2.017  0.4787E-01  0.1122E+00  0.1277E+01
     -1.948  0.4852E-01  0.9213E-01  0.1338E+01
     -1.879  0.3987E-01  0.1083E+00  0.1407E+01
     -1.809  0.2316E-01  0.8524E-01  0.1004E+01
     -1.740  0.2779E-01  0.1086E+00  0.8421E+00
     -1.671  0.2413E-01  0.6481E-01  0.1110E+01
     -1.601  0.4962E-01  0.1895E+00  0.1505E+01
     -1.532  0.1638E-01  0.1166E+00  0.1418E+01
     -1.463  0.2573E-01  0.2270E+00  0.1588E+01
     -1.393  0.4020E-01  0.1369E+00  0.1040E+01
     -1.324  0.1965E-01  0.1846E+00  0.1101E+01
     -1.255  0.1010E-01  0.7032E-01  0.6856E+00
     -1.185  0.1046E-01  0.1061E+00  0.1605E+01
     -1.116  0.1763E-01  0.1216E+00  0.2858E+01
     -1.047  0.5288E-02  0.3656E-01  0.7236E+00
     -0.977  0.1456E-01  0.1173E+00  0.3162E+01
     -0.908  0.1373E-01  0.1131E+00  0.2159E+01
     -0.839  0.1642E-01  0.1776E+00  0.2047E+01
     -0.769  0.1456E-01  0.1408E+00  0.1899E+01
     -0.700  0.4714E-02  0.4307E-01  0.9097E+00
     -0.631  0.1398E-01  0.1024E+00  0.2462E+01
     -0.561  0.1218E-01  0.8887E-01  0.2280E+01
     -0.492  0.2570E-02  0.2850E-01  0.9864E+00
     -0.423  0.2121E-01  0.1105E+00  0.3367E+01
     -0.353  0.8425E-02  0.5118E-01  0.2111E+01
     -0.284  0.1051E-01  0.6367E-01  0.3402E+01
     -0.215  0.1200E-01  0.7676E-01  0.3365E+01
     -0.145  0.1681E-01  0.3977E-01  0.2870E+01
     -0.076  0.8393E-02  0.5524E-01  0.3118E+01
     -0.007  0.6800E-02  0.3882E-01  0.2791E+01
      0.063  0.7510E-02  0.4318E-01  0.2606E+01
      0.132  0.1163E-01  0.9803E-01  0.2534E+01
      0.201  0.2314E-01  0.7885E-01  0.3761E+01
      0.271  0.1015E-01  0.3956E-01  0.1830E+01
      0.340  0.2176E-01  0.1005E+00  0.4788E+01
      0.409  0.5952E-02  0.2944E-01  0.1775E+01
      0.479  0.3296E-01  0.5218E-01  0.4157E+01
      0.548  0.1008E-01  0.3150E-01  0.4005E+01
      0.617  0.9028E-02  0.1566E-01  0.1878E+01
      0.687  0.1604E-01  0.3254E-01  0.2207E+01
      0.756  0.2188E-01  0.3944E-01  0.2149E+01
      0.825  0.1924E-01  0.3024E-01  0.1157E+01
      0.895  0.2511E-01  0.4796E-01  0.1546E+01
      0.964  0.1339E-01  0.3770E-01  0.9728E+00
      1.033  0.1638E-01  0.8699E-01  0.1786E+01
      1.103  0.5469E-02  0.3672E-01  0.4366E+00
      1.172  0.1166E-01  0.9880E-01  0.1228E+01
      1.241  0.1205E-01  0.3121E-01  0.4515E+00
      1.311  0.1090E-01  0.4443E-01  0.6685E+00
      1.380  0.2909E-01  0.5835E-01  0.9932E+00
      1.449  0.3490E-01  0.5163E-01  0.7485E+00
      1.519  0.1722E-01  0.4214E-01  0.7989E+00
      1.588  0.1202E-01  0.5292E-01  0.3975E+00
      1.657  0.2833E-01  0.8975E-01  0.1941E+01
      1.727  0.2477E-01  0.6916E-01  0.1088E+01
      1.796  0.2222E-01  0.8140E-01  0.9633E+00
      1.866  0.7052E-02  0.4755E-01  0.4952E+00
      1.935  0.5454E-02  0.1827E-01  0.3490E+00
      2.004  0.4572E-02  0.2501E-01  0.2559E+00
      2.074  0.1390E-01  0.5472E-01  0.6001E+00
      2.143  0.1334E-01  0.3580E-01  0.3836E+00
      2.212  0.1268E-01  0.2995E-01  0.3838E+00
      2.282  0.8905E-02  0.3360E-01  0.3378E+00
      2.351  0.1702E-01  0.5429E-01  0.6085E+00
      2.420  0.1381E-01  0.3989E-01  0.4739E+00
      2.490  0.6928E-02  0.2798E-01  0.3424E+00
      2.559  0.7524E-02  0.2609E-01  0.3053E+00
      2.628  0.1845E-01  0.4126E-01  0.4955E+00
      2.698  0.1402E-01  0.4748E-01  0.6955E+00
      2.767  0.1244E-01  0.4423E-01  0.5325E+00
      2.836  0.9014E-02  0.3516E-01  0.3922E+00
      2.906  0.1559E-01  0.3702E-01  0.4176E+00
      2.975  0.1353E-01  0.3870E-01  0.4791E+00
      3.044  0.2054E-01  0.5771E-01  0.6940E+00
      3.114  0.1566E-01  0.5871E-01  0.5500E+00
      3.183  0.1246E-01  0.5099E-01  0.5784E+00
      3.252  0.8922E-02  0.4427E-01  0.4370E+00
      3.322  0.7638E-02  0.4540E-01  0.4702E+00
      3.391  0.9290E-02  0.3926E-01  0.4511E+00
      3.460  0.1100E-01  0.3324E-01  0.4548E+00
      3.530  0.9250E-02  0.2825E-01  0.3554E+00
      3.599  0.1456E-01  0.3787E-01  0.4528E+00
      3.668  0.1488E-01  0.4719E-01  0.5790E+00
      3.738  0.1073E-01  0.2479E-01  0.4093E+00
      3.807  0.1301E-01  0.2685E-01  0.3722E+00
      3.876  0.1222E-01  0.2897E-01  0.3151E+00
      3.946  0.1306E-01  0.3885E-01  0.3225E+00
      4.015  0.2478E-01  0.4291E-01  0.5494E+00
      4.084  0.1862E-01  0.2560E-01  0.2786E+00
      4.154  0.1229E-01  0.2527E-01  0.3621E+00
      4.223  0.1019E-01  0.2061E-01  0.2754E+00
      4.292  0.8189E-02  0.1803E-01  0.2118E+00
      4.362  0.1452E-01  0.2625E-01  0.3671E+00
      4.431  0.2128E-01  0.2999E-01  0.3215E+00
      4.500  0.2443E-01  0.2362E-01  0.2978E+00
      4.570  0.3921E-01  0.2654E-01  0.3218E+00
      4.639  0.9056E-02  0.1174E-01  0.1301E+00
      4.708  0.2335E-01  0.1551E-01  0.1885E+00
      4.778  0.2023E-01  0.1857E-01  0.2532E+00
      4.847  0.9799E-02  0.1039E-01  0.1577E+00
      4.916  0.1123E-01  0.1237E-01  0.1571E+00
      4.986  0.1637E-01  0.1958E-01  0.1850E+00
      5.055  0.1265E-01  0.2248E-01  0.1827E+00
      5.124  0.3591E-01  0.4719E-01  0.2704E+00
      5.194  0.1265E-01  0.2323E-01  0.1192E+00
      5.263  0.9071E-02  0.1623E-01  0.9123E-01
      5.332  0.1118E-01  0.1999E-01  0.1159E+00
      5.402  0.1346E-01  0.1779E-01  0.1015E+00
      5.471  0.9490E-02  0.1733E-01  0.8791E-01
      5.540  0.1694E-01  0.2016E-01  0.6953E-01
      5.610  0.2394E-01  0.2756E-01  0.7849E-01
      5.679  0.2521E-01  0.2006E-01  0.9128E-01
      5.748  0.1545E-01  0.1282E-01  0.1013E+00
      5.818  0.1558E-01  0.1395E-01  0.8038E-01
      5.887  0.2521E-01  0.1071E-01  0.5475E-01
      5.956  0.3950E-01  0.1390E-01  0.5386E-01
      6.026  0.2255E-01  0.6506E-02  0.2788E-01
      6.095  0.1252E-01  0.5748E-02  0.1906E-01
      6.165  0.9380E-02  0.3351E-02  0.9860E-02
      6.234  0.1439E-01  0.4896E-02  0.1410E-01
      6.303  0.1954E-01  0.6327E-02  0.1769E-01
      6.373  0.2141E-01  0.6637E-02  0.1810E-01
      6.442  0.3362E-01  0.8313E-02  0.2140E-01
      6.511  0.2305E-01  0.6329E-02  0.1406E-01
      6.581  0.1111E-01  0.3178E-02  0.9951E-02
      6.650  0.5343E-02  0.1385E-02  0.4875E-02
      6.719  0.0000E+00  0.0000E+00  0.0000E+00
      6.789  0.0000E+00  0.0000E+00  0.0000E+00
      6.858  0.0000E+00  0.0000E+00  0.0000E+00
      6.927  0.0000E+00  0.0000E+00  0.0000E+00
      6.997  0.0000E+00  0.0000E+00  0.0000E+00
      7.066  0.0000E+00  0.0000E+00  0.0000E+00
      7.135  0.0000E+00  0.0000E+00  0.0000E+00
      7.205  0.0000E+00  0.0000E+00  0.0000E+00
      7.274  0.0000E+00  0.0000E+00  0.0000E+00
      7.343  0.0000E+00  0.0000E+00  0.0000E+00
      7.413  0.0000E+00  0.0000E+00  0.0000E+00
      7.482  0.0000E+00  0.0000E+00  0.0000E+00
      7.551  0.0000E+00  0.0000E+00  0.0000E+00
      7.621  0.0000E+00  0.0000E+00  0.0000E+00
      7.690  0.0000E+00  0.0000E+00  0.0000E+00
