    -13.112  0.0000E+00  0.0000E+00  0.0000E+00
    -13.042  0.0000E+00  0.0000E+00  0.0000E+00
    -12.973  0.0000E+00  0.0000E+00  0.0000E+00
    -12.904  0.0000E+00  0.0000E+00  0.0000E+00
    -12.834  0.0000E+00  0.0000E+00  0.0000E+00
    -12.765  0.0000E+00  0.0000E+00  0.0000E+00
    -12.696  0.0000E+00  0.0000E+00  0.0000E+00
    -12.626  0.0000E+00  0.0000E+00  0.0000E+00
    -12.557  0.0000E+00  0.0000E+00  0.0000E+00
    -12.488  0.0000E+00  0.0000E+00  0.0000E+00
    -12.418  0.0000E+00  0.0000E+00  0.0000E+00
    -12.349  0.0000E+00  0.0000E+00  0.0000E+00
    -12.280  0.0000E+00  0.0000E+00  0.0000E+00
    -12.210  0.0000E+00  0.0000E+00  0.0000E+00
    -12.141  0.0000E+00  0.0000E+00  0.0000E+00
    -12.072  0.3120E-01  0.9943E-03  0.6037E-03
    -12.002  0.3893E-01  0.1762E-02  0.8496E-03
    -11.933  0.3626E-01  0.2223E-02  0.9295E-03
    -11.864  0.3813E-01  0.2689E-02  0.1080E-02
    -11.794  0.4113E-01  0.3397E-02  0.1336E-02
    -11.725  0.3336E-01  0.3823E-02  0.1352E-02
    -11.656  0.3525E-01  0.4289E-02  0.1524E-02
    -11.586  0.3841E-01  0.4707E-02  0.1683E-02
    -11.517  0.5135E-01  0.1108E-01  0.2721E-02
    -11.448  0.3961E-01  0.6689E-02  0.1999E-02
    -11.378  0.4446E-01  0.1037E-01  0.2762E-02
    -11.309  0.3816E-01  0.2031E-01  0.4692E-02
    -11.240  0.3325E-01  0.2441E-01  0.6159E-02
    -11.170  0.1558E-01  0.8778E-02  0.3109E-02
    -11.101  0.1756E-01  0.1499E-01  0.4926E-02
    -11.032  0.2312E-01  0.1793E-01  0.6353E-02
    -10.962  0.2016E-01  0.1538E-01  0.5361E-02
    -10.893  0.2717E-01  0.2111E-01  0.7166E-02
    -10.823  0.2893E-01  0.2590E-01  0.1016E-01
    -10.754  0.2706E-01  0.3413E-01  0.1534E-01
    -10.685  0.3984E-01  0.5007E-01  0.2150E-01
    -10.615  0.1804E-01  0.2723E-01  0.1179E-01
    -10.546  0.1139E-01  0.2250E-01  0.9714E-02
    -10.477  0.1241E-01  0.2904E-01  0.1478E-01
    -10.407  0.1351E-01  0.2611E-01  0.1471E-01
    -10.338  0.2093E-01  0.4589E-01  0.2475E-01
    -10.269  0.8164E-02  0.2422E-01  0.1147E-01
    -10.199  0.1055E-01  0.2792E-01  0.1110E-01
    -10.130  0.1158E-01  0.1078E-01  0.4841E-02
    -10.061  0.1405E-01  0.1335E-01  0.1119E-01
     -9.991  0.1287E-01  0.1097E-01  0.7310E-02
     -9.922  0.1073E-01  0.7662E-02  0.7785E-02
     -9.853  0.8312E-02  0.5696E-02  0.6839E-02
     -9.783  0.5235E-02  0.3541E-02  0.5819E-02
     -9.714  0.2515E-02  0.2058E-02  0.2399E-02
     -9.645  0.2157E-02  0.1794E-02  0.2227E-02
     -9.575  0.2273E-02  0.1810E-02  0.2392E-02
     -9.506  0.1924E-02  0.1623E-02  0.2355E-02
     -9.437  0.2139E-02  0.1976E-02  0.3508E-02
     -9.367  0.1182E-02  0.1144E-02  0.2211E-02
     -9.298  0.0000E+00  0.0000E+00  0.0000E+00
     -9.229  0.1265E-01  0.1111E-02  0.6719E-02
     -9.159  0.2762E-01  0.3298E-02  0.1468E-01
     -9.090  0.2692E-01  0.3810E-02  0.1486E-01
     -9.021  0.2812E-01  0.6442E-02  0.1599E-01
     -8.951  0.3275E-01  0.1418E-01  0.2037E-01
     -8.882  0.3867E-01  0.2704E-01  0.2733E-01
     -8.813  0.8416E-01  0.6897E-01  0.6668E-01
     -8.743  0.4229E-01  0.2750E-01  0.3513E-01
     -8.674  0.3237E-01  0.3494E-01  0.2305E-01
     -8.605  0.6059E-01  0.3571E-01  0.3553E-01
     -8.535  0.4651E-01  0.3066E-01  0.2638E-01
     -8.466  0.3469E-01  0.2581E-01  0.1896E-01
     -8.397  0.6206E-01  0.3350E-01  0.1859E-01
     -8.327  0.5465E-01  0.3376E-01  0.1727E-01
     -8.258  0.5169E-01  0.3478E-01  0.1700E-01
     -8.189  0.5518E-01  0.4103E-01  0.2162E-01
     -8.119  0.5425E-01  0.5138E-01  0.2756E-01
     -8.050  0.4879E-01  0.5658E-01  0.4063E-01
     -7.981  0.3866E-01  0.4584E-01  0.5182E-01
     -7.911  0.2104E-01  0.5713E-01  0.6020E-01
     -7.842  0.1320E-01  0.5199E-01  0.5662E-01
     -7.773  0.2775E-01  0.5091E-01  0.7250E-01
     -7.703  0.2026E-01  0.3061E-01  0.3557E-01
     -7.634  0.8922E-01  0.8268E-01  0.1382E+00
     -7.565  0.2983E-01  0.3593E-01  0.8477E-01
     -7.495  0.1464E-01  0.3440E-01  0.5023E-01
     -7.426  0.1423E-01  0.4864E-01  0.4267E-01
     -7.357  0.4922E-02  0.1242E-01  0.2498E-01
     -7.287  0.7859E-02  0.3482E-01  0.6876E-01
     -7.218  0.1269E-02  0.2709E-02  0.1577E-02
     -7.149  0.9670E-03  0.2087E-02  0.1549E-02
     -7.079  0.5979E-03  0.1324E-02  0.1521E-02
     -7.010  0.7494E-04  0.2261E-03  0.4617E-03
     -6.941  0.0000E+00  0.0000E+00  0.0000E+00
     -6.871  0.0000E+00  0.0000E+00  0.0000E+00
     -6.802  0.0000E+00  0.0000E+00  0.0000E+00
     -6.732  0.0000E+00  0.0000E+00  0.0000E+00
     -6.663  0.0000E+00  0.0000E+00  0.0000E+00
     -6.594  0.0000E+00  0.0000E+00  0.0000E+00
     -6.524  0.0000E+00  0.0000E+00  0.0000E+00
     -6.455  0.0000E+00  0.0000E+00  0.0000E+00
     -6.386  0.0000E+00  0.0000E+00  0.0000E+00
     -6.316  0.0000E+00  0.0000E+00  0.0000E+00
     -6.247  0.0000E+00  0.0000E+00  0.0000E+00
     -6.178  0.0000E+00  0.0000E+00  0.0000E+00
     -6.108  0.0000E+00  0.0000E+00  0.0000E+00
     -6.039  0.0000E+00  0.0000E+00  0.0000E+00
     -5.970  0.0000E+00  0.0000E+00  0.0000E+00
     -5.900  0.0000E+00  0.0000E+00  0.0000E+00
     -5.831  0.0000E+00  0.0000E+00  0.0000E+00
     -5.762  0.0000E+00  0.0000E+00  0.0000E+00
     -5.692  0.0000E+00  0.0000E+00  0.0000E+00
     -5.623  0.0000E+00  0.0000E+00  0.0000E+00
     -5.554  0.0000E+00  0.0000E+00  0.0000E+00
     -5.484  0.0000E+00  0.0000E+00  0.0000E+00
     -5.415  0.0000E+00  0.0000E+00  0.0000E+00
     -5.346  0.0000E+00  0.0000E+00  0.0000E+00
     -5.276  0.0000E+00  0.0000E+00  0.0000E+00
     -5.207  0.0000E+00  0.0000E+00  0.0000E+00
     -5.138  0.0000E+00  0.0000E+00  0.0000E+00
     -5.068  0.1043E+00  0.1287E-01  0.3994E-01
     -4.999  0.7149E-01  0.1287E-01  0.2767E-01
     -4.930  0.6460E-01  0.1427E-01  0.2578E-01
     -4.860  0.6215E-01  0.1451E-01  0.2766E-01
     -4.791  0.6026E-01  0.1631E-01  0.3073E-01
     -4.722  0.6475E-01  0.2297E-01  0.4195E-01
     -4.652  0.7127E-01  0.2950E-01  0.5364E-01
     -4.583  0.8043E-01  0.8184E-01  0.1183E+00
     -4.514  0.8785E-01  0.4262E-01  0.5740E-01
     -4.444  0.1049E+00  0.5948E-01  0.1058E+00
     -4.375  0.7342E-01  0.5594E-01  0.7454E-01
     -4.306  0.1506E+00  0.5547E-01  0.1501E+00
     -4.236  0.1217E+00  0.4978E-01  0.1830E+00
     -4.167  0.8474E-01  0.2770E-01  0.8940E-01
     -4.098  0.4036E+00  0.1561E+00  0.4746E+00
     -4.028  0.1245E-01  0.6220E-02  0.1692E-01
     -3.959  0.7347E-01  0.4080E-01  0.8494E-01
     -3.890  0.1621E+00  0.1087E+00  0.3021E+00
     -3.820  0.7393E-01  0.2942E-01  0.8172E-01
     -3.751  0.2028E+00  0.9112E-01  0.2561E+00
     -3.682  0.6453E-01  0.4328E-01  0.1064E+00
     -3.612  0.5156E-01  0.5742E-01  0.2229E+00
     -3.543  0.6776E-01  0.5711E-01  0.2085E+00
     -3.474  0.8448E-01  0.9172E-01  0.2303E+00
     -3.404  0.2826E-01  0.5284E-01  0.1310E+00
     -3.335  0.3271E-01  0.1441E-01  0.6725E-01
     -3.266  0.9237E-01  0.7829E-01  0.2664E+00
     -3.196  0.8650E-01  0.8002E-01  0.3770E+00
     -3.127  0.7729E-01  0.6623E-01  0.3545E+00
     -3.058  0.3793E-01  0.3613E-01  0.1818E+00
     -2.988  0.6730E-01  0.5488E-01  0.4058E+00
     -2.919  0.4054E-01  0.5916E-01  0.3196E+00
     -2.850  0.6604E-01  0.7307E-01  0.5009E+00
     -2.780  0.4227E-01  0.6282E-01  0.5534E+00
     -2.711  0.8238E-01  0.5319E-01  0.6195E+00
     -2.642  0.4863E-01  0.4944E-01  0.4682E+00
     -2.572  0.3730E-01  0.4944E-01  0.3660E+00
     -2.503  0.4918E-01  0.5322E-01  0.3883E+00
     -2.433  0.4351E-01  0.5362E-01  0.3489E+00
     -2.364  0.6576E-01  0.5991E-01  0.6045E+00
     -2.295  0.4537E-01  0.3955E-01  0.3537E+00
     -2.225  0.4173E-01  0.7815E-01  0.8550E+00
     -2.156  0.1140E-01  0.2242E-01  0.3788E+00
     -2.087  0.3157E-01  0.1631E+00  0.1079E+01
     -2.017  0.7096E-01  0.1139E+00  0.1012E+01
     -1.948  0.3360E-01  0.9162E-01  0.7761E+00
     -1.879  0.3983E-01  0.1018E+00  0.9488E+00
     -1.809  0.3468E-01  0.1025E+00  0.1011E+01
     -1.740  0.4315E-01  0.8629E-01  0.8789E+00
     -1.671  0.3685E-01  0.9362E-01  0.6739E+00
     -1.601  0.3667E-01  0.1475E+00  0.1207E+01
     -1.532  0.4992E-01  0.1240E+00  0.6066E+00
     -1.463  0.2390E-01  0.9171E-01  0.6612E+00
     -1.393  0.1584E-01  0.1149E+00  0.9408E+00
     -1.324  0.4100E-01  0.1582E+00  0.1517E+01
     -1.255  0.1074E-01  0.5518E-01  0.6730E+00
     -1.185  0.9997E-02  0.1222E+00  0.1100E+01
     -1.116  0.4250E-01  0.6989E-01  0.1459E+01
     -1.047  0.9263E-02  0.3001E-01  0.5325E+00
     -0.977  0.3910E-01  0.8326E-01  0.1426E+01
     -0.908  0.2474E-01  0.7178E-01  0.1808E+01
     -0.839  0.2384E-01  0.7574E-01  0.1247E+01
     -0.769  0.2076E-01  0.6117E-01  0.1661E+01
     -0.700  0.3094E-01  0.4073E-01  0.1077E+01
     -0.631  0.3141E-01  0.1073E+00  0.2921E+01
     -0.561  0.2008E-01  0.8967E-01  0.2214E+01
     -0.492  0.8621E-02  0.4348E-01  0.9182E+00
     -0.423  0.2036E-01  0.1446E+00  0.3553E+01
     -0.353  0.7789E-02  0.7321E-01  0.2069E+01
     -0.284  0.9756E-02  0.8194E-01  0.2787E+01
     -0.215  0.1764E-01  0.8961E-01  0.2161E+01
     -0.145  0.1292E-01  0.5574E-01  0.2244E+01
     -0.076  0.2317E-01  0.6519E-01  0.2870E+01
     -0.007  0.2222E-01  0.7841E-01  0.3293E+01
      0.063  0.1698E-01  0.6617E-01  0.2650E+01
      0.132  0.2477E-01  0.1283E+00  0.5486E+01
      0.201  0.1747E-01  0.6988E-01  0.5151E+01
      0.271  0.1244E-01  0.4696E-01  0.2467E+01
      0.340  0.2040E-01  0.6431E-01  0.4221E+01
      0.409  0.7760E-02  0.2697E-01  0.1756E+01
      0.479  0.1155E-01  0.7834E-01  0.5430E+01
      0.548  0.1612E-01  0.3824E-01  0.3810E+01
      0.617  0.6709E-02  0.2728E-01  0.1757E+01
      0.687  0.1851E-01  0.5035E-01  0.2322E+01
      0.756  0.2737E-01  0.3811E-01  0.2305E+01
      0.825  0.3305E-01  0.3861E-01  0.1993E+01
      0.895  0.2441E-01  0.5987E-01  0.2060E+01
      0.964  0.2909E-01  0.5360E-01  0.1952E+01
      1.033  0.4123E-01  0.1223E+00  0.2388E+01
      1.103  0.2339E-01  0.5716E-01  0.9274E+00
      1.172  0.1825E-01  0.9757E-01  0.1839E+01
      1.241  0.1567E-01  0.4201E-01  0.8657E+00
      1.311  0.1412E-01  0.3164E-01  0.9011E+00
      1.380  0.1899E-01  0.6406E-01  0.1261E+01
      1.449  0.2006E-01  0.6756E-01  0.1364E+01
      1.519  0.2407E-01  0.2559E-01  0.7892E+00
      1.588  0.3414E-01  0.2646E-01  0.8776E+00
      1.657  0.6136E-01  0.6469E-01  0.1952E+01
      1.727  0.2996E-01  0.5889E-01  0.1407E+01
      1.796  0.3036E-01  0.8142E-01  0.1674E+01
      1.866  0.2785E-01  0.5122E-01  0.5911E+00
      1.935  0.1726E-01  0.1898E-01  0.3197E+00
      2.004  0.1093E-01  0.1997E-01  0.2505E+00
      2.074  0.1716E-01  0.7394E-01  0.5408E+00
      2.143  0.9564E-02  0.4447E-01  0.4683E+00
      2.212  0.1308E-01  0.5216E-01  0.3514E+00
      2.282  0.9269E-02  0.3765E-01  0.3029E+00
      2.351  0.1768E-01  0.4945E-01  0.4598E+00
      2.420  0.1417E-01  0.3668E-01  0.3544E+00
      2.490  0.9484E-02  0.3058E-01  0.2583E+00
      2.559  0.1219E-01  0.2882E-01  0.3427E+00
      2.628  0.1907E-01  0.4346E-01  0.4924E+00
      2.698  0.2505E-01  0.4366E-01  0.5260E+00
      2.767  0.1577E-01  0.4102E-01  0.4926E+00
      2.836  0.1792E-01  0.3578E-01  0.3441E+00
      2.906  0.2120E-01  0.4066E-01  0.4437E+00
      2.975  0.1676E-01  0.4120E-01  0.4541E+00
      3.044  0.2358E-01  0.5981E-01  0.5602E+00
      3.114  0.3007E-01  0.5275E-01  0.5800E+00
      3.183  0.2577E-01  0.4827E-01  0.4262E+00
      3.252  0.2015E-01  0.4527E-01  0.3748E+00
      3.322  0.1369E-01  0.3985E-01  0.2918E+00
      3.391  0.2007E-01  0.4240E-01  0.3010E+00
      3.460  0.2263E-01  0.4373E-01  0.3569E+00
      3.530  0.1823E-01  0.3264E-01  0.2170E+00
      3.599  0.1647E-01  0.5103E-01  0.3325E+00
      3.668  0.3318E-01  0.7745E-01  0.3536E+00
      3.738  0.3413E-01  0.5655E-01  0.2487E+00
      3.807  0.2369E-01  0.4762E-01  0.2786E+00
      3.876  0.2082E-01  0.6373E-01  0.2825E+00
      3.946  0.2151E-01  0.6650E-01  0.3313E+00
      4.015  0.2155E-01  0.7828E-01  0.4754E+00
      4.084  0.1480E-01  0.4816E-01  0.3061E+00
      4.154  0.2345E-01  0.5668E-01  0.2304E+00
      4.223  0.2005E-01  0.5241E-01  0.2052E+00
      4.292  0.1574E-01  0.4279E-01  0.1411E+00
      4.362  0.3278E-01  0.6363E-01  0.2616E+00
      4.431  0.2935E-01  0.5970E-01  0.1977E+00
      4.500  0.3211E-01  0.5730E-01  0.2387E+00
      4.570  0.3649E-01  0.7249E-01  0.2806E+00
      4.639  0.1975E-01  0.3112E-01  0.1379E+00
      4.708  0.2196E-01  0.3538E-01  0.2171E+00
      4.778  0.2782E-01  0.4994E-01  0.2978E+00
      4.847  0.1378E-01  0.3035E-01  0.1394E+00
      4.916  0.1308E-01  0.3164E-01  0.1745E+00
      4.986  0.3161E-01  0.4174E-01  0.2717E+00
      5.055  0.3116E-01  0.5931E-01  0.2579E+00
      5.124  0.3531E-01  0.6196E-01  0.5640E+00
      5.194  0.1843E-01  0.2600E-01  0.2394E+00
      5.263  0.1361E-01  0.2648E-01  0.1822E+00
      5.332  0.1233E-01  0.2918E-01  0.2148E+00
      5.402  0.1760E-01  0.4018E-01  0.2433E+00
      5.471  0.1125E-01  0.3337E-01  0.2381E+00
      5.540  0.6862E-02  0.3191E-01  0.2569E+00
      5.610  0.8542E-02  0.3390E-01  0.2348E+00
      5.679  0.6239E-02  0.3340E-01  0.2097E+00
      5.748  0.4952E-02  0.2793E-01  0.1665E+00
      5.818  0.6365E-02  0.1925E-01  0.9779E-01
      5.887  0.5395E-02  0.1403E-01  0.6415E-01
      5.956  0.9118E-02  0.1395E-01  0.6857E-01
      6.026  0.1039E-01  0.6961E-02  0.1999E-01
      6.095  0.7647E-02  0.4933E-02  0.1608E-01
      6.165  0.4485E-02  0.3168E-02  0.7530E-02
      6.234  0.6698E-02  0.4652E-02  0.1013E-01
      6.303  0.8302E-02  0.5629E-02  0.1245E-01
      6.373  0.9254E-02  0.5996E-02  0.1322E-01
      6.442  0.1056E-01  0.7183E-02  0.1528E-01
      6.511  0.7068E-02  0.4275E-02  0.9034E-02
      6.581  0.3980E-02  0.2352E-02  0.5292E-02
      6.650  0.1973E-02  0.1111E-02  0.2585E-02
      6.719  0.0000E+00  0.0000E+00  0.0000E+00
      6.789  0.0000E+00  0.0000E+00  0.0000E+00
      6.858  0.0000E+00  0.0000E+00  0.0000E+00
      6.927  0.0000E+00  0.0000E+00  0.0000E+00
      6.997  0.0000E+00  0.0000E+00  0.0000E+00
      7.066  0.0000E+00  0.0000E+00  0.0000E+00
      7.135  0.0000E+00  0.0000E+00  0.0000E+00
      7.205  0.0000E+00  0.0000E+00  0.0000E+00
      7.274  0.0000E+00  0.0000E+00  0.0000E+00
      7.343  0.0000E+00  0.0000E+00  0.0000E+00
      7.413  0.0000E+00  0.0000E+00  0.0000E+00
      7.482  0.0000E+00  0.0000E+00  0.0000E+00
      7.551  0.0000E+00  0.0000E+00  0.0000E+00
      7.621  0.0000E+00  0.0000E+00  0.0000E+00
      7.690  0.0000E+00  0.0000E+00  0.0000E+00
