    -13.112  0.0000E+00  0.0000E+00  0.0000E+00
    -13.042  0.0000E+00  0.0000E+00  0.0000E+00
    -12.973  0.0000E+00  0.0000E+00  0.0000E+00
    -12.904  0.0000E+00  0.0000E+00  0.0000E+00
    -12.834  0.0000E+00  0.0000E+00  0.0000E+00
    -12.765  0.0000E+00  0.0000E+00  0.0000E+00
    -12.696  0.0000E+00  0.0000E+00  0.0000E+00
    -12.626  0.0000E+00  0.0000E+00  0.0000E+00
    -12.557  0.0000E+00  0.0000E+00  0.0000E+00
    -12.488  0.0000E+00  0.0000E+00  0.0000E+00
    -12.418  0.0000E+00  0.0000E+00  0.0000E+00
    -12.349  0.0000E+00  0.0000E+00  0.0000E+00
    -12.280  0.0000E+00  0.0000E+00  0.0000E+00
    -12.210  0.0000E+00  0.0000E+00  0.0000E+00
    -12.141  0.0000E+00  0.0000E+00  0.0000E+00
    -12.072  0.1008E-01  0.5294E-03  0.1935E-03
    -12.002  0.1236E-01  0.8249E-03  0.2757E-03
    -11.933  0.1119E-01  0.9501E-03  0.2861E-03
    -11.864  0.1150E-01  0.1106E-02  0.3106E-03
    -11.794  0.1222E-01  0.1343E-02  0.3592E-03
    -11.725  0.9447E-02  0.1353E-02  0.3898E-03
    -11.656  0.9509E-02  0.1442E-02  0.4239E-03
    -11.586  0.9941E-02  0.1520E-02  0.4570E-03
    -11.517  0.5502E-01  0.2593E-02  0.1698E-02
    -11.448  0.2305E-01  0.2161E-02  0.8254E-03
    -11.378  0.4611E-01  0.3304E-02  0.1656E-02
    -11.309  0.6019E-01  0.7348E-02  0.2825E-02
    -11.240  0.6061E-01  0.9917E-02  0.3333E-02
    -11.170  0.2610E-01  0.3902E-02  0.1518E-02
    -11.101  0.3713E-01  0.6604E-02  0.2446E-02
    -11.032  0.4222E-01  0.7357E-02  0.2847E-02
    -10.962  0.4088E-01  0.6598E-02  0.2986E-02
    -10.893  0.4817E-01  0.8553E-02  0.3833E-02
    -10.823  0.3985E-01  0.1014E-01  0.4451E-02
    -10.754  0.4694E-01  0.1063E-01  0.3709E-02
    -10.685  0.3996E-01  0.2803E-01  0.7332E-02
    -10.615  0.1874E-01  0.1935E-01  0.5655E-02
    -10.546  0.1869E-01  0.2355E-01  0.7041E-02
    -10.477  0.2898E-01  0.2514E-01  0.9195E-02
    -10.407  0.6194E-01  0.4095E-01  0.1548E-01
    -10.338  0.7163E-01  0.6205E-01  0.2385E-01
    -10.269  0.3257E-01  0.3058E-01  0.1208E-01
    -10.199  0.6199E-01  0.4801E-01  0.2534E-01
    -10.130  0.3266E-01  0.4519E-01  0.1878E-01
    -10.061  0.2473E-01  0.5705E-01  0.3808E-01
     -9.991  0.3457E-01  0.6500E-01  0.3093E-01
     -9.922  0.2498E-01  0.6117E-01  0.2987E-01
     -9.853  0.1848E-01  0.4930E-01  0.2510E-01
     -9.783  0.1411E-01  0.3710E-01  0.1908E-01
     -9.714  0.8725E-02  0.9842E-02  0.1247E-01
     -9.645  0.7263E-02  0.7910E-02  0.1160E-01
     -9.575  0.3798E-02  0.7015E-02  0.1006E-01
     -9.506  0.3383E-02  0.6302E-02  0.1037E-01
     -9.437  0.3372E-02  0.7781E-02  0.1532E-01
     -9.367  0.1575E-02  0.4565E-02  0.9442E-02
     -9.298  0.0000E+00  0.0000E+00  0.0000E+00
     -9.229  0.6946E-02  0.3009E-03  0.2425E-02
     -9.159  0.1405E-01  0.1199E-02  0.5383E-02
     -9.090  0.1224E-01  0.2008E-02  0.5057E-02
     -9.021  0.1096E-01  0.3243E-02  0.5619E-02
     -8.951  0.1181E-01  0.5240E-02  0.7078E-02
     -8.882  0.1205E-01  0.8669E-02  0.8814E-02
     -8.813  0.1617E-01  0.2020E-01  0.1420E-01
     -8.743  0.4821E-02  0.8710E-02  0.5708E-02
     -8.674  0.3150E-02  0.6213E-02  0.4838E-02
     -8.605  0.8271E-02  0.6487E-02  0.8675E-02
     -8.535  0.6157E-02  0.5283E-02  0.6573E-02
     -8.466  0.4694E-02  0.4219E-02  0.4768E-02
     -8.397  0.3663E-01  0.2373E-01  0.2601E-01
     -8.327  0.3348E-01  0.2204E-01  0.2387E-01
     -8.258  0.3514E-01  0.2389E-01  0.2752E-01
     -8.189  0.4440E-01  0.3276E-01  0.3706E-01
     -8.119  0.4610E-01  0.3803E-01  0.4362E-01
     -8.050  0.5938E-01  0.4965E-01  0.5340E-01
     -7.981  0.5897E-01  0.4954E-01  0.6797E-01
     -7.911  0.5407E-01  0.5621E-01  0.8119E-01
     -7.842  0.3260E-01  0.4968E-01  0.5931E-01
     -7.773  0.7098E-01  0.6992E-01  0.7385E-01
     -7.703  0.2163E-01  0.3644E-01  0.4364E-01
     -7.634  0.7944E-01  0.8814E-01  0.7604E-01
     -7.565  0.3319E-01  0.4207E-01  0.5197E-01
     -7.495  0.2846E-01  0.4036E-01  0.4621E-01
     -7.426  0.2268E-01  0.6102E-01  0.6499E-01
     -7.357  0.1276E-01  0.1782E-01  0.2094E-01
     -7.287  0.2026E-01  0.2134E-01  0.3680E-01
     -7.218  0.2040E-01  0.1714E-01  0.4588E-01
     -7.149  0.1377E-01  0.1626E-01  0.3915E-01
     -7.079  0.9795E-02  0.1909E-01  0.2835E-01
     -7.010  0.7208E-02  0.1366E-01  0.1344E-01
     -6.941  0.0000E+00  0.0000E+00  0.0000E+00
     -6.871  0.0000E+00  0.0000E+00  0.0000E+00
     -6.802  0.0000E+00  0.0000E+00  0.0000E+00
     -6.732  0.0000E+00  0.0000E+00  0.0000E+00
     -6.663  0.0000E+00  0.0000E+00  0.0000E+00
     -6.594  0.0000E+00  0.0000E+00  0.0000E+00
     -6.524  0.0000E+00  0.0000E+00  0.0000E+00
     -6.455  0.0000E+00  0.0000E+00  0.0000E+00
     -6.386  0.0000E+00  0.0000E+00  0.0000E+00
     -6.316  0.0000E+00  0.0000E+00  0.0000E+00
     -6.247  0.0000E+00  0.0000E+00  0.0000E+00
     -6.178  0.0000E+00  0.0000E+00  0.0000E+00
     -6.108  0.0000E+00  0.0000E+00  0.0000E+00
     -6.039  0.0000E+00  0.0000E+00  0.0000E+00
     -5.970  0.0000E+00  0.0000E+00  0.0000E+00
     -5.900  0.0000E+00  0.0000E+00  0.0000E+00
     -5.831  0.0000E+00  0.0000E+00  0.0000E+00
     -5.762  0.0000E+00  0.0000E+00  0.0000E+00
     -5.692  0.0000E+00  0.0000E+00  0.0000E+00
     -5.623  0.0000E+00  0.0000E+00  0.0000E+00
     -5.554  0.0000E+00  0.0000E+00  0.0000E+00
     -5.484  0.0000E+00  0.0000E+00  0.0000E+00
     -5.415  0.0000E+00  0.0000E+00  0.0000E+00
     -5.346  0.0000E+00  0.0000E+00  0.0000E+00
     -5.276  0.0000E+00  0.0000E+00  0.0000E+00
     -5.207  0.0000E+00  0.0000E+00  0.0000E+00
     -5.138  0.0000E+00  0.0000E+00  0.0000E+00
     -5.068  0.7781E-02  0.1907E-02  0.1040E-01
     -4.999  0.1059E-01  0.2241E-02  0.7896E-02
     -4.930  0.1761E-01  0.3453E-02  0.8948E-02
     -4.860  0.6937E-01  0.8604E-02  0.2493E-01
     -4.791  0.8369E-01  0.1131E-01  0.2954E-01
     -4.722  0.9001E-01  0.1640E-01  0.3074E-01
     -4.652  0.1088E+00  0.2267E-01  0.3743E-01
     -4.583  0.2081E+00  0.5891E-01  0.8537E-01
     -4.514  0.1049E+00  0.3146E-01  0.5998E-01
     -4.444  0.2601E+00  0.4947E-01  0.1483E+00
     -4.375  0.7007E-01  0.3565E-01  0.4813E-01
     -4.306  0.6768E-01  0.5698E-01  0.1155E+00
     -4.236  0.7582E-01  0.6499E-01  0.1414E+00
     -4.167  0.4205E-01  0.2816E-01  0.6006E-01
     -4.098  0.1812E+00  0.1565E+00  0.3083E+00
     -4.028  0.2443E-01  0.1071E-01  0.1731E-01
     -3.959  0.7556E-01  0.3892E-01  0.7322E-01
     -3.890  0.1701E+00  0.8643E-01  0.2576E+00
     -3.820  0.5097E-01  0.2604E-01  0.8150E-01
     -3.751  0.2169E+00  0.1083E+00  0.3501E+00
     -3.682  0.7502E-01  0.4481E-01  0.1334E+00
     -3.612  0.9804E-01  0.6168E-01  0.1974E+00
     -3.543  0.7487E-01  0.6392E-01  0.2326E+00
     -3.474  0.8811E-01  0.6662E-01  0.3297E+00
     -3.404  0.1695E-01  0.4624E-01  0.1497E+00
     -3.335  0.1329E-01  0.1803E-01  0.4218E-01
     -3.266  0.8019E-01  0.5583E-01  0.2857E+00
     -3.196  0.1150E+00  0.6888E-01  0.3007E+00
     -3.127  0.8149E-01  0.6487E-01  0.2513E+00
     -3.058  0.4870E-01  0.2618E-01  0.1169E+00
     -2.988  0.6601E-01  0.3601E-01  0.3479E+00
     -2.919  0.7517E-01  0.3316E-01  0.2075E+00
     -2.850  0.5179E-01  0.6798E-01  0.3254E+00
     -2.780  0.5826E-01  0.5006E-01  0.3541E+00
     -2.711  0.8550E-01  0.3800E-01  0.6096E+00
     -2.642  0.1028E+00  0.7880E-01  0.5602E+00
     -2.572  0.6885E-01  0.6208E-01  0.4643E+00
     -2.503  0.5610E-01  0.8240E-01  0.5700E+00
     -2.433  0.5875E-01  0.7476E-01  0.6177E+00
     -2.364  0.7979E-01  0.1028E+00  0.1036E+01
     -2.295  0.4714E-01  0.5900E-01  0.5253E+00
     -2.225  0.8142E-01  0.5339E-01  0.7204E+00
     -2.156  0.2460E-01  0.2205E-01  0.2688E+00
     -2.087  0.1207E+00  0.1281E+00  0.1068E+01
     -2.017  0.6117E-01  0.1291E+00  0.1305E+01
     -1.948  0.5146E-01  0.9249E-01  0.1026E+01
     -1.879  0.4347E-01  0.7760E-01  0.8310E+00
     -1.809  0.3321E-01  0.9742E-01  0.1104E+01
     -1.740  0.1819E-01  0.9782E-01  0.8126E+00
     -1.671  0.4109E-01  0.1004E+00  0.1233E+01
     -1.601  0.8116E-01  0.1467E+00  0.1834E+01
     -1.532  0.6694E-01  0.1014E+00  0.9174E+00
     -1.463  0.3326E-01  0.1533E+00  0.1250E+01
     -1.393  0.2539E-01  0.1399E+00  0.7594E+00
     -1.324  0.3411E-01  0.1280E+00  0.1126E+01
     -1.255  0.1705E-01  0.6582E-01  0.6544E+00
     -1.185  0.1585E-01  0.6660E-01  0.5892E+00
     -1.116  0.2628E-01  0.8399E-01  0.7521E+00
     -1.047  0.8968E-02  0.4518E-01  0.3788E+00
     -0.977  0.2025E-01  0.7165E-01  0.1035E+01
     -0.908  0.3084E-01  0.1524E+00  0.2131E+01
     -0.839  0.2528E-01  0.1297E+00  0.2146E+01
     -0.769  0.3003E-01  0.1103E+00  0.2022E+01
     -0.700  0.2042E-01  0.1790E+00  0.2426E+01
     -0.631  0.3212E-01  0.1302E+00  0.2518E+01
     -0.561  0.2885E-01  0.7870E-01  0.1576E+01
     -0.492  0.7152E-02  0.2048E-01  0.7115E+00
     -0.423  0.1407E-01  0.8036E-01  0.1964E+01
     -0.353  0.1924E-01  0.4055E-01  0.2029E+01
     -0.284  0.4503E-01  0.6624E-01  0.3597E+01
     -0.215  0.1749E-01  0.1230E+00  0.3448E+01
     -0.145  0.1214E-01  0.5756E-01  0.3023E+01
     -0.076  0.8702E-02  0.5997E-01  0.2945E+01
     -0.007  0.1371E-01  0.5804E-01  0.3344E+01
      0.063  0.6090E-02  0.3538E-01  0.2344E+01
      0.132  0.2628E-01  0.9334E-01  0.5502E+01
      0.201  0.2001E-01  0.7582E-01  0.4815E+01
      0.271  0.8223E-02  0.3236E-01  0.1760E+01
      0.340  0.1354E-01  0.9239E-01  0.5474E+01
      0.409  0.3293E-02  0.3544E-01  0.1877E+01
      0.479  0.2475E-01  0.8585E-01  0.4144E+01
      0.548  0.7363E-02  0.3465E-01  0.2483E+01
      0.617  0.7762E-02  0.4950E-01  0.1769E+01
      0.687  0.1653E-01  0.6132E-01  0.2770E+01
      0.756  0.2404E-01  0.6653E-01  0.2589E+01
      0.825  0.3303E-01  0.4363E-01  0.1445E+01
      0.895  0.4503E-01  0.6840E-01  0.2184E+01
      0.964  0.6115E-01  0.6080E-01  0.2376E+01
      1.033  0.5835E-01  0.1004E+00  0.2729E+01
      1.103  0.1248E-01  0.4799E-01  0.6365E+00
      1.172  0.1840E-01  0.4667E-01  0.1227E+01
      1.241  0.8848E-02  0.4436E-01  0.6735E+00
      1.311  0.5554E-02  0.3926E-01  0.4185E+00
      1.380  0.2736E-01  0.7111E-01  0.9287E+00
      1.449  0.1878E-01  0.5443E-01  0.1036E+01
      1.519  0.1220E-01  0.5786E-01  0.5493E+00
      1.588  0.2035E-01  0.6129E-01  0.6310E+00
      1.657  0.2345E-01  0.1302E+00  0.1526E+01
      1.727  0.3047E-01  0.9870E-01  0.1216E+01
      1.796  0.2486E-01  0.1299E+00  0.1354E+01
      1.866  0.9458E-02  0.9997E-01  0.6796E+00
      1.935  0.3901E-02  0.4673E-01  0.3315E+00
      2.004  0.6111E-02  0.4173E-01  0.2704E+00
      2.074  0.2170E-01  0.8348E-01  0.5875E+00
      2.143  0.1229E-01  0.7663E-01  0.6923E+00
      2.212  0.8454E-02  0.4820E-01  0.3543E+00
      2.282  0.7916E-02  0.4651E-01  0.2774E+00
      2.351  0.1661E-01  0.7090E-01  0.4923E+00
      2.420  0.9609E-02  0.2841E-01  0.3479E+00
      2.490  0.8226E-02  0.2036E-01  0.2787E+00
      2.559  0.7776E-02  0.2497E-01  0.2968E+00
      2.628  0.1629E-01  0.3925E-01  0.4600E+00
      2.698  0.2571E-01  0.4843E-01  0.6762E+00
      2.767  0.1632E-01  0.3460E-01  0.4541E+00
      2.836  0.1688E-01  0.3438E-01  0.3604E+00
      2.906  0.1748E-01  0.4280E-01  0.4682E+00
      2.975  0.1742E-01  0.3817E-01  0.4639E+00
      3.044  0.2322E-01  0.5125E-01  0.5202E+00
      3.114  0.3895E-01  0.6771E-01  0.7588E+00
      3.183  0.1769E-01  0.6870E-01  0.5400E+00
      3.252  0.1953E-01  0.5882E-01  0.4218E+00
      3.322  0.1394E-01  0.4311E-01  0.3157E+00
      3.391  0.1261E-01  0.4187E-01  0.2952E+00
      3.460  0.1306E-01  0.3552E-01  0.2731E+00
      3.530  0.1609E-01  0.3383E-01  0.2122E+00
      3.599  0.1632E-01  0.4369E-01  0.2747E+00
      3.668  0.2840E-01  0.6895E-01  0.4060E+00
      3.738  0.1802E-01  0.3930E-01  0.2369E+00
      3.807  0.1873E-01  0.4157E-01  0.2219E+00
      3.876  0.2060E-01  0.3739E-01  0.2098E+00
      3.946  0.3130E-01  0.4689E-01  0.2543E+00
      4.015  0.4183E-01  0.8098E-01  0.4084E+00
      4.084  0.2536E-01  0.4933E-01  0.2988E+00
      4.154  0.1879E-01  0.4631E-01  0.2752E+00
      4.223  0.1945E-01  0.4473E-01  0.2819E+00
      4.292  0.1255E-01  0.3184E-01  0.2521E+00
      4.362  0.1541E-01  0.6151E-01  0.3316E+00
      4.431  0.1595E-01  0.5472E-01  0.4121E+00
      4.500  0.1228E-01  0.5555E-01  0.4204E+00
      4.570  0.1651E-01  0.4616E-01  0.4265E+00
      4.639  0.8319E-02  0.2178E-01  0.1948E+00
      4.708  0.1447E-01  0.3266E-01  0.2205E+00
      4.778  0.1755E-01  0.4762E-01  0.2224E+00
      4.847  0.8457E-02  0.2330E-01  0.1162E+00
      4.916  0.9571E-02  0.2194E-01  0.1270E+00
      4.986  0.1891E-01  0.2676E-01  0.1753E+00
      5.055  0.1393E-01  0.2839E-01  0.1628E+00
      5.124  0.3580E-01  0.6253E-01  0.3273E+00
      5.194  0.1384E-01  0.2721E-01  0.1418E+00
      5.263  0.1207E-01  0.2041E-01  0.1420E+00
      5.332  0.1662E-01  0.2777E-01  0.1866E+00
      5.402  0.1754E-01  0.3104E-01  0.1632E+00
      5.471  0.7369E-02  0.4345E-01  0.1425E+00
      5.540  0.9230E-02  0.2946E-01  0.1793E+00
      5.610  0.1193E-01  0.3237E-01  0.2000E+00
      5.679  0.1587E-01  0.3718E-01  0.2827E+00
      5.748  0.1041E-01  0.2954E-01  0.1926E+00
      5.818  0.8262E-02  0.2002E-01  0.1409E+00
      5.887  0.8321E-02  0.1628E-01  0.1116E+00
      5.956  0.1021E-01  0.1854E-01  0.1485E+00
      6.026  0.5326E-02  0.8701E-02  0.5924E-01
      6.095  0.3870E-02  0.5831E-02  0.3343E-01
      6.165  0.3394E-02  0.3772E-02  0.1354E-01
      6.234  0.4374E-02  0.4956E-02  0.1705E-01
      6.303  0.4969E-02  0.5898E-02  0.1915E-01
      6.373  0.5110E-02  0.6072E-02  0.1826E-01
      6.442  0.5853E-02  0.7283E-02  0.2035E-01
      6.511  0.4068E-02  0.4423E-02  0.1249E-01
      6.581  0.1596E-02  0.1722E-02  0.6275E-02
      6.650  0.6660E-03  0.7638E-03  0.2797E-02
      6.719  0.0000E+00  0.0000E+00  0.0000E+00
      6.789  0.0000E+00  0.0000E+00  0.0000E+00
      6.858  0.0000E+00  0.0000E+00  0.0000E+00
      6.927  0.0000E+00  0.0000E+00  0.0000E+00
      6.997  0.0000E+00  0.0000E+00  0.0000E+00
      7.066  0.0000E+00  0.0000E+00  0.0000E+00
      7.135  0.0000E+00  0.0000E+00  0.0000E+00
      7.205  0.0000E+00  0.0000E+00  0.0000E+00
      7.274  0.0000E+00  0.0000E+00  0.0000E+00
      7.343  0.0000E+00  0.0000E+00  0.0000E+00
      7.413  0.0000E+00  0.0000E+00  0.0000E+00
      7.482  0.0000E+00  0.0000E+00  0.0000E+00
      7.551  0.0000E+00  0.0000E+00  0.0000E+00
      7.621  0.0000E+00  0.0000E+00  0.0000E+00
      7.690  0.0000E+00  0.0000E+00  0.0000E+00
