    -13.112  0.0000E+00  0.0000E+00  0.0000E+00
    -13.042  0.0000E+00  0.0000E+00  0.0000E+00
    -12.973  0.0000E+00  0.0000E+00  0.0000E+00
    -12.904  0.0000E+00  0.0000E+00  0.0000E+00
    -12.834  0.0000E+00  0.0000E+00  0.0000E+00
    -12.765  0.0000E+00  0.0000E+00  0.0000E+00
    -12.696  0.0000E+00  0.0000E+00  0.0000E+00
    -12.626  0.0000E+00  0.0000E+00  0.0000E+00
    -12.557  0.0000E+00  0.0000E+00  0.0000E+00
    -12.488  0.0000E+00  0.0000E+00  0.0000E+00
    -12.418  0.0000E+00  0.0000E+00  0.0000E+00
    -12.349  0.0000E+00  0.0000E+00  0.0000E+00
    -12.280  0.0000E+00  0.0000E+00  0.0000E+00
    -12.210  0.0000E+00  0.0000E+00  0.0000E+00
    -12.141  0.0000E+00  0.0000E+00  0.0000E+00
    -12.072  0.3120E-01  0.9943E-03  0.6037E-03
    -12.002  0.3893E-01  0.1762E-02  0.8496E-03
    -11.933  0.3422E-01  0.2264E-02  0.9271E-03
    -11.864  0.3239E-01  0.2804E-02  0.1073E-02
    -11.794  0.3561E-01  0.3502E-02  0.1330E-02
    -11.725  0.3886E-01  0.3708E-02  0.1359E-02
    -11.656  0.3955E-01  0.4198E-02  0.1529E-02
    -11.586  0.4057E-01  0.4644E-02  0.1690E-02
    -11.517  0.5047E-01  0.1105E-01  0.2730E-02
    -11.448  0.3781E-01  0.6670E-02  0.2011E-02
    -11.378  0.4304E-01  0.1028E-01  0.2742E-02
    -11.309  0.3727E-01  0.2015E-01  0.4641E-02
    -11.240  0.3748E-01  0.2446E-01  0.6134E-02
    -11.170  0.1832E-01  0.8897E-02  0.3127E-02
    -11.101  0.1760E-01  0.1231E-01  0.4527E-02
    -11.032  0.2315E-01  0.1753E-01  0.6298E-02
    -10.962  0.2020E-01  0.1683E-01  0.5591E-02
    -10.893  0.2719E-01  0.2172E-01  0.7264E-02
    -10.823  0.2894E-01  0.2607E-01  0.1019E-01
    -10.754  0.2704E-01  0.3389E-01  0.1525E-01
    -10.685  0.3985E-01  0.5032E-01  0.2160E-01
    -10.615  0.1805E-01  0.2724E-01  0.1179E-01
    -10.546  0.1162E-01  0.2268E-01  0.9607E-02
    -10.477  0.1184E-01  0.2856E-01  0.1503E-01
    -10.407  0.1351E-01  0.2612E-01  0.1472E-01
    -10.338  0.2086E-01  0.4422E-01  0.2305E-01
    -10.269  0.8252E-02  0.2662E-01  0.1391E-01
    -10.199  0.1061E-01  0.2796E-01  0.1108E-01
    -10.130  0.1168E-01  0.1082E-01  0.4811E-02
    -10.061  0.1386E-01  0.1327E-01  0.1125E-01
     -9.991  0.1320E-01  0.1094E-01  0.7426E-02
     -9.922  0.1047E-01  0.7563E-02  0.7587E-02
     -9.853  0.8372E-02  0.5729E-02  0.6859E-02
     -9.783  0.5637E-02  0.3721E-02  0.6066E-02
     -9.714  0.2696E-02  0.2160E-02  0.2486E-02
     -9.645  0.2294E-02  0.1900E-02  0.2298E-02
     -9.575  0.1837E-02  0.1638E-02  0.2215E-02
     -9.506  0.1756E-02  0.1549E-02  0.2286E-02
     -9.437  0.2139E-02  0.1976E-02  0.3508E-02
     -9.367  0.1182E-02  0.1144E-02  0.2211E-02
     -9.298  0.0000E+00  0.0000E+00  0.0000E+00
     -9.229  0.1265E-01  0.1110E-02  0.6719E-02
     -9.159  0.2762E-01  0.3298E-02  0.1468E-01
     -9.090  0.2460E-01  0.4214E-02  0.1336E-01
     -9.021  0.2965E-01  0.6150E-02  0.1697E-01
     -8.951  0.3421E-01  0.1391E-01  0.2131E-01
     -8.882  0.3934E-01  0.2653E-01  0.2732E-01
     -8.813  0.8419E-01  0.6897E-01  0.6669E-01
     -8.743  0.4229E-01  0.2750E-01  0.3513E-01
     -8.674  0.3219E-01  0.3498E-01  0.2296E-01
     -8.605  0.6095E-01  0.3563E-01  0.3571E-01
     -8.535  0.4753E-01  0.3044E-01  0.2687E-01
     -8.466  0.3588E-01  0.2615E-01  0.1903E-01
     -8.397  0.6376E-01  0.3448E-01  0.1827E-01
     -8.327  0.5352E-01  0.3312E-01  0.1747E-01
     -8.258  0.5042E-01  0.3405E-01  0.1724E-01
     -8.189  0.5415E-01  0.4153E-01  0.2156E-01
     -8.119  0.5426E-01  0.5126E-01  0.2767E-01
     -8.050  0.5054E-01  0.5465E-01  0.4143E-01
     -7.981  0.3316E-01  0.4434E-01  0.5552E-01
     -7.911  0.2456E-01  0.5806E-01  0.5785E-01
     -7.842  0.1607E-01  0.5051E-01  0.5699E-01
     -7.773  0.2575E-01  0.5114E-01  0.6546E-01
     -7.703  0.2266E-01  0.3111E-01  0.3851E-01
     -7.634  0.8862E-01  0.8537E-01  0.1549E+00
     -7.565  0.2996E-01  0.3542E-01  0.8175E-01
     -7.495  0.1460E-01  0.3439E-01  0.4976E-01
     -7.426  0.1423E-01  0.4864E-01  0.4265E-01
     -7.357  0.4922E-02  0.1242E-01  0.2497E-01
     -7.287  0.7859E-02  0.3481E-01  0.6876E-01
     -7.218  0.1269E-02  0.2718E-02  0.1590E-02
     -7.149  0.9670E-03  0.2087E-02  0.1549E-02
     -7.079  0.5979E-03  0.1324E-02  0.1521E-02
     -7.010  0.7495E-04  0.2261E-03  0.4617E-03
     -6.941  0.0000E+00  0.0000E+00  0.0000E+00
     -6.871  0.0000E+00  0.0000E+00  0.0000E+00
     -6.802  0.0000E+00  0.0000E+00  0.0000E+00
     -6.732  0.0000E+00  0.0000E+00  0.0000E+00
     -6.663  0.0000E+00  0.0000E+00  0.0000E+00
     -6.594  0.0000E+00  0.0000E+00  0.0000E+00
     -6.524  0.0000E+00  0.0000E+00  0.0000E+00
     -6.455  0.0000E+00  0.0000E+00  0.0000E+00
     -6.386  0.0000E+00  0.0000E+00  0.0000E+00
     -6.316  0.0000E+00  0.0000E+00  0.0000E+00
     -6.247  0.0000E+00  0.0000E+00  0.0000E+00
     -6.178  0.0000E+00  0.0000E+00  0.0000E+00
     -6.108  0.0000E+00  0.0000E+00  0.0000E+00
     -6.039  0.0000E+00  0.0000E+00  0.0000E+00
     -5.970  0.0000E+00  0.0000E+00  0.0000E+00
     -5.900  0.0000E+00  0.0000E+00  0.0000E+00
     -5.831  0.0000E+00  0.0000E+00  0.0000E+00
     -5.762  0.0000E+00  0.0000E+00  0.0000E+00
     -5.692  0.0000E+00  0.0000E+00  0.0000E+00
     -5.623  0.0000E+00  0.0000E+00  0.0000E+00
     -5.554  0.0000E+00  0.0000E+00  0.0000E+00
     -5.484  0.0000E+00  0.0000E+00  0.0000E+00
     -5.415  0.0000E+00  0.0000E+00  0.0000E+00
     -5.346  0.0000E+00  0.0000E+00  0.0000E+00
     -5.276  0.0000E+00  0.0000E+00  0.0000E+00
     -5.207  0.0000E+00  0.0000E+00  0.0000E+00
     -5.138  0.0000E+00  0.0000E+00  0.0000E+00
     -5.068  0.9726E-01  0.1276E-01  0.3743E-01
     -4.999  0.7003E-01  0.1284E-01  0.2715E-01
     -4.930  0.6779E-01  0.1432E-01  0.2691E-01
     -4.860  0.6503E-01  0.1455E-01  0.2869E-01
     -4.791  0.6135E-01  0.1632E-01  0.3111E-01
     -4.722  0.6487E-01  0.2290E-01  0.4198E-01
     -4.652  0.7146E-01  0.2939E-01  0.5368E-01
     -4.583  0.7837E-01  0.7823E-01  0.1276E+00
     -4.514  0.8755E-01  0.4274E-01  0.5737E-01
     -4.444  0.1127E+00  0.6394E-01  0.1006E+00
     -4.375  0.7342E-01  0.5594E-01  0.7454E-01
     -4.306  0.1424E+00  0.5510E-01  0.1514E+00
     -4.236  0.1282E+00  0.4999E-01  0.1820E+00
     -4.167  0.8607E-01  0.2794E-01  0.8916E-01
     -4.098  0.3961E+00  0.1569E+00  0.4726E+00
     -4.028  0.1245E-01  0.6221E-02  0.1692E-01
     -3.959  0.7473E-01  0.3971E-01  0.8215E-01
     -3.890  0.1568E+00  0.1060E+00  0.3065E+00
     -3.820  0.7387E-01  0.2946E-01  0.8198E-01
     -3.751  0.2018E+00  0.8782E-01  0.2733E+00
     -3.682  0.6297E-01  0.4449E-01  0.1073E+00
     -3.612  0.5154E-01  0.5841E-01  0.2241E+00
     -3.543  0.7133E-01  0.5499E-01  0.2091E+00
     -3.474  0.8268E-01  0.9297E-01  0.2251E+00
     -3.404  0.5329E-01  0.4408E-01  0.1600E+00
     -3.335  0.3388E-01  0.1308E-01  0.6080E-01
     -3.266  0.9168E-01  0.8052E-01  0.2725E+00
     -3.196  0.8551E-01  0.7959E-01  0.3715E+00
     -3.127  0.7769E-01  0.6611E-01  0.3550E+00
     -3.058  0.3840E-01  0.3741E-01  0.1842E+00
     -2.988  0.6794E-01  0.5694E-01  0.3919E+00
     -2.919  0.3765E-01  0.5965E-01  0.3191E+00
     -2.850  0.6640E-01  0.7256E-01  0.4982E+00
     -2.780  0.3715E-01  0.6278E-01  0.5249E+00
     -2.711  0.9206E-01  0.5204E-01  0.6720E+00
     -2.642  0.4889E-01  0.4890E-01  0.4654E+00
     -2.572  0.3871E-01  0.5007E-01  0.3692E+00
     -2.503  0.4864E-01  0.5355E-01  0.3880E+00
     -2.433  0.4381E-01  0.5344E-01  0.3492E+00
     -2.364  0.6489E-01  0.6032E-01  0.5899E+00
     -2.295  0.4569E-01  0.3486E-01  0.3519E+00
     -2.225  0.4167E-01  0.7815E-01  0.8546E+00
     -2.156  0.1139E-01  0.2242E-01  0.3788E+00
     -2.087  0.3100E-01  0.1593E+00  0.1107E+01
     -2.017  0.7054E-01  0.1123E+00  0.1009E+01
     -1.948  0.3398E-01  0.9098E-01  0.7779E+00
     -1.879  0.4001E-01  0.1018E+00  0.9369E+00
     -1.809  0.3464E-01  0.9753E-01  0.1006E+01
     -1.740  0.3806E-01  0.9030E-01  0.7936E+00
     -1.671  0.3701E-01  0.9375E-01  0.6746E+00
     -1.601  0.3597E-01  0.1447E+00  0.1198E+01
     -1.532  0.4152E-01  0.9316E-01  0.6276E+00
     -1.463  0.2192E-01  0.9005E-01  0.6566E+00
     -1.393  0.1569E-01  0.1169E+00  0.9491E+00
     -1.324  0.4092E-01  0.1606E+00  0.1526E+01
     -1.255  0.1068E-01  0.5577E-01  0.6630E+00
     -1.185  0.9771E-02  0.1232E+00  0.1112E+01
     -1.116  0.4265E-01  0.6921E-01  0.1479E+01
     -1.047  0.9470E-02  0.3006E-01  0.5361E+00
     -0.977  0.3912E-01  0.8436E-01  0.1452E+01
     -0.908  0.2575E-01  0.6835E-01  0.1899E+01
     -0.839  0.2332E-01  0.7453E-01  0.1274E+01
     -0.769  0.2089E-01  0.6097E-01  0.1660E+01
     -0.700  0.3114E-01  0.4030E-01  0.1085E+01
     -0.631  0.3182E-01  0.1079E+00  0.2962E+01
     -0.561  0.2365E-01  0.8712E-01  0.2180E+01
     -0.492  0.8275E-02  0.4800E-01  0.9197E+00
     -0.423  0.2154E-01  0.1456E+00  0.3719E+01
     -0.353  0.7743E-02  0.7048E-01  0.2120E+01
     -0.284  0.1012E-01  0.6602E-01  0.2897E+01
     -0.215  0.1782E-01  0.9438E-01  0.2141E+01
     -0.145  0.1270E-01  0.5424E-01  0.2247E+01
     -0.076  0.2235E-01  0.6473E-01  0.2819E+01
     -0.007  0.2256E-01  0.7990E-01  0.3283E+01
      0.063  0.1703E-01  0.6608E-01  0.2654E+01
      0.132  0.2592E-01  0.1265E+00  0.5543E+01
      0.201  0.1771E-01  0.6824E-01  0.5051E+01
      0.271  0.1212E-01  0.4802E-01  0.2520E+01
      0.340  0.2094E-01  0.6442E-01  0.4155E+01
      0.409  0.7059E-02  0.1681E-01  0.1792E+01
      0.479  0.1122E-01  0.7711E-01  0.5464E+01
      0.548  0.1636E-01  0.3700E-01  0.3658E+01
      0.617  0.6712E-02  0.2710E-01  0.1750E+01
      0.687  0.1758E-01  0.5263E-01  0.2315E+01
      0.756  0.2763E-01  0.3808E-01  0.2359E+01
      0.825  0.3286E-01  0.3706E-01  0.1971E+01
      0.895  0.2460E-01  0.5952E-01  0.2082E+01
      0.964  0.2893E-01  0.5396E-01  0.1948E+01
      1.033  0.3904E-01  0.1137E+00  0.2365E+01
      1.103  0.2314E-01  0.6404E-01  0.9145E+00
      1.172  0.2181E-01  0.9546E-01  0.1838E+01
      1.241  0.1493E-01  0.4286E-01  0.9574E+00
      1.311  0.1338E-01  0.3169E-01  0.9174E+00
      1.380  0.1917E-01  0.6514E-01  0.1258E+01
      1.449  0.2007E-01  0.6763E-01  0.1355E+01
      1.519  0.2460E-01  0.2514E-01  0.8355E+00
      1.588  0.3543E-01  0.2681E-01  0.9066E+00
      1.657  0.6304E-01  0.6546E-01  0.1959E+01
      1.727  0.2988E-01  0.5885E-01  0.1411E+01
      1.796  0.3125E-01  0.8178E-01  0.1578E+01
      1.866  0.2761E-01  0.5118E-01  0.5901E+00
      1.935  0.1741E-01  0.1971E-01  0.3305E+00
      2.004  0.1147E-01  0.2202E-01  0.2614E+00
      2.074  0.1651E-01  0.7260E-01  0.5305E+00
      2.143  0.1042E-01  0.4352E-01  0.4978E+00
      2.212  0.1209E-01  0.5154E-01  0.3350E+00
      2.282  0.8782E-02  0.3404E-01  0.3042E+00
      2.351  0.1841E-01  0.5164E-01  0.4641E+00
      2.420  0.1412E-01  0.3657E-01  0.3480E+00
      2.490  0.1020E-01  0.3072E-01  0.2544E+00
      2.559  0.1184E-01  0.2808E-01  0.3457E+00
      2.628  0.2024E-01  0.4079E-01  0.5056E+00
      2.698  0.2506E-01  0.4385E-01  0.5310E+00
      2.767  0.1570E-01  0.4243E-01  0.4840E+00
      2.836  0.1787E-01  0.3597E-01  0.3422E+00
      2.906  0.2099E-01  0.4205E-01  0.4449E+00
      2.975  0.1686E-01  0.4177E-01  0.4581E+00
      3.044  0.2366E-01  0.5997E-01  0.5633E+00
      3.114  0.3089E-01  0.5292E-01  0.5816E+00
      3.183  0.2722E-01  0.4788E-01  0.4234E+00
      3.252  0.2176E-01  0.4450E-01  0.3582E+00
      3.322  0.1376E-01  0.3912E-01  0.2887E+00
      3.391  0.1968E-01  0.4237E-01  0.3021E+00
      3.460  0.2300E-01  0.4449E-01  0.3599E+00
      3.530  0.1845E-01  0.3230E-01  0.2136E+00
      3.599  0.1667E-01  0.5089E-01  0.3297E+00
      3.668  0.3313E-01  0.7791E-01  0.3548E+00
      3.738  0.3380E-01  0.5652E-01  0.2431E+00
      3.807  0.2316E-01  0.4789E-01  0.2751E+00
      3.876  0.2160E-01  0.6398E-01  0.2882E+00
      3.946  0.2146E-01  0.6669E-01  0.3349E+00
      4.015  0.2199E-01  0.7762E-01  0.4797E+00
      4.084  0.1467E-01  0.4813E-01  0.3066E+00
      4.154  0.2262E-01  0.5740E-01  0.2315E+00
      4.223  0.1916E-01  0.5320E-01  0.2066E+00
      4.292  0.1866E-01  0.4000E-01  0.1369E+00
      4.362  0.3276E-01  0.6366E-01  0.2645E+00
      4.431  0.2941E-01  0.6017E-01  0.1964E+00
      4.500  0.3176E-01  0.5622E-01  0.2413E+00
      4.570  0.3658E-01  0.7240E-01  0.2799E+00
      4.639  0.1960E-01  0.3245E-01  0.1318E+00
      4.708  0.2480E-01  0.3557E-01  0.2111E+00
      4.778  0.2738E-01  0.5013E-01  0.3008E+00
      4.847  0.1343E-01  0.3051E-01  0.1411E+00
      4.916  0.1287E-01  0.3228E-01  0.1741E+00
      4.986  0.2963E-01  0.4065E-01  0.2773E+00
      5.055  0.2761E-01  0.5779E-01  0.2653E+00
      5.124  0.4672E-01  0.6697E-01  0.5609E+00
      5.194  0.1882E-01  0.2569E-01  0.2335E+00
      5.263  0.1260E-01  0.2541E-01  0.1736E+00
      5.332  0.1461E-01  0.2739E-01  0.2257E+00
      5.402  0.1901E-01  0.3984E-01  0.2720E+00
      5.471  0.9438E-02  0.3415E-01  0.2477E+00
      5.540  0.6957E-02  0.3240E-01  0.2015E+00
      5.610  0.9179E-02  0.2821E-01  0.2094E+00
      5.679  0.7041E-02  0.3780E-01  0.2286E+00
      5.748  0.4888E-02  0.2825E-01  0.1563E+00
      5.818  0.4965E-02  0.2534E-01  0.8999E-01
      5.887  0.3988E-02  0.1574E-01  0.6439E-01
      5.956  0.8723E-02  0.1325E-01  0.7100E-01
      6.026  0.8804E-02  0.6622E-02  0.3034E-01
      6.095  0.7115E-02  0.4927E-02  0.2215E-01
      6.165  0.5026E-02  0.3500E-02  0.1011E-01
      6.234  0.7282E-02  0.5011E-02  0.1335E-01
      6.303  0.8862E-02  0.6322E-02  0.1608E-01
      6.373  0.9244E-02  0.6700E-02  0.1688E-01
      6.442  0.1228E-01  0.7660E-02  0.2002E-01
      6.511  0.7635E-02  0.4391E-02  0.1207E-01
      6.581  0.3082E-02  0.2591E-02  0.6932E-02
      6.650  0.1371E-02  0.1187E-02  0.3486E-02
      6.719  0.0000E+00  0.0000E+00  0.0000E+00
      6.789  0.0000E+00  0.0000E+00  0.0000E+00
      6.858  0.0000E+00  0.0000E+00  0.0000E+00
      6.927  0.0000E+00  0.0000E+00  0.0000E+00
      6.997  0.0000E+00  0.0000E+00  0.0000E+00
      7.066  0.0000E+00  0.0000E+00  0.0000E+00
      7.135  0.0000E+00  0.0000E+00  0.0000E+00
      7.205  0.0000E+00  0.0000E+00  0.0000E+00
      7.274  0.0000E+00  0.0000E+00  0.0000E+00
      7.343  0.0000E+00  0.0000E+00  0.0000E+00
      7.413  0.0000E+00  0.0000E+00  0.0000E+00
      7.482  0.0000E+00  0.0000E+00  0.0000E+00
      7.551  0.0000E+00  0.0000E+00  0.0000E+00
      7.621  0.0000E+00  0.0000E+00  0.0000E+00
      7.690  0.0000E+00  0.0000E+00  0.0000E+00
