    -13.112  0.0000E+00  0.0000E+00  0.0000E+00
    -13.042  0.0000E+00  0.0000E+00  0.0000E+00
    -12.973  0.0000E+00  0.0000E+00  0.0000E+00
    -12.904  0.0000E+00  0.0000E+00  0.0000E+00
    -12.834  0.0000E+00  0.0000E+00  0.0000E+00
    -12.765  0.0000E+00  0.0000E+00  0.0000E+00
    -12.696  0.0000E+00  0.0000E+00  0.0000E+00
    -12.626  0.0000E+00  0.0000E+00  0.0000E+00
    -12.557  0.0000E+00  0.0000E+00  0.0000E+00
    -12.488  0.0000E+00  0.0000E+00  0.0000E+00
    -12.418  0.0000E+00  0.0000E+00  0.0000E+00
    -12.349  0.0000E+00  0.0000E+00  0.0000E+00
    -12.280  0.0000E+00  0.0000E+00  0.0000E+00
    -12.210  0.0000E+00  0.0000E+00  0.0000E+00
    -12.141  0.0000E+00  0.0000E+00  0.0000E+00
    -12.072  0.1752E-01  0.3158E-03  0.2375E-03
    -12.002  0.2165E-01  0.6552E-03  0.3235E-03
    -11.933  0.1982E-01  0.8925E-03  0.3342E-03
    -11.864  0.2051E-01  0.1096E-02  0.3749E-03
    -11.794  0.2197E-01  0.1422E-02  0.4281E-03
    -11.725  0.1636E-01  0.1885E-02  0.4203E-03
    -11.656  0.1554E-01  0.2267E-02  0.4880E-03
    -11.586  0.1522E-01  0.2642E-02  0.5605E-03
    -11.517  0.3812E-01  0.7431E-02  0.1702E-02
    -11.448  0.1834E-01  0.4588E-02  0.1006E-02
    -11.378  0.2982E-01  0.7525E-02  0.1772E-02
    -11.309  0.5520E-01  0.9433E-02  0.2570E-02
    -11.240  0.6080E-01  0.1050E-01  0.3244E-02
    -11.170  0.1905E-01  0.5183E-02  0.1734E-02
    -11.101  0.3178E-01  0.7459E-02  0.2691E-02
    -11.032  0.3180E-01  0.9589E-02  0.3353E-02
    -10.962  0.2351E-01  0.9905E-02  0.3541E-02
    -10.893  0.2785E-01  0.1288E-01  0.4383E-02
    -10.823  0.3071E-01  0.1301E-01  0.4629E-02
    -10.754  0.2716E-01  0.1512E-01  0.5442E-02
    -10.685  0.7581E-01  0.1607E-01  0.8966E-02
    -10.615  0.4690E-01  0.1050E-01  0.5792E-02
    -10.546  0.4813E-01  0.1219E-01  0.6896E-02
    -10.477  0.5194E-01  0.1673E-01  0.8263E-02
    -10.407  0.6963E-01  0.3256E-01  0.1312E-01
    -10.338  0.6715E-01  0.5606E-01  0.2415E-01
    -10.269  0.3713E-01  0.2615E-01  0.1118E-01
    -10.199  0.4342E-01  0.5101E-01  0.2169E-01
    -10.130  0.2855E-01  0.3930E-01  0.1716E-01
    -10.061  0.9211E-01  0.4126E-01  0.2338E-01
     -9.991  0.3444E-01  0.4696E-01  0.2251E-01
     -9.922  0.2880E-01  0.4581E-01  0.2248E-01
     -9.853  0.1980E-01  0.3672E-01  0.1824E-01
     -9.783  0.1153E-01  0.2630E-01  0.1281E-01
     -9.714  0.7790E-02  0.1041E-01  0.4208E-02
     -9.645  0.6105E-02  0.9563E-02  0.3856E-02
     -9.575  0.4467E-02  0.9474E-02  0.3705E-02
     -9.506  0.3417E-02  0.9536E-02  0.3697E-02
     -9.437  0.2450E-02  0.1391E-01  0.5221E-02
     -9.367  0.9899E-03  0.8592E-02  0.3160E-02
     -9.298  0.0000E+00  0.0000E+00  0.0000E+00
     -9.229  0.3684E-03  0.9869E-02  0.1149E-02
     -9.159  0.8812E-03  0.2151E-01  0.3295E-02
     -9.090  0.1267E-02  0.2171E-01  0.3687E-02
     -9.021  0.1587E-02  0.2248E-01  0.5890E-02
     -8.951  0.3545E-02  0.2790E-01  0.1012E-01
     -8.882  0.8394E-02  0.3697E-01  0.1604E-01
     -8.813  0.3809E-01  0.6979E-01  0.3959E-01
     -8.743  0.1997E-01  0.2862E-01  0.1924E-01
     -8.674  0.2477E-01  0.2498E-01  0.1589E-01
     -8.605  0.2225E-01  0.1833E-01  0.3489E-01
     -8.535  0.1636E-01  0.1363E-01  0.2883E-01
     -8.466  0.1199E-01  0.1058E-01  0.2463E-01
     -8.397  0.5072E-01  0.2834E-01  0.4205E-01
     -8.327  0.4341E-01  0.2536E-01  0.3777E-01
     -8.258  0.4265E-01  0.2676E-01  0.4050E-01
     -8.189  0.5017E-01  0.3431E-01  0.5254E-01
     -8.119  0.4775E-01  0.3798E-01  0.6830E-01
     -8.050  0.4998E-01  0.4642E-01  0.7285E-01
     -7.981  0.4601E-01  0.5034E-01  0.7197E-01
     -7.911  0.4267E-01  0.4352E-01  0.8975E-01
     -7.842  0.3300E-01  0.2899E-01  0.7342E-01
     -7.773  0.3655E-01  0.4786E-01  0.7552E-01
     -7.703  0.2123E-01  0.2619E-01  0.3949E-01
     -7.634  0.5174E-01  0.6250E-01  0.8529E-01
     -7.565  0.1633E-01  0.3688E-01  0.2788E-01
     -7.495  0.1470E-01  0.3125E-01  0.2790E-01
     -7.426  0.1135E-01  0.5308E-01  0.4806E-01
     -7.357  0.5412E-02  0.1190E-01  0.9916E-02
     -7.287  0.8322E-02  0.1701E-01  0.1992E-01
     -7.218  0.8185E-02  0.1024E-01  0.1591E-01
     -7.149  0.4558E-02  0.8811E-02  0.1533E-01
     -7.079  0.1893E-02  0.7676E-02  0.1407E-01
     -7.010  0.6166E-03  0.3145E-02  0.4789E-02
     -6.941  0.0000E+00  0.0000E+00  0.0000E+00
     -6.871  0.0000E+00  0.0000E+00  0.0000E+00
     -6.802  0.0000E+00  0.0000E+00  0.0000E+00
     -6.732  0.0000E+00  0.0000E+00  0.0000E+00
     -6.663  0.0000E+00  0.0000E+00  0.0000E+00
     -6.594  0.0000E+00  0.0000E+00  0.0000E+00
     -6.524  0.0000E+00  0.0000E+00  0.0000E+00
     -6.455  0.0000E+00  0.0000E+00  0.0000E+00
     -6.386  0.0000E+00  0.0000E+00  0.0000E+00
     -6.316  0.0000E+00  0.0000E+00  0.0000E+00
     -6.247  0.0000E+00  0.0000E+00  0.0000E+00
     -6.178  0.0000E+00  0.0000E+00  0.0000E+00
     -6.108  0.0000E+00  0.0000E+00  0.0000E+00
     -6.039  0.0000E+00  0.0000E+00  0.0000E+00
     -5.970  0.0000E+00  0.0000E+00  0.0000E+00
     -5.900  0.0000E+00  0.0000E+00  0.0000E+00
     -5.831  0.0000E+00  0.0000E+00  0.0000E+00
     -5.762  0.0000E+00  0.0000E+00  0.0000E+00
     -5.692  0.0000E+00  0.0000E+00  0.0000E+00
     -5.623  0.0000E+00  0.0000E+00  0.0000E+00
     -5.554  0.0000E+00  0.0000E+00  0.0000E+00
     -5.484  0.0000E+00  0.0000E+00  0.0000E+00
     -5.415  0.0000E+00  0.0000E+00  0.0000E+00
     -5.346  0.0000E+00  0.0000E+00  0.0000E+00
     -5.276  0.0000E+00  0.0000E+00  0.0000E+00
     -5.207  0.0000E+00  0.0000E+00  0.0000E+00
     -5.138  0.0000E+00  0.0000E+00  0.0000E+00
     -5.068  0.2103E-01  0.5163E-02  0.1798E-01
     -4.999  0.1907E-01  0.5860E-02  0.1225E-01
     -4.930  0.2292E-01  0.7506E-02  0.1210E-01
     -4.860  0.6485E-01  0.1083E-01  0.2679E-01
     -4.791  0.7946E-01  0.1237E-01  0.3265E-01
     -4.722  0.8903E-01  0.1748E-01  0.3673E-01
     -4.652  0.1113E+00  0.2321E-01  0.4659E-01
     -4.583  0.2715E+00  0.5987E-01  0.1167E+00
     -4.514  0.1329E+00  0.3668E-01  0.7241E-01
     -4.444  0.3061E+00  0.5544E-01  0.1620E+00
     -4.375  0.1507E+00  0.4329E-01  0.7017E-01
     -4.306  0.1419E+00  0.6352E-01  0.1557E+00
     -4.236  0.1559E+00  0.6135E-01  0.1742E+00
     -4.167  0.4363E-01  0.3671E-01  0.7917E-01
     -4.098  0.2156E+00  0.1802E+00  0.4412E+00
     -4.028  0.2200E-01  0.9035E-02  0.1691E-01
     -3.959  0.6836E-01  0.3101E-01  0.1075E+00
     -3.890  0.1601E+00  0.7827E-01  0.2853E+00
     -3.820  0.3917E-01  0.2388E-01  0.8568E-01
     -3.751  0.1471E+00  0.9861E-01  0.3386E+00
     -3.682  0.6160E-01  0.3987E-01  0.1380E+00
     -3.612  0.8965E-01  0.5827E-01  0.2336E+00
     -3.543  0.6862E-01  0.5638E-01  0.1930E+00
     -3.474  0.9668E-01  0.8235E-01  0.3279E+00
     -3.404  0.3154E-01  0.3525E-01  0.2411E+00
     -3.335  0.7345E-02  0.9310E-02  0.4002E-01
     -3.266  0.4669E-01  0.6092E-01  0.2628E+00
     -3.196  0.6370E-01  0.5709E-01  0.3448E+00
     -3.127  0.7062E-01  0.5805E-01  0.2866E+00
     -3.058  0.2197E-01  0.3047E-01  0.1468E+00
     -2.988  0.6264E-01  0.5389E-01  0.2779E+00
     -2.919  0.4402E-01  0.5044E-01  0.2111E+00
     -2.850  0.9791E-01  0.6870E-01  0.3484E+00
     -2.780  0.4457E-01  0.6232E-01  0.3068E+00
     -2.711  0.4442E-01  0.6364E-01  0.2787E+00
     -2.642  0.9640E-01  0.7651E-01  0.3414E+00
     -2.572  0.4841E-01  0.5662E-01  0.3444E+00
     -2.503  0.8123E-01  0.5844E-01  0.4107E+00
     -2.433  0.5059E-01  0.4984E-01  0.5942E+00
     -2.364  0.9854E-01  0.9237E-01  0.9002E+00
     -2.295  0.4871E-01  0.5557E-01  0.5016E+00
     -2.225  0.6461E-01  0.5933E-01  0.8119E+00
     -2.156  0.2884E-01  0.2721E-01  0.2861E+00
     -2.087  0.6406E-01  0.1426E+00  0.1128E+01
     -2.017  0.8004E-01  0.1318E+00  0.1825E+01
     -1.948  0.5023E-01  0.9195E-01  0.9358E+00
     -1.879  0.3780E-01  0.8391E-01  0.7786E+00
     -1.809  0.3041E-01  0.1393E+00  0.9233E+00
     -1.740  0.3358E-01  0.7087E-01  0.1109E+01
     -1.671  0.2501E-01  0.9916E-01  0.1069E+01
     -1.601  0.6868E-01  0.1966E+00  0.1395E+01
     -1.532  0.2710E-01  0.1211E+00  0.8280E+00
     -1.463  0.7976E-01  0.2001E+00  0.1911E+01
     -1.393  0.4428E-01  0.1191E+00  0.1444E+01
     -1.324  0.3905E-01  0.1097E+00  0.1553E+01
     -1.255  0.1776E-01  0.6212E-01  0.6798E+00
     -1.185  0.3184E-01  0.9926E-01  0.8952E+00
     -1.116  0.2234E-01  0.1140E+00  0.1066E+01
     -1.047  0.8410E-02  0.5899E-01  0.4217E+00
     -0.977  0.1776E-01  0.8056E-01  0.1465E+01
     -0.908  0.2128E-01  0.1609E+00  0.3194E+01
     -0.839  0.2522E-01  0.1373E+00  0.1896E+01
     -0.769  0.2007E-01  0.1220E+00  0.1631E+01
     -0.700  0.1535E-01  0.1531E+00  0.1778E+01
     -0.631  0.1486E-01  0.1246E+00  0.2625E+01
     -0.561  0.1081E-01  0.9194E-01  0.1649E+01
     -0.492  0.6370E-02  0.2350E-01  0.6834E+00
     -0.423  0.1724E-01  0.7713E-01  0.2379E+01
     -0.353  0.1695E-01  0.6425E-01  0.1496E+01
     -0.284  0.1677E-01  0.6491E-01  0.2497E+01
     -0.215  0.1967E-01  0.6455E-01  0.3328E+01
     -0.145  0.2153E-01  0.3655E-01  0.2365E+01
     -0.076  0.2506E-01  0.4705E-01  0.2691E+01
     -0.007  0.2178E-01  0.4618E-01  0.3720E+01
      0.063  0.8322E-02  0.3365E-01  0.1789E+01
      0.132  0.3615E-01  0.6176E-01  0.6446E+01
      0.201  0.2111E-01  0.8898E-01  0.5578E+01
      0.271  0.5757E-02  0.3337E-01  0.1784E+01
      0.340  0.1992E-01  0.9240E-01  0.4385E+01
      0.409  0.6181E-02  0.2474E-01  0.1481E+01
      0.479  0.1401E-01  0.5629E-01  0.3940E+01
      0.548  0.9029E-02  0.4094E-01  0.1867E+01
      0.617  0.1196E-01  0.3358E-01  0.1915E+01
      0.687  0.2946E-01  0.5825E-01  0.2911E+01
      0.756  0.2991E-01  0.7488E-01  0.3458E+01
      0.825  0.1356E-01  0.4599E-01  0.1908E+01
      0.895  0.1329E-01  0.7358E-01  0.2654E+01
      0.964  0.1793E-01  0.7532E-01  0.1640E+01
      1.033  0.2043E-01  0.1201E+00  0.2251E+01
      1.103  0.1043E-01  0.6558E-01  0.9401E+00
      1.172  0.3876E-01  0.8631E-01  0.1740E+01
      1.241  0.1745E-01  0.5275E-01  0.7323E+00
      1.311  0.1518E-01  0.2702E-01  0.4994E+00
      1.380  0.2045E-01  0.8706E-01  0.1275E+01
      1.449  0.1659E-01  0.5537E-01  0.8966E+00
      1.519  0.6613E-02  0.5130E-01  0.7111E+00
      1.588  0.1387E-01  0.4666E-01  0.6507E+00
      1.657  0.4246E-01  0.7952E-01  0.1135E+01
      1.727  0.3015E-01  0.8267E-01  0.9745E+00
      1.796  0.4365E-01  0.9883E-01  0.9711E+00
      1.866  0.1912E-01  0.7511E-01  0.5047E+00
      1.935  0.1354E-01  0.2596E-01  0.4956E+00
      2.004  0.8062E-02  0.2961E-01  0.3584E+00
      2.074  0.1242E-01  0.7578E-01  0.7124E+00
      2.143  0.1058E-01  0.7637E-01  0.5738E+00
      2.212  0.5998E-02  0.4309E-01  0.3500E+00
      2.282  0.5045E-02  0.3279E-01  0.3204E+00
      2.351  0.1150E-01  0.4882E-01  0.4253E+00
      2.420  0.1121E-01  0.3140E-01  0.2817E+00
      2.490  0.7647E-02  0.2689E-01  0.2658E+00
      2.559  0.1396E-01  0.2887E-01  0.2619E+00
      2.628  0.1774E-01  0.4350E-01  0.3794E+00
      2.698  0.2776E-01  0.5821E-01  0.5711E+00
      2.767  0.2375E-01  0.4181E-01  0.4329E+00
      2.836  0.1576E-01  0.3386E-01  0.3479E+00
      2.906  0.1197E-01  0.4077E-01  0.4436E+00
      2.975  0.1456E-01  0.4359E-01  0.4714E+00
      3.044  0.2275E-01  0.5508E-01  0.5467E+00
      3.114  0.2871E-01  0.6881E-01  0.6864E+00
      3.183  0.2057E-01  0.6477E-01  0.5966E+00
      3.252  0.1218E-01  0.5585E-01  0.4852E+00
      3.322  0.1480E-01  0.5014E-01  0.3464E+00
      3.391  0.1359E-01  0.4218E-01  0.2962E+00
      3.460  0.1232E-01  0.3693E-01  0.3886E+00
      3.530  0.9842E-02  0.3136E-01  0.3164E+00
      3.599  0.1068E-01  0.4052E-01  0.3577E+00
      3.668  0.1410E-01  0.6024E-01  0.5315E+00
      3.738  0.8893E-02  0.3496E-01  0.3028E+00
      3.807  0.8882E-02  0.3742E-01  0.3132E+00
      3.876  0.9527E-02  0.3978E-01  0.2885E+00
      3.946  0.1609E-01  0.4425E-01  0.3718E+00
      4.015  0.3166E-01  0.6796E-01  0.4403E+00
      4.084  0.2683E-01  0.4503E-01  0.3612E+00
      4.154  0.1470E-01  0.4286E-01  0.3596E+00
      4.223  0.1510E-01  0.3528E-01  0.2889E+00
      4.292  0.1331E-01  0.2950E-01  0.2755E+00
      4.362  0.2490E-01  0.3825E-01  0.3277E+00
      4.431  0.2254E-01  0.4194E-01  0.3571E+00
      4.500  0.2618E-01  0.3670E-01  0.3611E+00
      4.570  0.6514E-01  0.3536E-01  0.4652E+00
      4.639  0.1241E-01  0.2098E-01  0.1696E+00
      4.708  0.1645E-01  0.2681E-01  0.2040E+00
      4.778  0.2176E-01  0.2975E-01  0.2314E+00
      4.847  0.9602E-02  0.1771E-01  0.1051E+00
      4.916  0.7925E-02  0.1889E-01  0.1277E+00
      4.986  0.1967E-01  0.2609E-01  0.2076E+00
      5.055  0.1847E-01  0.2800E-01  0.1816E+00
      5.124  0.3188E-01  0.6211E-01  0.3520E+00
      5.194  0.9860E-02  0.2853E-01  0.1415E+00
      5.263  0.9836E-02  0.1757E-01  0.1031E+00
      5.332  0.1279E-01  0.2586E-01  0.1304E+00
      5.402  0.1232E-01  0.2576E-01  0.1473E+00
      5.471  0.1360E-01  0.2136E-01  0.1659E+00
      5.540  0.8965E-02  0.1810E-01  0.1442E+00
      5.610  0.1490E-01  0.2225E-01  0.1519E+00
      5.679  0.1262E-01  0.2430E-01  0.1554E+00
      5.748  0.9797E-02  0.2107E-01  0.1237E+00
      5.818  0.8462E-02  0.2326E-01  0.1321E+00
      5.887  0.7713E-02  0.1784E-01  0.8866E-01
      5.956  0.1416E-01  0.1948E-01  0.1192E+00
      6.026  0.1163E-01  0.7986E-02  0.4329E-01
      6.095  0.9918E-02  0.5392E-02  0.3057E-01
      6.165  0.6585E-02  0.3345E-02  0.1287E-01
      6.234  0.9511E-02  0.4213E-02  0.1634E-01
      6.303  0.1170E-01  0.4875E-02  0.1835E-01
      6.373  0.1289E-01  0.4848E-02  0.1795E-01
      6.442  0.1308E-01  0.5389E-02  0.2018E-01
      6.511  0.6210E-02  0.3405E-02  0.1215E-01
      6.581  0.2325E-02  0.1948E-02  0.6465E-02
      6.650  0.1060E-02  0.8570E-03  0.2962E-02
      6.719  0.0000E+00  0.0000E+00  0.0000E+00
      6.789  0.0000E+00  0.0000E+00  0.0000E+00
      6.858  0.0000E+00  0.0000E+00  0.0000E+00
      6.927  0.0000E+00  0.0000E+00  0.0000E+00
      6.997  0.0000E+00  0.0000E+00  0.0000E+00
      7.066  0.0000E+00  0.0000E+00  0.0000E+00
      7.135  0.0000E+00  0.0000E+00  0.0000E+00
      7.205  0.0000E+00  0.0000E+00  0.0000E+00
      7.274  0.0000E+00  0.0000E+00  0.0000E+00
      7.343  0.0000E+00  0.0000E+00  0.0000E+00
      7.413  0.0000E+00  0.0000E+00  0.0000E+00
      7.482  0.0000E+00  0.0000E+00  0.0000E+00
      7.551  0.0000E+00  0.0000E+00  0.0000E+00
      7.621  0.0000E+00  0.0000E+00  0.0000E+00
      7.690  0.0000E+00  0.0000E+00  0.0000E+00
