    -13.112  0.0000E+00  0.0000E+00  0.0000E+00
    -13.042  0.0000E+00  0.0000E+00  0.0000E+00
    -12.973  0.0000E+00  0.0000E+00  0.0000E+00
    -12.904  0.0000E+00  0.0000E+00  0.0000E+00
    -12.834  0.0000E+00  0.0000E+00  0.0000E+00
    -12.765  0.0000E+00  0.0000E+00  0.0000E+00
    -12.696  0.0000E+00  0.0000E+00  0.0000E+00
    -12.626  0.0000E+00  0.0000E+00  0.0000E+00
    -12.557  0.0000E+00  0.0000E+00  0.0000E+00
    -12.488  0.0000E+00  0.0000E+00  0.0000E+00
    -12.418  0.0000E+00  0.0000E+00  0.0000E+00
    -12.349  0.0000E+00  0.0000E+00  0.0000E+00
    -12.280  0.0000E+00  0.0000E+00  0.0000E+00
    -12.210  0.0000E+00  0.0000E+00  0.0000E+00
    -12.141  0.0000E+00  0.0000E+00  0.0000E+00
    -12.072  0.2697E-02  0.1598E-03  0.5558E-04
    -12.002  0.3302E-02  0.2389E-03  0.7403E-04
    -11.933  0.2839E-02  0.2610E-03  0.7286E-04
    -11.864  0.2651E-02  0.2927E-03  0.7634E-04
    -11.794  0.2851E-02  0.3457E-03  0.9105E-04
    -11.725  0.2746E-02  0.3751E-03  0.9836E-04
    -11.656  0.2511E-02  0.4179E-03  0.1044E-03
    -11.586  0.2336E-02  0.4562E-03  0.1102E-03
    -11.517  0.4153E-01  0.1519E-02  0.1440E-02
    -11.448  0.1425E-01  0.1206E-02  0.5601E-03
    -11.378  0.3236E-01  0.2333E-02  0.1272E-02
    -11.309  0.4726E-01  0.3894E-02  0.1882E-02
    -11.240  0.5296E-01  0.5556E-02  0.2285E-02
    -11.170  0.2305E-01  0.2809E-02  0.1291E-02
    -11.101  0.3083E-01  0.4663E-02  0.1782E-02
    -11.032  0.3006E-01  0.6166E-02  0.2116E-02
    -10.962  0.2380E-01  0.7398E-02  0.2131E-02
    -10.893  0.2633E-01  0.9213E-02  0.2677E-02
    -10.823  0.3049E-01  0.7397E-02  0.2799E-02
    -10.754  0.2526E-01  0.1025E-01  0.3356E-02
    -10.685  0.7847E-01  0.1720E-01  0.1097E-01
    -10.615  0.5207E-01  0.1030E-01  0.7721E-02
    -10.546  0.5699E-01  0.1293E-01  0.8598E-02
    -10.477  0.5519E-01  0.1850E-01  0.1135E-01
    -10.407  0.5608E-01  0.3315E-01  0.1298E-01
    -10.338  0.7354E-01  0.3688E-01  0.1565E-01
    -10.269  0.3362E-01  0.1920E-01  0.1068E-01
    -10.199  0.3978E-01  0.2536E-01  0.1284E-01
    -10.130  0.3133E-01  0.2936E-01  0.1578E-01
    -10.061  0.1252E+00  0.5769E-01  0.3264E-01
     -9.991  0.6979E-01  0.9043E-01  0.4480E-01
     -9.922  0.4449E-01  0.6900E-01  0.3520E-01
     -9.853  0.3483E-01  0.6380E-01  0.3149E-01
     -9.783  0.2582E-01  0.6041E-01  0.2999E-01
     -9.714  0.1493E-01  0.2936E-01  0.1874E-01
     -9.645  0.1077E-01  0.2397E-01  0.1579E-01
     -9.575  0.6286E-02  0.1961E-01  0.1120E-01
     -9.506  0.4713E-02  0.1697E-01  0.1070E-01
     -9.437  0.3375E-02  0.2001E-01  0.1421E-01
     -9.367  0.1414E-02  0.1158E-01  0.8419E-02
     -9.298  0.0000E+00  0.0000E+00  0.0000E+00
     -9.229  0.7130E-04  0.2541E-02  0.6622E-03
     -9.159  0.1488E-03  0.5582E-02  0.1628E-02
     -9.090  0.1135E-03  0.4827E-02  0.1799E-02
     -9.021  0.1432E-03  0.5871E-02  0.2263E-02
     -8.951  0.5831E-03  0.6722E-02  0.2915E-02
     -8.882  0.1554E-02  0.7110E-02  0.3591E-02
     -8.813  0.6629E-02  0.1007E-01  0.5407E-02
     -8.743  0.2947E-02  0.4657E-02  0.1780E-02
     -8.674  0.1848E-02  0.1358E-02  0.9206E-03
     -8.605  0.3324E-02  0.1974E-02  0.3436E-02
     -8.535  0.2532E-02  0.1592E-02  0.2875E-02
     -8.466  0.1754E-02  0.1242E-02  0.2384E-02
     -8.397  0.1372E-01  0.8355E-02  0.7372E-02
     -8.327  0.1122E-01  0.7928E-02  0.6958E-02
     -8.258  0.1118E-01  0.8679E-02  0.7696E-02
     -8.189  0.1264E-01  0.1162E-01  0.1024E-01
     -8.119  0.1247E-01  0.1376E-01  0.1213E-01
     -8.050  0.1710E-01  0.1675E-01  0.1376E-01
     -7.981  0.1756E-01  0.2059E-01  0.1363E-01
     -7.911  0.1710E-01  0.2936E-01  0.1570E-01
     -7.842  0.1246E-01  0.2672E-01  0.1045E-01
     -7.773  0.1601E+00  0.8227E-01  0.8497E-01
     -7.703  0.4577E-01  0.3937E-01  0.4371E-01
     -7.634  0.1738E+00  0.1169E+00  0.1256E+00
     -7.565  0.8740E-01  0.6802E-01  0.1069E+00
     -7.495  0.7778E-01  0.5964E-01  0.9875E-01
     -7.426  0.4089E-01  0.4718E-01  0.8628E-01
     -7.357  0.2971E-01  0.3407E-01  0.5442E-01
     -7.287  0.3973E-01  0.5574E-01  0.9616E-01
     -7.218  0.2525E-01  0.5330E-01  0.1125E+00
     -7.149  0.1609E-01  0.5236E-01  0.9096E-01
     -7.079  0.9680E-02  0.5906E-01  0.7520E-01
     -7.010  0.4821E-02  0.6071E-01  0.4238E-01
     -6.941  0.0000E+00  0.0000E+00  0.0000E+00
     -6.871  0.0000E+00  0.0000E+00  0.0000E+00
     -6.802  0.0000E+00  0.0000E+00  0.0000E+00
     -6.732  0.0000E+00  0.0000E+00  0.0000E+00
     -6.663  0.0000E+00  0.0000E+00  0.0000E+00
     -6.594  0.0000E+00  0.0000E+00  0.0000E+00
     -6.524  0.0000E+00  0.0000E+00  0.0000E+00
     -6.455  0.0000E+00  0.0000E+00  0.0000E+00
     -6.386  0.0000E+00  0.0000E+00  0.0000E+00
     -6.316  0.0000E+00  0.0000E+00  0.0000E+00
     -6.247  0.0000E+00  0.0000E+00  0.0000E+00
     -6.178  0.0000E+00  0.0000E+00  0.0000E+00
     -6.108  0.0000E+00  0.0000E+00  0.0000E+00
     -6.039  0.0000E+00  0.0000E+00  0.0000E+00
     -5.970  0.0000E+00  0.0000E+00  0.0000E+00
     -5.900  0.0000E+00  0.0000E+00  0.0000E+00
     -5.831  0.0000E+00  0.0000E+00  0.0000E+00
     -5.762  0.0000E+00  0.0000E+00  0.0000E+00
     -5.692  0.0000E+00  0.0000E+00  0.0000E+00
     -5.623  0.0000E+00  0.0000E+00  0.0000E+00
     -5.554  0.0000E+00  0.0000E+00  0.0000E+00
     -5.484  0.0000E+00  0.0000E+00  0.0000E+00
     -5.415  0.0000E+00  0.0000E+00  0.0000E+00
     -5.346  0.0000E+00  0.0000E+00  0.0000E+00
     -5.276  0.0000E+00  0.0000E+00  0.0000E+00
     -5.207  0.0000E+00  0.0000E+00  0.0000E+00
     -5.138  0.0000E+00  0.0000E+00  0.0000E+00
     -5.068  0.7693E-03  0.6613E-03  0.1440E-02
     -4.999  0.1478E-02  0.8981E-03  0.1556E-02
     -4.930  0.4243E-02  0.1440E-02  0.2997E-02
     -4.860  0.2434E-01  0.5075E-02  0.1542E-01
     -4.791  0.2776E-01  0.7084E-02  0.1808E-01
     -4.722  0.2715E-01  0.1012E-01  0.1885E-01
     -4.652  0.3226E-01  0.1397E-01  0.2352E-01
     -4.583  0.5138E-01  0.3763E-01  0.5648E-01
     -4.514  0.5976E-01  0.1882E-01  0.4002E-01
     -4.444  0.6857E-01  0.3134E-01  0.5812E-01
     -4.375  0.1633E+00  0.1959E-01  0.5128E-01
     -4.306  0.1934E+00  0.2700E-01  0.7960E-01
     -4.236  0.1939E+00  0.3073E-01  0.7882E-01
     -4.167  0.4975E-01  0.1510E-01  0.3310E-01
     -4.098  0.1905E+00  0.7299E-01  0.2215E+00
     -4.028  0.8658E-02  0.6441E-02  0.1338E-01
     -3.959  0.5577E-01  0.2462E-01  0.7060E-01
     -3.890  0.1755E+00  0.6871E-01  0.1700E+00
     -3.820  0.4472E-01  0.1579E-01  0.5595E-01
     -3.751  0.2155E+00  0.7000E-01  0.3462E+00
     -3.682  0.8838E-01  0.3922E-01  0.9551E-01
     -3.612  0.1176E+00  0.4493E-01  0.1723E+00
     -3.543  0.1303E+00  0.6185E-01  0.1951E+00
     -3.474  0.1471E+00  0.5731E-01  0.2618E+00
     -3.404  0.9799E-01  0.3298E-01  0.1277E+00
     -3.335  0.2284E-01  0.1430E-01  0.5137E-01
     -3.266  0.1410E+00  0.7337E-01  0.2795E+00
     -3.196  0.1267E+00  0.6455E-01  0.2975E+00
     -3.127  0.8251E-01  0.5768E-01  0.2639E+00
     -3.058  0.3176E-01  0.4097E-01  0.1366E+00
     -2.988  0.5734E-01  0.7305E-01  0.2153E+00
     -2.919  0.3918E-01  0.4223E-01  0.1680E+00
     -2.850  0.5671E-01  0.7943E-01  0.2669E+00
     -2.780  0.6293E-01  0.6100E-01  0.2421E+00
     -2.711  0.1016E+00  0.8047E-01  0.2316E+00
     -2.642  0.1508E+00  0.1100E+00  0.5114E+00
     -2.572  0.6525E-01  0.5528E-01  0.4216E+00
     -2.503  0.8797E-01  0.8239E-01  0.4239E+00
     -2.433  0.5247E-01  0.6562E-01  0.4562E+00
     -2.364  0.7144E-01  0.9337E-01  0.5950E+00
     -2.295  0.4118E-01  0.4691E-01  0.3936E+00
     -2.225  0.4882E-01  0.7990E-01  0.8391E+00
     -2.156  0.1684E-01  0.2944E-01  0.2458E+00
     -2.087  0.3347E-01  0.8848E-01  0.1208E+01
     -2.017  0.1009E+00  0.1595E+00  0.1343E+01
     -1.948  0.2363E-01  0.7116E-01  0.9093E+00
     -1.879  0.2535E-01  0.7240E-01  0.9450E+00
     -1.809  0.3460E-01  0.9201E-01  0.1012E+01
     -1.740  0.3400E-01  0.6790E-01  0.1026E+01
     -1.671  0.2927E-01  0.1259E+00  0.1166E+01
     -1.601  0.3937E-01  0.2696E+00  0.1934E+01
     -1.532  0.2486E-01  0.1317E+00  0.1317E+01
     -1.463  0.2404E-01  0.1652E+00  0.1269E+01
     -1.393  0.2004E-01  0.1145E+00  0.8521E+00
     -1.324  0.2248E-01  0.1979E+00  0.1551E+01
     -1.255  0.8045E-02  0.7511E-01  0.6152E+00
     -1.185  0.9586E-02  0.5648E-01  0.6706E+00
     -1.116  0.3156E-01  0.3750E-01  0.8142E+00
     -1.047  0.2062E-01  0.1812E-01  0.6684E+00
     -0.977  0.1305E-01  0.4319E-01  0.6972E+00
     -0.908  0.5240E-01  0.7763E-01  0.2353E+01
     -0.839  0.4462E-01  0.7413E-01  0.1838E+01
     -0.769  0.4246E-01  0.1060E+00  0.1938E+01
     -0.700  0.5507E-01  0.1715E+00  0.3004E+01
     -0.631  0.4587E-01  0.2256E+00  0.3769E+01
     -0.561  0.1898E-01  0.1352E+00  0.1921E+01
     -0.492  0.9741E-02  0.2762E-01  0.9095E+00
     -0.423  0.1922E-01  0.7492E-01  0.1800E+01
     -0.353  0.2548E-01  0.6191E-01  0.1694E+01
     -0.284  0.2330E-01  0.9550E-01  0.2608E+01
     -0.215  0.2246E-01  0.5768E-01  0.2434E+01
     -0.145  0.1410E-01  0.4821E-01  0.1713E+01
     -0.076  0.2264E-01  0.5196E-01  0.1634E+01
     -0.007  0.2397E-01  0.6912E-01  0.2563E+01
      0.063  0.1829E-01  0.4905E-01  0.1732E+01
      0.132  0.3841E-01  0.8184E-01  0.6300E+01
      0.201  0.3335E-01  0.9327E-01  0.6235E+01
      0.271  0.8721E-02  0.3150E-01  0.1935E+01
      0.340  0.1602E-01  0.6285E-01  0.4441E+01
      0.409  0.5783E-02  0.2121E-01  0.1455E+01
      0.479  0.2503E-01  0.9188E-01  0.4390E+01
      0.548  0.1409E-01  0.4573E-01  0.2738E+01
      0.617  0.1548E-01  0.3626E-01  0.3228E+01
      0.687  0.1803E-01  0.7377E-01  0.3732E+01
      0.756  0.2251E-01  0.7325E-01  0.3704E+01
      0.825  0.1507E-01  0.3363E-01  0.1461E+01
      0.895  0.2684E-01  0.6554E-01  0.2121E+01
      0.964  0.2361E-01  0.5147E-01  0.1981E+01
      1.033  0.2376E-01  0.5445E-01  0.1641E+01
      1.103  0.8795E-02  0.5135E-01  0.9910E+00
      1.172  0.3223E-01  0.1205E+00  0.2060E+01
      1.241  0.2298E-01  0.8097E-01  0.1354E+01
      1.311  0.1814E-01  0.5812E-01  0.9544E+00
      1.380  0.2733E-01  0.7131E-01  0.1402E+01
      1.449  0.1654E-01  0.7681E-01  0.9935E+00
      1.519  0.2627E-01  0.3636E-01  0.6956E+00
      1.588  0.2372E-01  0.9094E-01  0.8119E+00
      1.657  0.4115E-01  0.1092E+00  0.1182E+01
      1.727  0.2872E-01  0.1002E+00  0.1118E+01
      1.796  0.2069E-01  0.1454E+00  0.1955E+01
      1.866  0.2708E-01  0.6530E-01  0.8941E+00
      1.935  0.8360E-02  0.3146E-01  0.6048E+00
      2.004  0.1134E-01  0.3924E-01  0.3500E+00
      2.074  0.2985E-01  0.1256E+00  0.1054E+01
      2.143  0.1368E-01  0.9012E-01  0.8394E+00
      2.212  0.9468E-02  0.4779E-01  0.4194E+00
      2.282  0.6221E-02  0.6546E-01  0.3213E+00
      2.351  0.1745E-01  0.9099E-01  0.6168E+00
      2.420  0.1064E-01  0.4299E-01  0.3314E+00
      2.490  0.5074E-02  0.3334E-01  0.2900E+00
      2.559  0.4525E-02  0.2943E-01  0.2418E+00
      2.628  0.1348E-01  0.3181E-01  0.2626E+00
      2.698  0.1061E-01  0.4861E-01  0.4086E+00
      2.767  0.9605E-02  0.4193E-01  0.3225E+00
      2.836  0.9495E-02  0.3571E-01  0.3020E+00
      2.906  0.1354E-01  0.4233E-01  0.3527E+00
      2.975  0.1257E-01  0.3497E-01  0.3189E+00
      3.044  0.2090E-01  0.5933E-01  0.4963E+00
      3.114  0.2177E-01  0.8129E-01  0.6383E+00
      3.183  0.1936E-01  0.6724E-01  0.5636E+00
      3.252  0.1379E-01  0.5008E-01  0.4747E+00
      3.322  0.1043E-01  0.4439E-01  0.3739E+00
      3.391  0.1192E-01  0.3856E-01  0.3550E+00
      3.460  0.1273E-01  0.3801E-01  0.3677E+00
      3.530  0.9719E-02  0.2972E-01  0.3094E+00
      3.599  0.1122E-01  0.4429E-01  0.3777E+00
      3.668  0.1498E-01  0.8431E-01  0.6436E+00
      3.738  0.9472E-02  0.3932E-01  0.3056E+00
      3.807  0.8889E-02  0.3474E-01  0.3651E+00
      3.876  0.7575E-02  0.2670E-01  0.2579E+00
      3.946  0.9417E-02  0.3287E-01  0.2445E+00
      4.015  0.2503E-01  0.5810E-01  0.4812E+00
      4.084  0.1530E-01  0.4460E-01  0.3616E+00
      4.154  0.1607E-01  0.5080E-01  0.3867E+00
      4.223  0.1153E-01  0.3560E-01  0.3182E+00
      4.292  0.1098E-01  0.3130E-01  0.2527E+00
      4.362  0.1085E-01  0.2994E-01  0.2845E+00
      4.431  0.1403E-01  0.5647E-01  0.3932E+00
      4.500  0.1523E-01  0.4630E-01  0.3226E+00
      4.570  0.1155E-01  0.3552E-01  0.2988E+00
      4.639  0.4298E-02  0.2199E-01  0.1733E+00
      4.708  0.9483E-02  0.2051E-01  0.2625E+00
      4.778  0.9887E-02  0.2303E-01  0.2397E+00
      4.847  0.4577E-02  0.1263E-01  0.1191E+00
      4.916  0.6288E-02  0.1257E-01  0.9438E-01
      4.986  0.9662E-02  0.1990E-01  0.1273E+00
      5.055  0.7842E-02  0.1740E-01  0.1169E+00
      5.124  0.9589E-02  0.3524E-01  0.2609E+00
      5.194  0.4206E-02  0.2001E-01  0.1259E+00
      5.263  0.3288E-02  0.1739E-01  0.1301E+00
      5.332  0.4737E-02  0.2687E-01  0.2068E+00
      5.402  0.6843E-02  0.2122E-01  0.1484E+00
      5.471  0.9902E-02  0.2209E-01  0.1457E+00
      5.540  0.1257E-01  0.2492E-01  0.1522E+00
      5.610  0.1234E-01  0.2476E-01  0.1900E+00
      5.679  0.1951E-01  0.3045E-01  0.2258E+00
      5.748  0.8373E-02  0.2603E-01  0.2126E+00
      5.818  0.1664E-01  0.1751E-01  0.1693E+00
      5.887  0.1899E-01  0.1481E-01  0.9981E-01
      5.956  0.2743E-01  0.1827E-01  0.1059E+00
      6.026  0.1325E-01  0.9160E-02  0.4447E-01
      6.095  0.1230E-01  0.9335E-02  0.2374E-01
      6.165  0.6003E-02  0.5789E-02  0.1269E-01
      6.234  0.8651E-02  0.7774E-02  0.1659E-01
      6.303  0.1167E-01  0.8970E-02  0.1916E-01
      6.373  0.1313E-01  0.8820E-02  0.1844E-01
      6.442  0.2417E-01  0.9896E-02  0.2199E-01
      6.511  0.1557E-01  0.6440E-02  0.1371E-01
      6.581  0.5044E-02  0.2787E-02  0.4604E-02
      6.650  0.2832E-02  0.1209E-02  0.2148E-02
      6.719  0.0000E+00  0.0000E+00  0.0000E+00
      6.789  0.0000E+00  0.0000E+00  0.0000E+00
      6.858  0.0000E+00  0.0000E+00  0.0000E+00
      6.927  0.0000E+00  0.0000E+00  0.0000E+00
      6.997  0.0000E+00  0.0000E+00  0.0000E+00
      7.066  0.0000E+00  0.0000E+00  0.0000E+00
      7.135  0.0000E+00  0.0000E+00  0.0000E+00
      7.205  0.0000E+00  0.0000E+00  0.0000E+00
      7.274  0.0000E+00  0.0000E+00  0.0000E+00
      7.343  0.0000E+00  0.0000E+00  0.0000E+00
      7.413  0.0000E+00  0.0000E+00  0.0000E+00
      7.482  0.0000E+00  0.0000E+00  0.0000E+00
      7.551  0.0000E+00  0.0000E+00  0.0000E+00
      7.621  0.0000E+00  0.0000E+00  0.0000E+00
      7.690  0.0000E+00  0.0000E+00  0.0000E+00
