    -13.112  0.0000E+00  0.0000E+00  0.0000E+00
    -13.042  0.0000E+00  0.0000E+00  0.0000E+00
    -12.973  0.0000E+00  0.0000E+00  0.0000E+00
    -12.904  0.0000E+00  0.0000E+00  0.0000E+00
    -12.834  0.0000E+00  0.0000E+00  0.0000E+00
    -12.765  0.0000E+00  0.0000E+00  0.0000E+00
    -12.696  0.0000E+00  0.0000E+00  0.0000E+00
    -12.626  0.0000E+00  0.0000E+00  0.0000E+00
    -12.557  0.0000E+00  0.0000E+00  0.0000E+00
    -12.488  0.0000E+00  0.0000E+00  0.0000E+00
    -12.418  0.0000E+00  0.0000E+00  0.0000E+00
    -12.349  0.0000E+00  0.0000E+00  0.0000E+00
    -12.280  0.0000E+00  0.0000E+00  0.0000E+00
    -12.210  0.0000E+00  0.0000E+00  0.0000E+00
    -12.141  0.0000E+00  0.0000E+00  0.0000E+00
    -12.072  0.2692E-02  0.1571E-03  0.5717E-04
    -12.002  0.3295E-02  0.2353E-03  0.7611E-04
    -11.933  0.2828E-02  0.2604E-03  0.7271E-04
    -11.864  0.2633E-02  0.2953E-03  0.7392E-04
    -11.794  0.2827E-02  0.3541E-03  0.8332E-04
    -11.725  0.2736E-02  0.3775E-03  0.9383E-04
    -11.656  0.2498E-02  0.4178E-03  0.1016E-03
    -11.586  0.2320E-02  0.4530E-03  0.1097E-03
    -11.517  0.4140E-01  0.1516E-02  0.1440E-02
    -11.448  0.1419E-01  0.1201E-02  0.5599E-03
    -11.378  0.2979E-01  0.2466E-02  0.1219E-02
    -11.309  0.4245E-01  0.4237E-02  0.1700E-02
    -11.240  0.5299E-01  0.5551E-02  0.2260E-02
    -11.170  0.2597E-01  0.2657E-02  0.1314E-02
    -11.101  0.3268E-01  0.4448E-02  0.1862E-02
    -11.032  0.3097E-01  0.6139E-02  0.2082E-02
    -10.962  0.2447E-01  0.7272E-02  0.2292E-02
    -10.893  0.2628E-01  0.9142E-02  0.2801E-02
    -10.823  0.3024E-01  0.7227E-02  0.2974E-02
    -10.754  0.2490E-01  0.8996E-02  0.3253E-02
    -10.685  0.7796E-01  0.1838E-01  0.1105E-01
    -10.615  0.4607E-01  0.1130E-01  0.7349E-02
    -10.546  0.4152E-01  0.1439E-01  0.7841E-02
    -10.477  0.6441E-01  0.1918E-01  0.1176E-01
    -10.407  0.7193E-01  0.2969E-01  0.1354E-01
    -10.338  0.7281E-01  0.3496E-01  0.1675E-01
    -10.269  0.3697E-01  0.2086E-01  0.9764E-02
    -10.199  0.4708E-01  0.2381E-01  0.1326E-01
    -10.130  0.3197E-01  0.2949E-01  0.1554E-01
    -10.061  0.1176E+00  0.5495E-01  0.3740E-01
     -9.991  0.6563E-01  0.8836E-01  0.4595E-01
     -9.922  0.5277E-01  0.6904E-01  0.3474E-01
     -9.853  0.4033E-01  0.6322E-01  0.3163E-01
     -9.783  0.2873E-01  0.6038E-01  0.2869E-01
     -9.714  0.1373E-01  0.2870E-01  0.1663E-01
     -9.645  0.9850E-02  0.2288E-01  0.1389E-01
     -9.575  0.8521E-02  0.2162E-01  0.1378E-01
     -9.506  0.5574E-02  0.1791E-01  0.1171E-01
     -9.437  0.3289E-02  0.2019E-01  0.1393E-01
     -9.367  0.1361E-02  0.1170E-01  0.8236E-02
     -9.298  0.0000E+00  0.0000E+00  0.0000E+00
     -9.229  0.5852E-04  0.2545E-02  0.7040E-03
     -9.159  0.1294E-03  0.5583E-02  0.1701E-02
     -9.090  0.1086E-03  0.4658E-02  0.1701E-02
     -9.021  0.1420E-03  0.6082E-02  0.2303E-02
     -8.951  0.6617E-03  0.6913E-02  0.2979E-02
     -8.882  0.1717E-02  0.7081E-02  0.3622E-02
     -8.813  0.5297E-02  0.9967E-02  0.5435E-02
     -8.743  0.2509E-02  0.3780E-02  0.1842E-02
     -8.674  0.3289E-02  0.2573E-02  0.8626E-03
     -8.605  0.3507E-02  0.2264E-02  0.3395E-02
     -8.535  0.2536E-02  0.1597E-02  0.2895E-02
     -8.466  0.1764E-02  0.1236E-02  0.2408E-02
     -8.397  0.1505E-01  0.9162E-02  0.7630E-02
     -8.327  0.1049E-01  0.7744E-02  0.7130E-02
     -8.258  0.1129E-01  0.8766E-02  0.8001E-02
     -8.189  0.1253E-01  0.1171E-01  0.1007E-01
     -8.119  0.1187E-01  0.1336E-01  0.1227E-01
     -8.050  0.1894E-01  0.1808E-01  0.1394E-01
     -7.981  0.1599E-01  0.1925E-01  0.1343E-01
     -7.911  0.1729E-01  0.3083E-01  0.1458E-01
     -7.842  0.1258E-01  0.2464E-01  0.1270E-01
     -7.773  0.1260E+00  0.7624E-01  0.8946E-01
     -7.703  0.5449E-01  0.3962E-01  0.4091E-01
     -7.634  0.1349E+00  0.9944E-01  0.1428E+00
     -7.565  0.1007E+00  0.7536E-01  0.9515E-01
     -7.495  0.7248E-01  0.5853E-01  0.1093E+00
     -7.426  0.4916E-01  0.4980E-01  0.8551E-01
     -7.357  0.2814E-01  0.3287E-01  0.5283E-01
     -7.287  0.4331E-01  0.5681E-01  0.9577E-01
     -7.218  0.2584E-01  0.5455E-01  0.1125E+00
     -7.149  0.1699E-01  0.5159E-01  0.9072E-01
     -7.079  0.1179E-01  0.6030E-01  0.7541E-01
     -7.010  0.5110E-02  0.6253E-01  0.4315E-01
     -6.941  0.0000E+00  0.0000E+00  0.0000E+00
     -6.871  0.0000E+00  0.0000E+00  0.0000E+00
     -6.802  0.0000E+00  0.0000E+00  0.0000E+00
     -6.732  0.0000E+00  0.0000E+00  0.0000E+00
     -6.663  0.0000E+00  0.0000E+00  0.0000E+00
     -6.594  0.0000E+00  0.0000E+00  0.0000E+00
     -6.524  0.0000E+00  0.0000E+00  0.0000E+00
     -6.455  0.0000E+00  0.0000E+00  0.0000E+00
     -6.386  0.0000E+00  0.0000E+00  0.0000E+00
     -6.316  0.0000E+00  0.0000E+00  0.0000E+00
     -6.247  0.0000E+00  0.0000E+00  0.0000E+00
     -6.178  0.0000E+00  0.0000E+00  0.0000E+00
     -6.108  0.0000E+00  0.0000E+00  0.0000E+00
     -6.039  0.0000E+00  0.0000E+00  0.0000E+00
     -5.970  0.0000E+00  0.0000E+00  0.0000E+00
     -5.900  0.0000E+00  0.0000E+00  0.0000E+00
     -5.831  0.0000E+00  0.0000E+00  0.0000E+00
     -5.762  0.0000E+00  0.0000E+00  0.0000E+00
     -5.692  0.0000E+00  0.0000E+00  0.0000E+00
     -5.623  0.0000E+00  0.0000E+00  0.0000E+00
     -5.554  0.0000E+00  0.0000E+00  0.0000E+00
     -5.484  0.0000E+00  0.0000E+00  0.0000E+00
     -5.415  0.0000E+00  0.0000E+00  0.0000E+00
     -5.346  0.0000E+00  0.0000E+00  0.0000E+00
     -5.276  0.0000E+00  0.0000E+00  0.0000E+00
     -5.207  0.0000E+00  0.0000E+00  0.0000E+00
     -5.138  0.0000E+00  0.0000E+00  0.0000E+00
     -5.068  0.1126E-02  0.5139E-03  0.1641E-02
     -4.999  0.1756E-02  0.7690E-03  0.1588E-02
     -4.930  0.4168E-02  0.1475E-02  0.2847E-02
     -4.860  0.2388E-01  0.5308E-02  0.1536E-01
     -4.791  0.2752E-01  0.6947E-02  0.1786E-01
     -4.722  0.2675E-01  0.9059E-02  0.1859E-01
     -4.652  0.3131E-01  0.1218E-01  0.2315E-01
     -4.583  0.6375E-01  0.3774E-01  0.5380E-01
     -4.514  0.6246E-01  0.2060E-01  0.4261E-01
     -4.444  0.7014E-01  0.3449E-01  0.5832E-01
     -4.375  0.1591E+00  0.2121E-01  0.5077E-01
     -4.306  0.1885E+00  0.2641E-01  0.7637E-01
     -4.236  0.1896E+00  0.3008E-01  0.7707E-01
     -4.167  0.6270E-01  0.1489E-01  0.3454E-01
     -4.098  0.2025E+00  0.7560E-01  0.2276E+00
     -4.028  0.8897E-02  0.6349E-02  0.1373E-01
     -3.959  0.5655E-01  0.2511E-01  0.6778E-01
     -3.890  0.1926E+00  0.6370E-01  0.1734E+00
     -3.820  0.4434E-01  0.1588E-01  0.5585E-01
     -3.751  0.2369E+00  0.7131E-01  0.3383E+00
     -3.682  0.1005E+00  0.3290E-01  0.1059E+00
     -3.612  0.1179E+00  0.4250E-01  0.1687E+00
     -3.543  0.1415E+00  0.6151E-01  0.1956E+00
     -3.474  0.1500E+00  0.6528E-01  0.2532E+00
     -3.404  0.8785E-01  0.2432E-01  0.1470E+00
     -3.335  0.2664E-01  0.1600E-01  0.4800E-01
     -3.266  0.1461E+00  0.6999E-01  0.2873E+00
     -3.196  0.1272E+00  0.6686E-01  0.2834E+00
     -3.127  0.8269E-01  0.5658E-01  0.2783E+00
     -3.058  0.3050E-01  0.4327E-01  0.1271E+00
     -2.988  0.6408E-01  0.6632E-01  0.2114E+00
     -2.919  0.3785E-01  0.4889E-01  0.1503E+00
     -2.850  0.6313E-01  0.7618E-01  0.2607E+00
     -2.780  0.5891E-01  0.5771E-01  0.2464E+00
     -2.711  0.7883E-01  0.8152E-01  0.2545E+00
     -2.642  0.1570E+00  0.1091E+00  0.4748E+00
     -2.572  0.7395E-01  0.5971E-01  0.4248E+00
     -2.503  0.8825E-01  0.8036E-01  0.4255E+00
     -2.433  0.5356E-01  0.6422E-01  0.4396E+00
     -2.364  0.6264E-01  0.1012E+00  0.6792E+00
     -2.295  0.3870E-01  0.4860E-01  0.3986E+00
     -2.225  0.4721E-01  0.7033E-01  0.8997E+00
     -2.156  0.1491E-01  0.2613E-01  0.2127E+00
     -2.087  0.4514E-01  0.1071E+00  0.1141E+01
     -2.017  0.1085E+00  0.1642E+00  0.1143E+01
     -1.948  0.2677E-01  0.7110E-01  0.8873E+00
     -1.879  0.1887E-01  0.8488E-01  0.9871E+00
     -1.809  0.3210E-01  0.8987E-01  0.9437E+00
     -1.740  0.2803E-01  0.6535E-01  0.1124E+01
     -1.671  0.2161E-01  0.1202E+00  0.1108E+01
     -1.601  0.4485E-01  0.2814E+00  0.1871E+01
     -1.532  0.3238E-01  0.1263E+00  0.1489E+01
     -1.463  0.2760E-01  0.1711E+00  0.1189E+01
     -1.393  0.1905E-01  0.1101E+00  0.8939E+00
     -1.324  0.2247E-01  0.1957E+00  0.1556E+01
     -1.255  0.8252E-02  0.8011E-01  0.6322E+00
     -1.185  0.1469E-01  0.6972E-01  0.6329E+00
     -1.116  0.3285E-01  0.3804E-01  0.8108E+00
     -1.047  0.2259E-01  0.1969E-01  0.6390E+00
     -0.977  0.1341E-01  0.4230E-01  0.6871E+00
     -0.908  0.5134E-01  0.6213E-01  0.2460E+01
     -0.839  0.4250E-01  0.7790E-01  0.1841E+01
     -0.769  0.4529E-01  0.1093E+00  0.2030E+01
     -0.700  0.6192E-01  0.1664E+00  0.3177E+01
     -0.631  0.3723E-01  0.2408E+00  0.3634E+01
     -0.561  0.2251E-01  0.1364E+00  0.1730E+01
     -0.492  0.9817E-02  0.2686E-01  0.9809E+00
     -0.423  0.1858E-01  0.7745E-01  0.1852E+01
     -0.353  0.2447E-01  0.5966E-01  0.1737E+01
     -0.284  0.2173E-01  0.9097E-01  0.2725E+01
     -0.215  0.2071E-01  0.6096E-01  0.2306E+01
     -0.145  0.1457E-01  0.5173E-01  0.1597E+01
     -0.076  0.2072E-01  0.5024E-01  0.1770E+01
     -0.007  0.1878E-01  0.7020E-01  0.2647E+01
      0.063  0.1870E-01  0.4935E-01  0.1740E+01
      0.132  0.3967E-01  0.8474E-01  0.6209E+01
      0.201  0.2966E-01  0.9138E-01  0.5943E+01
      0.271  0.1037E-01  0.3390E-01  0.2115E+01
      0.340  0.1535E-01  0.6610E-01  0.4489E+01
      0.409  0.6653E-02  0.2017E-01  0.1727E+01
      0.479  0.2474E-01  0.7856E-01  0.4810E+01
      0.548  0.1277E-01  0.5072E-01  0.2452E+01
      0.617  0.1528E-01  0.3541E-01  0.3174E+01
      0.687  0.1852E-01  0.7696E-01  0.4033E+01
      0.756  0.2366E-01  0.7360E-01  0.3584E+01
      0.825  0.1830E-01  0.3405E-01  0.1552E+01
      0.895  0.3065E-01  0.6508E-01  0.2093E+01
      0.964  0.2674E-01  0.5155E-01  0.1961E+01
      1.033  0.2224E-01  0.4720E-01  0.1733E+01
      1.103  0.6777E-02  0.4059E-01  0.8968E+00
      1.172  0.2703E-01  0.9931E-01  0.2113E+01
      1.241  0.2321E-01  0.7579E-01  0.1297E+01
      1.311  0.1813E-01  0.5903E-01  0.9620E+00
      1.380  0.3051E-01  0.7105E-01  0.1369E+01
      1.449  0.1516E-01  0.7748E-01  0.9133E+00
      1.519  0.2717E-01  0.3235E-01  0.6957E+00
      1.588  0.1991E-01  0.8860E-01  0.8451E+00
      1.657  0.3556E-01  0.1097E+00  0.1111E+01
      1.727  0.3010E-01  0.9774E-01  0.1060E+01
      1.796  0.2129E-01  0.1604E+00  0.1707E+01
      1.866  0.2745E-01  0.6154E-01  0.9142E+00
      1.935  0.8181E-02  0.3395E-01  0.6111E+00
      2.004  0.1147E-01  0.3391E-01  0.3296E+00
      2.074  0.2717E-01  0.1303E+00  0.1047E+01
      2.143  0.1524E-01  0.9673E-01  0.7951E+00
      2.212  0.9018E-02  0.4266E-01  0.4230E+00
      2.282  0.5717E-02  0.6840E-01  0.3529E+00
      2.351  0.1781E-01  0.9837E-01  0.5835E+00
      2.420  0.1034E-01  0.4192E-01  0.3330E+00
      2.490  0.4736E-02  0.3563E-01  0.2790E+00
      2.559  0.4284E-02  0.2747E-01  0.2434E+00
      2.628  0.1513E-01  0.3221E-01  0.2788E+00
      2.698  0.1114E-01  0.5294E-01  0.3838E+00
      2.767  0.1018E-01  0.4127E-01  0.3379E+00
      2.836  0.8824E-02  0.3553E-01  0.3008E+00
      2.906  0.1469E-01  0.4069E-01  0.3523E+00
      2.975  0.1250E-01  0.3556E-01  0.3269E+00
      3.044  0.2184E-01  0.5841E-01  0.5034E+00
      3.114  0.2092E-01  0.8151E-01  0.6521E+00
      3.183  0.1982E-01  0.6579E-01  0.5687E+00
      3.252  0.1315E-01  0.5005E-01  0.4622E+00
      3.322  0.1146E-01  0.3968E-01  0.3692E+00
      3.391  0.1309E-01  0.3920E-01  0.3582E+00
      3.460  0.1119E-01  0.4241E-01  0.3606E+00
      3.530  0.7875E-02  0.3186E-01  0.3256E+00
      3.599  0.1280E-01  0.4319E-01  0.3778E+00
      3.668  0.1617E-01  0.7949E-01  0.6125E+00
      3.738  0.9382E-02  0.3716E-01  0.3027E+00
      3.807  0.8629E-02  0.3472E-01  0.3686E+00
      3.876  0.7254E-02  0.2667E-01  0.2590E+00
      3.946  0.9875E-02  0.3223E-01  0.2463E+00
      4.015  0.3108E-01  0.5381E-01  0.4533E+00
      4.084  0.1626E-01  0.4611E-01  0.3654E+00
      4.154  0.1628E-01  0.5666E-01  0.3725E+00
      4.223  0.1113E-01  0.3502E-01  0.3374E+00
      4.292  0.1018E-01  0.3140E-01  0.2337E+00
      4.362  0.1087E-01  0.3112E-01  0.2778E+00
      4.431  0.1273E-01  0.5211E-01  0.4038E+00
      4.500  0.1641E-01  0.4304E-01  0.3177E+00
      4.570  0.1168E-01  0.3440E-01  0.3000E+00
      4.639  0.4447E-02  0.1807E-01  0.1842E+00
      4.708  0.9550E-02  0.2093E-01  0.2826E+00
      4.778  0.1079E-01  0.2337E-01  0.2379E+00
      4.847  0.4906E-02  0.1230E-01  0.1094E+00
      4.916  0.7165E-02  0.1252E-01  0.9117E-01
      4.986  0.1397E-01  0.1679E-01  0.1432E+00
      5.055  0.7600E-02  0.1726E-01  0.1128E+00
      5.124  0.8488E-02  0.3221E-01  0.2778E+00
      5.194  0.4024E-02  0.2000E-01  0.1293E+00
      5.263  0.3014E-02  0.1693E-01  0.1314E+00
      5.332  0.4758E-02  0.2758E-01  0.2286E+00
      5.402  0.6973E-02  0.2277E-01  0.1379E+00
      5.471  0.8546E-02  0.1853E-01  0.1568E+00
      5.540  0.1124E-01  0.2665E-01  0.1373E+00
      5.610  0.1792E-01  0.2190E-01  0.1822E+00
      5.679  0.1502E-01  0.2638E-01  0.2182E+00
      5.748  0.8182E-02  0.3000E-01  0.1986E+00
      5.818  0.1849E-01  0.1797E-01  0.1549E+00
      5.887  0.1445E-01  0.1713E-01  0.1008E+00
      5.956  0.2185E-01  0.2671E-01  0.1074E+00
      6.026  0.1476E-01  0.1229E-01  0.5978E-01
      6.095  0.1138E-01  0.8584E-02  0.3243E-01
      6.165  0.7110E-02  0.5364E-02  0.1304E-01
      6.234  0.1028E-01  0.7460E-02  0.1640E-01
      6.303  0.1316E-01  0.8850E-02  0.1802E-01
      6.373  0.1360E-01  0.9194E-02  0.1705E-01
      6.442  0.2335E-01  0.1234E-01  0.2054E-01
      6.511  0.1397E-01  0.8222E-02  0.1321E-01
      6.581  0.2846E-02  0.2870E-02  0.4998E-02
      6.650  0.1314E-02  0.1196E-02  0.2351E-02
      6.719  0.0000E+00  0.0000E+00  0.0000E+00
      6.789  0.0000E+00  0.0000E+00  0.0000E+00
      6.858  0.0000E+00  0.0000E+00  0.0000E+00
      6.927  0.0000E+00  0.0000E+00  0.0000E+00
      6.997  0.0000E+00  0.0000E+00  0.0000E+00
      7.066  0.0000E+00  0.0000E+00  0.0000E+00
      7.135  0.0000E+00  0.0000E+00  0.0000E+00
      7.205  0.0000E+00  0.0000E+00  0.0000E+00
      7.274  0.0000E+00  0.0000E+00  0.0000E+00
      7.343  0.0000E+00  0.0000E+00  0.0000E+00
      7.413  0.0000E+00  0.0000E+00  0.0000E+00
      7.482  0.0000E+00  0.0000E+00  0.0000E+00
      7.551  0.0000E+00  0.0000E+00  0.0000E+00
      7.621  0.0000E+00  0.0000E+00  0.0000E+00
      7.690  0.0000E+00  0.0000E+00  0.0000E+00
