    -13.112  0.0000E+00  0.0000E+00  0.0000E+00
    -13.042  0.0000E+00  0.0000E+00  0.0000E+00
    -12.973  0.0000E+00  0.0000E+00  0.0000E+00
    -12.904  0.0000E+00  0.0000E+00  0.0000E+00
    -12.834  0.0000E+00  0.0000E+00  0.0000E+00
    -12.765  0.0000E+00  0.0000E+00  0.0000E+00
    -12.696  0.0000E+00  0.0000E+00  0.0000E+00
    -12.626  0.0000E+00  0.0000E+00  0.0000E+00
    -12.557  0.0000E+00  0.0000E+00  0.0000E+00
    -12.488  0.0000E+00  0.0000E+00  0.0000E+00
    -12.418  0.0000E+00  0.0000E+00  0.0000E+00
    -12.349  0.0000E+00  0.0000E+00  0.0000E+00
    -12.280  0.0000E+00  0.0000E+00  0.0000E+00
    -12.210  0.0000E+00  0.0000E+00  0.0000E+00
    -12.141  0.0000E+00  0.0000E+00  0.0000E+00
    -12.072  0.1062E+00  0.6946E-03  0.0000E+00
    -12.002  0.1368E+00  0.1101E-02  0.0000E+00
    -11.933  0.1272E+00  0.1222E-02  0.0000E+00
    -11.864  0.1275E+00  0.1330E-02  0.0000E+00
    -11.794  0.1445E+00  0.1647E-02  0.0000E+00
    -11.725  0.1542E+00  0.2137E-02  0.0000E+00
    -11.656  0.1618E+00  0.2371E-02  0.0000E+00
    -11.586  0.1700E+00  0.2571E-02  0.0000E+00
    -11.517  0.2771E+00  0.3907E-02  0.0000E+00
    -11.448  0.1879E+00  0.2747E-02  0.0000E+00
    -11.378  0.2478E+00  0.3741E-02  0.0000E+00
    -11.309  0.3285E+00  0.6435E-02  0.0000E+00
    -11.240  0.3750E+00  0.7510E-02  0.0000E+00
    -11.170  0.1570E+00  0.2808E-02  0.0000E+00
    -11.101  0.1962E+00  0.3416E-02  0.0000E+00
    -11.032  0.2705E+00  0.4909E-02  0.0000E+00
    -10.962  0.2523E+00  0.5778E-02  0.0000E+00
    -10.893  0.3341E+00  0.8463E-02  0.0000E+00
    -10.823  0.4145E+00  0.1005E-01  0.0000E+00
    -10.754  0.5446E+00  0.1229E-01  0.0000E+00
    -10.685  0.7444E+00  0.1930E-01  0.0000E+00
    -10.615  0.3852E+00  0.9825E-02  0.0000E+00
    -10.546  0.2988E+00  0.7437E-02  0.0000E+00
    -10.477  0.3884E+00  0.9611E-02  0.0000E+00
    -10.407  0.3177E+00  0.8020E-02  0.0000E+00
    -10.338  0.5220E+00  0.1269E-01  0.0000E+00
    -10.269  0.3565E+00  0.7398E-02  0.0000E+00
    -10.199  0.2491E+00  0.5204E-02  0.0000E+00
    -10.130  0.4132E-01  0.1604E-02  0.0000E+00
    -10.061  0.8646E-01  0.3105E-02  0.0000E+00
     -9.991  0.5339E-01  0.1629E-02  0.0000E+00
     -9.922  0.3851E-01  0.1217E-02  0.0000E+00
     -9.853  0.3239E-01  0.1042E-02  0.0000E+00
     -9.783  0.2830E-01  0.8971E-03  0.0000E+00
     -9.714  0.9873E-02  0.4410E-03  0.0000E+00
     -9.645  0.8533E-02  0.3814E-03  0.0000E+00
     -9.575  0.8197E-02  0.3528E-03  0.0000E+00
     -9.506  0.7425E-02  0.3358E-03  0.0000E+00
     -9.437  0.9719E-02  0.4581E-03  0.0000E+00
     -9.367  0.5898E-02  0.2828E-03  0.0000E+00
     -9.298  0.0000E+00  0.0000E+00  0.0000E+00
     -9.229  0.6616E-02  0.8983E-02  0.0000E+00
     -9.159  0.1614E-01  0.1958E-01  0.0000E+00
     -9.090  0.1766E-01  0.1698E-01  0.0000E+00
     -9.021  0.2551E-01  0.2155E-01  0.0000E+00
     -8.951  0.5517E-01  0.2773E-01  0.0000E+00
     -8.882  0.1016E+00  0.3395E-01  0.0000E+00
     -8.813  0.2749E+00  0.6663E-01  0.0000E+00
     -8.743  0.1308E+00  0.3014E-01  0.0000E+00
     -8.674  0.7364E-01  0.1608E-01  0.0000E+00
     -8.605  0.1000E+00  0.3206E-01  0.0000E+00
     -8.535  0.8740E-01  0.2673E-01  0.0000E+00
     -8.466  0.6500E-01  0.2041E-01  0.0000E+00
     -8.397  0.7934E-01  0.3478E-01  0.0000E+00
     -8.327  0.8802E-01  0.3250E-01  0.0000E+00
     -8.258  0.9473E-01  0.3392E-01  0.0000E+00
     -8.189  0.1204E+00  0.3811E-01  0.0000E+00
     -8.119  0.1428E+00  0.4239E-01  0.0000E+00
     -8.050  0.2565E+00  0.6391E-01  0.0000E+00
     -7.981  0.2708E+00  0.5668E-01  0.0000E+00
     -7.911  0.3725E+00  0.6799E-01  0.0000E+00
     -7.842  0.2828E+00  0.3816E-01  0.0000E+00
     -7.773  0.3751E+00  0.5316E-01  0.0000E+00
     -7.703  0.2669E+00  0.3836E-01  0.0000E+00
     -7.634  0.9593E+00  0.1166E+00  0.0000E+00
     -7.565  0.4145E+00  0.4625E-01  0.0000E+00
     -7.495  0.3399E+00  0.4174E-01  0.0000E+00
     -7.426  0.2939E+00  0.3625E-01  0.0000E+00
     -7.357  0.1247E+00  0.1819E-01  0.0000E+00
     -7.287  0.3668E+00  0.4995E-01  0.0000E+00
     -7.218  0.4992E-02  0.3728E-03  0.0000E+00
     -7.149  0.2724E-02  0.2436E-03  0.0000E+00
     -7.079  0.1214E-02  0.1697E-03  0.0000E+00
     -7.010  0.6061E-03  0.1075E-03  0.0000E+00
     -6.941  0.0000E+00  0.0000E+00  0.0000E+00
     -6.871  0.0000E+00  0.0000E+00  0.0000E+00
     -6.802  0.0000E+00  0.0000E+00  0.0000E+00
     -6.732  0.0000E+00  0.0000E+00  0.0000E+00
     -6.663  0.0000E+00  0.0000E+00  0.0000E+00
     -6.594  0.0000E+00  0.0000E+00  0.0000E+00
     -6.524  0.0000E+00  0.0000E+00  0.0000E+00
     -6.455  0.0000E+00  0.0000E+00  0.0000E+00
     -6.386  0.0000E+00  0.0000E+00  0.0000E+00
     -6.316  0.0000E+00  0.0000E+00  0.0000E+00
     -6.247  0.0000E+00  0.0000E+00  0.0000E+00
     -6.178  0.0000E+00  0.0000E+00  0.0000E+00
     -6.108  0.0000E+00  0.0000E+00  0.0000E+00
     -6.039  0.0000E+00  0.0000E+00  0.0000E+00
     -5.970  0.0000E+00  0.0000E+00  0.0000E+00
     -5.900  0.0000E+00  0.0000E+00  0.0000E+00
     -5.831  0.0000E+00  0.0000E+00  0.0000E+00
     -5.762  0.0000E+00  0.0000E+00  0.0000E+00
     -5.692  0.0000E+00  0.0000E+00  0.0000E+00
     -5.623  0.0000E+00  0.0000E+00  0.0000E+00
     -5.554  0.0000E+00  0.0000E+00  0.0000E+00
     -5.484  0.0000E+00  0.0000E+00  0.0000E+00
     -5.415  0.0000E+00  0.0000E+00  0.0000E+00
     -5.346  0.0000E+00  0.0000E+00  0.0000E+00
     -5.276  0.0000E+00  0.0000E+00  0.0000E+00
     -5.207  0.0000E+00  0.0000E+00  0.0000E+00
     -5.138  0.0000E+00  0.0000E+00  0.0000E+00
     -5.068  0.1290E-01  0.1503E+00  0.0000E+00
     -4.999  0.8666E-02  0.1136E+00  0.0000E+00
     -4.930  0.7834E-02  0.1141E+00  0.0000E+00
     -4.860  0.8110E-02  0.1184E+00  0.0000E+00
     -4.791  0.8202E-02  0.1224E+00  0.0000E+00
     -4.722  0.8663E-02  0.1512E+00  0.0000E+00
     -4.652  0.9417E-02  0.1812E+00  0.0000E+00
     -4.583  0.1112E-01  0.3365E+00  0.0000E+00
     -4.514  0.9750E-02  0.2441E+00  0.0000E+00
     -4.444  0.2192E-01  0.3392E+00  0.0000E+00
     -4.375  0.8567E-02  0.2645E+00  0.0000E+00
     -4.306  0.1760E-01  0.3594E+00  0.0000E+00
     -4.236  0.2667E-01  0.3357E+00  0.0000E+00
     -4.167  0.1125E-01  0.1955E+00  0.0000E+00
     -4.098  0.6324E-01  0.1061E+01  0.0000E+00
     -4.028  0.7065E-03  0.3149E-01  0.0000E+00
     -3.959  0.1100E-01  0.1774E+00  0.0000E+00
     -3.890  0.2806E-01  0.5997E+00  0.0000E+00
     -3.820  0.8338E-02  0.1617E+00  0.0000E+00
     -3.751  0.3330E-01  0.5572E+00  0.0000E+00
     -3.682  0.6639E-02  0.2361E+00  0.0000E+00
     -3.612  0.8590E-02  0.3792E+00  0.0000E+00
     -3.543  0.8003E-02  0.3374E+00  0.0000E+00
     -3.474  0.9747E-02  0.3914E+00  0.0000E+00
     -3.404  0.7722E-02  0.3635E+00  0.0000E+00
     -3.335  0.1868E-02  0.7014E-01  0.0000E+00
     -3.266  0.1114E-01  0.3582E+00  0.0000E+00
     -3.196  0.1586E-01  0.4875E+00  0.0000E+00
     -3.127  0.1589E-01  0.4326E+00  0.0000E+00
     -3.058  0.7118E-02  0.2482E+00  0.0000E+00
     -2.988  0.8811E-02  0.4345E+00  0.0000E+00
     -2.919  0.1434E-01  0.3368E+00  0.0000E+00
     -2.850  0.1051E-01  0.4432E+00  0.0000E+00
     -2.780  0.2066E-01  0.5564E+00  0.0000E+00
     -2.711  0.1304E-01  0.3351E+00  0.0000E+00
     -2.642  0.1296E-01  0.3555E+00  0.0000E+00
     -2.572  0.8252E-02  0.2818E+00  0.0000E+00
     -2.503  0.1039E-01  0.2148E+00  0.0000E+00
     -2.433  0.9013E-02  0.2019E+00  0.0000E+00
     -2.364  0.1723E-01  0.3401E+00  0.0000E+00
     -2.295  0.7980E-02  0.1705E+00  0.0000E+00
     -2.225  0.9280E-02  0.3061E+00  0.0000E+00
     -2.156  0.2087E-02  0.6799E-01  0.0000E+00
     -2.087  0.1075E-01  0.3279E+00  0.0000E+00
     -2.017  0.1200E-01  0.3125E+00  0.0000E+00
     -1.948  0.4502E-02  0.3911E+00  0.0000E+00
     -1.879  0.5803E-02  0.3384E+00  0.0000E+00
     -1.809  0.2738E-02  0.2271E+00  0.0000E+00
     -1.740  0.2933E-02  0.2265E+00  0.0000E+00
     -1.671  0.3899E-02  0.1845E+00  0.0000E+00
     -1.601  0.5282E-02  0.2604E+00  0.0000E+00
     -1.532  0.5575E-02  0.1447E+00  0.0000E+00
     -1.463  0.4751E-02  0.2111E+00  0.0000E+00
     -1.393  0.4883E-02  0.1540E+00  0.0000E+00
     -1.324  0.5322E-02  0.1313E+00  0.0000E+00
     -1.255  0.2681E-02  0.7247E-01  0.0000E+00
     -1.185  0.3263E-02  0.9076E-01  0.0000E+00
     -1.116  0.1029E-01  0.1149E+00  0.0000E+00
     -1.047  0.2493E-02  0.2815E-01  0.0000E+00
     -0.977  0.7652E-02  0.1125E+00  0.0000E+00
     -0.908  0.7756E-02  0.1153E+00  0.0000E+00
     -0.839  0.1222E-01  0.1188E+00  0.0000E+00
     -0.769  0.1032E-01  0.8847E-01  0.0000E+00
     -0.700  0.2160E-02  0.3846E-01  0.0000E+00
     -0.631  0.1315E-01  0.1108E+00  0.0000E+00
     -0.561  0.8792E-02  0.8179E-01  0.0000E+00
     -0.492  0.2724E-02  0.3656E-01  0.0000E+00
     -0.423  0.8369E-02  0.1151E+00  0.0000E+00
     -0.353  0.4798E-02  0.6369E-01  0.0000E+00
     -0.284  0.5016E-02  0.7432E-01  0.0000E+00
     -0.215  0.8247E-02  0.7637E-01  0.0000E+00
     -0.145  0.8326E-02  0.6113E-01  0.0000E+00
     -0.076  0.2995E-02  0.6330E-01  0.0000E+00
     -0.007  0.5292E-02  0.4106E-01  0.0000E+00
      0.063  0.4429E-02  0.2860E-01  0.0000E+00
      0.132  0.6733E-02  0.4946E-01  0.0000E+00
      0.201  0.1290E-01  0.6530E-01  0.0000E+00
      0.271  0.5279E-02  0.2065E-01  0.0000E+00
      0.340  0.2307E-01  0.4205E-01  0.0000E+00
      0.409  0.6177E-02  0.1371E-01  0.0000E+00
      0.479  0.1516E-01  0.4894E-01  0.0000E+00
      0.548  0.3912E-02  0.3260E-01  0.0000E+00
      0.617  0.4218E-02  0.1936E-01  0.0000E+00
      0.687  0.1076E-01  0.4350E-01  0.0000E+00
      0.756  0.1165E-01  0.3951E-01  0.0000E+00
      0.825  0.9101E-02  0.4160E-01  0.0000E+00
      0.895  0.1844E-01  0.7266E-01  0.0000E+00
      0.964  0.2090E-01  0.4730E-01  0.0000E+00
      1.033  0.2424E-01  0.1281E+00  0.0000E+00
      1.103  0.1287E-01  0.4240E-01  0.0000E+00
      1.172  0.1714E-01  0.1262E+00  0.0000E+00
      1.241  0.1195E-01  0.7400E-01  0.0000E+00
      1.311  0.1630E-01  0.4233E-01  0.0000E+00
      1.380  0.2100E-01  0.8093E-01  0.0000E+00
      1.449  0.1808E-01  0.1280E+00  0.0000E+00
      1.519  0.1891E-01  0.7557E-01  0.0000E+00
      1.588  0.8166E-02  0.6518E-01  0.0000E+00
      1.657  0.4300E-01  0.1656E+00  0.0000E+00
      1.727  0.3120E-01  0.1296E+00  0.0000E+00
      1.796  0.2752E-01  0.1254E+00  0.0000E+00
      1.866  0.1771E-01  0.6197E-01  0.0000E+00
      1.935  0.5527E-02  0.4198E-01  0.0000E+00
      2.004  0.6719E-02  0.3883E-01  0.0000E+00
      2.074  0.1967E-01  0.1055E+00  0.0000E+00
      2.143  0.2269E-01  0.6631E-01  0.0000E+00
      2.212  0.1935E-01  0.7947E-01  0.0000E+00
      2.282  0.1139E-01  0.6671E-01  0.0000E+00
      2.351  0.3480E-01  0.1098E+00  0.0000E+00
      2.420  0.2593E-01  0.8584E-01  0.0000E+00
      2.490  0.2075E-01  0.6855E-01  0.0000E+00
      2.559  0.2463E-01  0.6069E-01  0.0000E+00
      2.628  0.3508E-01  0.1050E+00  0.0000E+00
      2.698  0.4388E-01  0.1124E+00  0.0000E+00
      2.767  0.4063E-01  0.1010E+00  0.0000E+00
      2.836  0.2975E-01  0.7111E-01  0.0000E+00
      2.906  0.4653E-01  0.9652E-01  0.0000E+00
      2.975  0.3587E-01  0.1161E+00  0.0000E+00
      3.044  0.6004E-01  0.1463E+00  0.0000E+00
      3.114  0.5710E-01  0.1403E+00  0.0000E+00
      3.183  0.4477E-01  0.1426E+00  0.0000E+00
      3.252  0.4263E-01  0.1038E+00  0.0000E+00
      3.322  0.3577E-01  0.8246E-01  0.0000E+00
      3.391  0.5595E-01  0.1190E+00  0.0000E+00
      3.460  0.5700E-01  0.1154E+00  0.0000E+00
      3.530  0.3775E-01  0.9541E-01  0.0000E+00
      3.599  0.4749E-01  0.1573E+00  0.0000E+00
      3.668  0.5112E-01  0.2036E+00  0.0000E+00
      3.738  0.2645E-01  0.1790E+00  0.0000E+00
      3.807  0.4467E-01  0.1461E+00  0.0000E+00
      3.876  0.4141E-01  0.1585E+00  0.0000E+00
      3.946  0.4073E-01  0.1737E+00  0.0000E+00
      4.015  0.6734E-01  0.1929E+00  0.0000E+00
      4.084  0.4754E-01  0.1458E+00  0.0000E+00
      4.154  0.3827E-01  0.1557E+00  0.0000E+00
      4.223  0.2949E-01  0.1455E+00  0.0000E+00
      4.292  0.3678E-01  0.1223E+00  0.0000E+00
      4.362  0.6070E-01  0.2088E+00  0.0000E+00
      4.431  0.5346E-01  0.1912E+00  0.0000E+00
      4.500  0.4575E-01  0.1853E+00  0.0000E+00
      4.570  0.6590E-01  0.2266E+00  0.0000E+00
      4.639  0.2601E-01  0.1377E+00  0.0000E+00
      4.708  0.3955E-01  0.1922E+00  0.0000E+00
      4.778  0.5196E-01  0.2915E+00  0.0000E+00
      4.847  0.4618E-01  0.2038E+00  0.0000E+00
      4.916  0.5565E-01  0.2342E+00  0.0000E+00
      4.986  0.8592E-01  0.3593E+00  0.0000E+00
      5.055  0.4548E-01  0.3521E+00  0.0000E+00
      5.124  0.9052E-01  0.5290E+00  0.0000E+00
      5.194  0.4710E-01  0.2408E+00  0.0000E+00
      5.263  0.3498E-01  0.1885E+00  0.0000E+00
      5.332  0.4308E-01  0.2411E+00  0.0000E+00
      5.402  0.3235E-01  0.3025E+00  0.0000E+00
      5.471  0.2585E-01  0.2210E+00  0.0000E+00
      5.540  0.2584E-01  0.1635E+00  0.0000E+00
      5.610  0.3136E-01  0.2614E+00  0.0000E+00
      5.679  0.3549E-01  0.2632E+00  0.0000E+00
      5.748  0.3144E-01  0.1752E+00  0.0000E+00
      5.818  0.3232E-01  0.1547E+00  0.0000E+00
      5.887  0.1300E-01  0.8812E-01  0.0000E+00
      5.956  0.1793E-01  0.1076E+00  0.0000E+00
      6.026  0.2878E-02  0.3640E-01  0.0000E+00
      6.095  0.3810E-02  0.2374E-01  0.0000E+00
      6.165  0.3011E-02  0.9525E-02  0.0000E+00
      6.234  0.4308E-02  0.1323E-01  0.0000E+00
      6.303  0.5086E-02  0.1547E-01  0.0000E+00
      6.373  0.4494E-02  0.1437E-01  0.0000E+00
      6.442  0.4466E-02  0.1640E-01  0.0000E+00
      6.511  0.2776E-02  0.1191E-01  0.0000E+00
      6.581  0.1277E-02  0.4801E-02  0.0000E+00
      6.650  0.5511E-03  0.2068E-02  0.0000E+00
      6.719  0.0000E+00  0.0000E+00  0.0000E+00
      6.789  0.0000E+00  0.0000E+00  0.0000E+00
      6.858  0.0000E+00  0.0000E+00  0.0000E+00
      6.927  0.0000E+00  0.0000E+00  0.0000E+00
      6.997  0.0000E+00  0.0000E+00  0.0000E+00
      7.066  0.0000E+00  0.0000E+00  0.0000E+00
      7.135  0.0000E+00  0.0000E+00  0.0000E+00
      7.205  0.0000E+00  0.0000E+00  0.0000E+00
      7.274  0.0000E+00  0.0000E+00  0.0000E+00
      7.343  0.0000E+00  0.0000E+00  0.0000E+00
      7.413  0.0000E+00  0.0000E+00  0.0000E+00
      7.482  0.0000E+00  0.0000E+00  0.0000E+00
      7.551  0.0000E+00  0.0000E+00  0.0000E+00
      7.621  0.0000E+00  0.0000E+00  0.0000E+00
      7.690  0.0000E+00  0.0000E+00  0.0000E+00
