    -13.112  0.0000E+00  0.0000E+00  0.0000E+00
    -13.042  0.0000E+00  0.0000E+00  0.0000E+00
    -12.973  0.0000E+00  0.0000E+00  0.0000E+00
    -12.904  0.0000E+00  0.0000E+00  0.0000E+00
    -12.834  0.0000E+00  0.0000E+00  0.0000E+00
    -12.765  0.0000E+00  0.0000E+00  0.0000E+00
    -12.696  0.0000E+00  0.0000E+00  0.0000E+00
    -12.626  0.0000E+00  0.0000E+00  0.0000E+00
    -12.557  0.0000E+00  0.0000E+00  0.0000E+00
    -12.488  0.0000E+00  0.0000E+00  0.0000E+00
    -12.418  0.0000E+00  0.0000E+00  0.0000E+00
    -12.349  0.0000E+00  0.0000E+00  0.0000E+00
    -12.280  0.0000E+00  0.0000E+00  0.0000E+00
    -12.210  0.0000E+00  0.0000E+00  0.0000E+00
    -12.141  0.0000E+00  0.0000E+00  0.0000E+00
    -12.072  0.1062E+00  0.6946E-03  0.0000E+00
    -12.002  0.1368E+00  0.1102E-02  0.0000E+00
    -11.933  0.1323E+00  0.1333E-02  0.0000E+00
    -11.864  0.1420E+00  0.1645E-02  0.0000E+00
    -11.794  0.1585E+00  0.1952E-02  0.0000E+00
    -11.725  0.1403E+00  0.1839E-02  0.0000E+00
    -11.656  0.1509E+00  0.2137E-02  0.0000E+00
    -11.586  0.1650E+00  0.2455E-02  0.0000E+00
    -11.517  0.2803E+00  0.3959E-02  0.0000E+00
    -11.448  0.1936E+00  0.2850E-02  0.0000E+00
    -11.378  0.2496E+00  0.3890E-02  0.0000E+00
    -11.309  0.3262E+00  0.6611E-02  0.0000E+00
    -11.240  0.3620E+00  0.7257E-02  0.0000E+00
    -11.170  0.1518E+00  0.2565E-02  0.0000E+00
    -11.101  0.2264E+00  0.4258E-02  0.0000E+00
    -11.032  0.2759E+00  0.5021E-02  0.0000E+00
    -10.962  0.2384E+00  0.5294E-02  0.0000E+00
    -10.893  0.3283E+00  0.8257E-02  0.0000E+00
    -10.823  0.4129E+00  0.9989E-02  0.0000E+00
    -10.754  0.5442E+00  0.1231E-01  0.0000E+00
    -10.685  0.7449E+00  0.1928E-01  0.0000E+00
    -10.615  0.3851E+00  0.9819E-02  0.0000E+00
    -10.546  0.2966E+00  0.7353E-02  0.0000E+00
    -10.477  0.3937E+00  0.9810E-02  0.0000E+00
    -10.407  0.3177E+00  0.8021E-02  0.0000E+00
    -10.338  0.5795E+00  0.1311E-01  0.0000E+00
    -10.269  0.2746E+00  0.6807E-02  0.0000E+00
    -10.199  0.2489E+00  0.5193E-02  0.0000E+00
    -10.130  0.4118E-01  0.1587E-02  0.0000E+00
    -10.061  0.8674E-01  0.3137E-02  0.0000E+00
     -9.991  0.5278E-01  0.1562E-02  0.0000E+00
     -9.922  0.3908E-01  0.1183E-02  0.0000E+00
     -9.853  0.3261E-01  0.1046E-02  0.0000E+00
     -9.783  0.2823E-01  0.9344E-03  0.0000E+00
     -9.714  0.1002E-01  0.4404E-03  0.0000E+00
     -9.645  0.8595E-02  0.3864E-03  0.0000E+00
     -9.575  0.7868E-02  0.3731E-03  0.0000E+00
     -9.506  0.7307E-02  0.3420E-03  0.0000E+00
     -9.437  0.9720E-02  0.4581E-03  0.0000E+00
     -9.367  0.5898E-02  0.2828E-03  0.0000E+00
     -9.298  0.0000E+00  0.0000E+00  0.0000E+00
     -9.229  0.6616E-02  0.8984E-02  0.0000E+00
     -9.159  0.1614E-01  0.1958E-01  0.0000E+00
     -9.090  0.1997E-01  0.1938E-01  0.0000E+00
     -9.021  0.2415E-01  0.2002E-01  0.0000E+00
     -8.951  0.5381E-01  0.2626E-01  0.0000E+00
     -8.882  0.1052E+00  0.3450E-01  0.0000E+00
     -8.813  0.2749E+00  0.6660E-01  0.0000E+00
     -8.743  0.1307E+00  0.3013E-01  0.0000E+00
     -8.674  0.7385E-01  0.1631E-01  0.0000E+00
     -8.605  0.9964E-01  0.3160E-01  0.0000E+00
     -8.535  0.8620E-01  0.2545E-01  0.0000E+00
     -8.466  0.7090E-01  0.2099E-01  0.0000E+00
     -8.397  0.9375E-01  0.3735E-01  0.0000E+00
     -8.327  0.7855E-01  0.3081E-01  0.0000E+00
     -8.258  0.8393E-01  0.3199E-01  0.0000E+00
     -8.189  0.1172E+00  0.3742E-01  0.0000E+00
     -8.119  0.1429E+00  0.4238E-01  0.0000E+00
     -8.050  0.2597E+00  0.6461E-01  0.0000E+00
     -7.981  0.2624E+00  0.5646E-01  0.0000E+00
     -7.911  0.3780E+00  0.6814E-01  0.0000E+00
     -7.842  0.2882E+00  0.4028E-01  0.0000E+00
     -7.773  0.3954E+00  0.5737E-01  0.0000E+00
     -7.703  0.2283E+00  0.3475E-01  0.0000E+00
     -7.634  0.9350E+00  0.1116E+00  0.0000E+00
     -7.565  0.4189E+00  0.4715E-01  0.0000E+00
     -7.495  0.3405E+00  0.4187E-01  0.0000E+00
     -7.426  0.2939E+00  0.3625E-01  0.0000E+00
     -7.357  0.1247E+00  0.1819E-01  0.0000E+00
     -7.287  0.3668E+00  0.4994E-01  0.0000E+00
     -7.218  0.5056E-02  0.3918E-03  0.0000E+00
     -7.149  0.2724E-02  0.2436E-03  0.0000E+00
     -7.079  0.1214E-02  0.1697E-03  0.0000E+00
     -7.010  0.6061E-03  0.1075E-03  0.0000E+00
     -6.941  0.0000E+00  0.0000E+00  0.0000E+00
     -6.871  0.0000E+00  0.0000E+00  0.0000E+00
     -6.802  0.0000E+00  0.0000E+00  0.0000E+00
     -6.732  0.0000E+00  0.0000E+00  0.0000E+00
     -6.663  0.0000E+00  0.0000E+00  0.0000E+00
     -6.594  0.0000E+00  0.0000E+00  0.0000E+00
     -6.524  0.0000E+00  0.0000E+00  0.0000E+00
     -6.455  0.0000E+00  0.0000E+00  0.0000E+00
     -6.386  0.0000E+00  0.0000E+00  0.0000E+00
     -6.316  0.0000E+00  0.0000E+00  0.0000E+00
     -6.247  0.0000E+00  0.0000E+00  0.0000E+00
     -6.178  0.0000E+00  0.0000E+00  0.0000E+00
     -6.108  0.0000E+00  0.0000E+00  0.0000E+00
     -6.039  0.0000E+00  0.0000E+00  0.0000E+00
     -5.970  0.0000E+00  0.0000E+00  0.0000E+00
     -5.900  0.0000E+00  0.0000E+00  0.0000E+00
     -5.831  0.0000E+00  0.0000E+00  0.0000E+00
     -5.762  0.0000E+00  0.0000E+00  0.0000E+00
     -5.692  0.0000E+00  0.0000E+00  0.0000E+00
     -5.623  0.0000E+00  0.0000E+00  0.0000E+00
     -5.554  0.0000E+00  0.0000E+00  0.0000E+00
     -5.484  0.0000E+00  0.0000E+00  0.0000E+00
     -5.415  0.0000E+00  0.0000E+00  0.0000E+00
     -5.346  0.0000E+00  0.0000E+00  0.0000E+00
     -5.276  0.0000E+00  0.0000E+00  0.0000E+00
     -5.207  0.0000E+00  0.0000E+00  0.0000E+00
     -5.138  0.0000E+00  0.0000E+00  0.0000E+00
     -5.068  0.1273E-01  0.1550E+00  0.0000E+00
     -4.999  0.8627E-02  0.1146E+00  0.0000E+00
     -4.930  0.7904E-02  0.1119E+00  0.0000E+00
     -4.860  0.8178E-02  0.1165E+00  0.0000E+00
     -4.791  0.8228E-02  0.1212E+00  0.0000E+00
     -4.722  0.8659E-02  0.1490E+00  0.0000E+00
     -4.652  0.9405E-02  0.1773E+00  0.0000E+00
     -4.583  0.1106E-01  0.3355E+00  0.0000E+00
     -4.514  0.9754E-02  0.2481E+00  0.0000E+00
     -4.444  0.2188E-01  0.3536E+00  0.0000E+00
     -4.375  0.8567E-02  0.2645E+00  0.0000E+00
     -4.306  0.1619E-01  0.3572E+00  0.0000E+00
     -4.236  0.2757E-01  0.3385E+00  0.0000E+00
     -4.167  0.1188E-01  0.1937E+00  0.0000E+00
     -4.098  0.6226E-01  0.1076E+01  0.0000E+00
     -4.028  0.7065E-03  0.3149E-01  0.0000E+00
     -3.959  0.9279E-02  0.1778E+00  0.0000E+00
     -3.890  0.2828E-01  0.6035E+00  0.0000E+00
     -3.820  0.8541E-02  0.1623E+00  0.0000E+00
     -3.751  0.3835E-01  0.5139E+00  0.0000E+00
     -3.682  0.6678E-02  0.2284E+00  0.0000E+00
     -3.612  0.8503E-02  0.3819E+00  0.0000E+00
     -3.543  0.8065E-02  0.3344E+00  0.0000E+00
     -3.474  0.9773E-02  0.3892E+00  0.0000E+00
     -3.404  0.5546E-02  0.4012E+00  0.0000E+00
     -3.335  0.9438E-03  0.8658E-01  0.0000E+00
     -3.266  0.1064E-01  0.3526E+00  0.0000E+00
     -3.196  0.1606E-01  0.4859E+00  0.0000E+00
     -3.127  0.1590E-01  0.4336E+00  0.0000E+00
     -3.058  0.6930E-02  0.2405E+00  0.0000E+00
     -2.988  0.8480E-02  0.4149E+00  0.0000E+00
     -2.919  0.1411E-01  0.3355E+00  0.0000E+00
     -2.850  0.1086E-01  0.4467E+00  0.0000E+00
     -2.780  0.2155E-01  0.5694E+00  0.0000E+00
     -2.711  0.1213E-01  0.3180E+00  0.0000E+00
     -2.642  0.1249E-01  0.3542E+00  0.0000E+00
     -2.572  0.8763E-02  0.2836E+00  0.0000E+00
     -2.503  0.1039E-01  0.2150E+00  0.0000E+00
     -2.433  0.9017E-02  0.2019E+00  0.0000E+00
     -2.364  0.1764E-01  0.3375E+00  0.0000E+00
     -2.295  0.8010E-02  0.1887E+00  0.0000E+00
     -2.225  0.9300E-02  0.3081E+00  0.0000E+00
     -2.156  0.2088E-02  0.6804E-01  0.0000E+00
     -2.087  0.1067E-01  0.3394E+00  0.0000E+00
     -2.017  0.1209E-01  0.3119E+00  0.0000E+00
     -1.948  0.4509E-02  0.3914E+00  0.0000E+00
     -1.879  0.5715E-02  0.3397E+00  0.0000E+00
     -1.809  0.2783E-02  0.2199E+00  0.0000E+00
     -1.740  0.2907E-02  0.2250E+00  0.0000E+00
     -1.671  0.3894E-02  0.1845E+00  0.0000E+00
     -1.601  0.5249E-02  0.2705E+00  0.0000E+00
     -1.532  0.5665E-02  0.1259E+00  0.0000E+00
     -1.463  0.4625E-02  0.2114E+00  0.0000E+00
     -1.393  0.4882E-02  0.1552E+00  0.0000E+00
     -1.324  0.5144E-02  0.1322E+00  0.0000E+00
     -1.255  0.2793E-02  0.7292E-01  0.0000E+00
     -1.185  0.3290E-02  0.9168E-01  0.0000E+00
     -1.116  0.1015E-01  0.1154E+00  0.0000E+00
     -1.047  0.2500E-02  0.2797E-01  0.0000E+00
     -0.977  0.7626E-02  0.1133E+00  0.0000E+00
     -0.908  0.8324E-02  0.1247E+00  0.0000E+00
     -0.839  0.1252E-01  0.1188E+00  0.0000E+00
     -0.769  0.1030E-01  0.8803E-01  0.0000E+00
     -0.700  0.2113E-02  0.3827E-01  0.0000E+00
     -0.631  0.1268E-01  0.1119E+00  0.0000E+00
     -0.561  0.8913E-02  0.8934E-01  0.0000E+00
     -0.492  0.2368E-02  0.3550E-01  0.0000E+00
     -0.423  0.8936E-02  0.1166E+00  0.0000E+00
     -0.353  0.4768E-02  0.6472E-01  0.0000E+00
     -0.284  0.4786E-02  0.8123E-01  0.0000E+00
     -0.215  0.8357E-02  0.8128E-01  0.0000E+00
     -0.145  0.8438E-02  0.6137E-01  0.0000E+00
     -0.076  0.3020E-02  0.6369E-01  0.0000E+00
     -0.007  0.5321E-02  0.4111E-01  0.0000E+00
      0.063  0.4406E-02  0.2848E-01  0.0000E+00
      0.132  0.6795E-02  0.4933E-01  0.0000E+00
      0.201  0.1301E-01  0.6479E-01  0.0000E+00
      0.271  0.5512E-02  0.1959E-01  0.0000E+00
      0.340  0.2400E-01  0.4241E-01  0.0000E+00
      0.409  0.6214E-02  0.1737E-01  0.0000E+00
      0.479  0.1521E-01  0.4956E-01  0.0000E+00
      0.548  0.4075E-02  0.3112E-01  0.0000E+00
      0.617  0.4450E-02  0.1971E-01  0.0000E+00
      0.687  0.1096E-01  0.4318E-01  0.0000E+00
      0.756  0.1160E-01  0.4039E-01  0.0000E+00
      0.825  0.8937E-02  0.4274E-01  0.0000E+00
      0.895  0.1846E-01  0.7134E-01  0.0000E+00
      0.964  0.2036E-01  0.4670E-01  0.0000E+00
      1.033  0.2372E-01  0.1272E+00  0.0000E+00
      1.103  0.5320E-02  0.4331E-01  0.0000E+00
      1.172  0.1700E-01  0.1286E+00  0.0000E+00
      1.241  0.1184E-01  0.8116E-01  0.0000E+00
      1.311  0.1588E-01  0.4295E-01  0.0000E+00
      1.380  0.2093E-01  0.8020E-01  0.0000E+00
      1.449  0.1826E-01  0.1285E+00  0.0000E+00
      1.519  0.1872E-01  0.7352E-01  0.0000E+00
      1.588  0.1121E-01  0.7213E-01  0.0000E+00
      1.657  0.4300E-01  0.1658E+00  0.0000E+00
      1.727  0.3200E-01  0.1299E+00  0.0000E+00
      1.796  0.2752E-01  0.1277E+00  0.0000E+00
      1.866  0.1776E-01  0.6284E-01  0.0000E+00
      1.935  0.5546E-02  0.4089E-01  0.0000E+00
      2.004  0.6061E-02  0.3583E-01  0.0000E+00
      2.074  0.2084E-01  0.1082E+00  0.0000E+00
      2.143  0.2287E-01  0.6717E-01  0.0000E+00
      2.212  0.1961E-01  0.8239E-01  0.0000E+00
      2.282  0.1203E-01  0.7133E-01  0.0000E+00
      2.351  0.3523E-01  0.1065E+00  0.0000E+00
      2.420  0.2558E-01  0.8630E-01  0.0000E+00
      2.490  0.2035E-01  0.6549E-01  0.0000E+00
      2.559  0.2379E-01  0.6249E-01  0.0000E+00
      2.628  0.3834E-01  0.1016E+00  0.0000E+00
      2.698  0.4513E-01  0.1132E+00  0.0000E+00
      2.767  0.4092E-01  0.9976E-01  0.0000E+00
      2.836  0.2987E-01  0.7095E-01  0.0000E+00
      2.906  0.4636E-01  0.9831E-01  0.0000E+00
      2.975  0.3625E-01  0.1167E+00  0.0000E+00
      3.044  0.6039E-01  0.1466E+00  0.0000E+00
      3.114  0.5689E-01  0.1397E+00  0.0000E+00
      3.183  0.4668E-01  0.1407E+00  0.0000E+00
      3.252  0.4673E-01  0.1022E+00  0.0000E+00
      3.322  0.3382E-01  0.8323E-01  0.0000E+00
      3.391  0.5720E-01  0.1199E+00  0.0000E+00
      3.460  0.5682E-01  0.1133E+00  0.0000E+00
      3.530  0.3755E-01  0.9634E-01  0.0000E+00
      3.599  0.4764E-01  0.1578E+00  0.0000E+00
      3.668  0.5206E-01  0.2029E+00  0.0000E+00
      3.738  0.2686E-01  0.1820E+00  0.0000E+00
      3.807  0.4661E-01  0.1499E+00  0.0000E+00
      3.876  0.3814E-01  0.1527E+00  0.0000E+00
      3.946  0.4086E-01  0.1770E+00  0.0000E+00
      4.015  0.6340E-01  0.1929E+00  0.0000E+00
      4.084  0.4902E-01  0.1459E+00  0.0000E+00
      4.154  0.3855E-01  0.1562E+00  0.0000E+00
      4.223  0.3024E-01  0.1436E+00  0.0000E+00
      4.292  0.3615E-01  0.1241E+00  0.0000E+00
      4.362  0.6053E-01  0.2103E+00  0.0000E+00
      4.431  0.5358E-01  0.1930E+00  0.0000E+00
      4.500  0.4531E-01  0.1821E+00  0.0000E+00
      4.570  0.6579E-01  0.2268E+00  0.0000E+00
      4.639  0.2630E-01  0.1451E+00  0.0000E+00
      4.708  0.4362E-01  0.1958E+00  0.0000E+00
      4.778  0.5140E-01  0.2917E+00  0.0000E+00
      4.847  0.4521E-01  0.2032E+00  0.0000E+00
      4.916  0.5660E-01  0.2375E+00  0.0000E+00
      4.986  0.9096E-01  0.3598E+00  0.0000E+00
      5.055  0.5417E-01  0.3382E+00  0.0000E+00
      5.124  0.8181E-01  0.5625E+00  0.0000E+00
      5.194  0.4400E-01  0.2467E+00  0.0000E+00
      5.263  0.3231E-01  0.1887E+00  0.0000E+00
      5.332  0.4161E-01  0.2155E+00  0.0000E+00
      5.402  0.3380E-01  0.2851E+00  0.0000E+00
      5.471  0.2262E-01  0.2187E+00  0.0000E+00
      5.540  0.2371E-01  0.1864E+00  0.0000E+00
      5.610  0.2546E-01  0.2188E+00  0.0000E+00
      5.679  0.2513E-01  0.2115E+00  0.0000E+00
      5.748  0.3478E-01  0.2037E+00  0.0000E+00
      5.818  0.2890E-01  0.1632E+00  0.0000E+00
      5.887  0.1596E-01  0.7490E-01  0.0000E+00
      5.956  0.1644E-01  0.7474E-01  0.0000E+00
      6.026  0.4534E-02  0.2421E-01  0.0000E+00
      6.095  0.5200E-02  0.2243E-01  0.0000E+00
      6.165  0.3759E-02  0.1174E-01  0.0000E+00
      6.234  0.5399E-02  0.1492E-01  0.0000E+00
      6.303  0.7061E-02  0.1654E-01  0.0000E+00
      6.373  0.7363E-02  0.1591E-01  0.0000E+00
      6.442  0.1014E-01  0.1692E-01  0.0000E+00
      6.511  0.6337E-02  0.1096E-01  0.0000E+00
      6.581  0.3622E-02  0.6774E-02  0.0000E+00
      6.650  0.1627E-02  0.3196E-02  0.0000E+00
      6.719  0.0000E+00  0.0000E+00  0.0000E+00
      6.789  0.0000E+00  0.0000E+00  0.0000E+00
      6.858  0.0000E+00  0.0000E+00  0.0000E+00
      6.927  0.0000E+00  0.0000E+00  0.0000E+00
      6.997  0.0000E+00  0.0000E+00  0.0000E+00
      7.066  0.0000E+00  0.0000E+00  0.0000E+00
      7.135  0.0000E+00  0.0000E+00  0.0000E+00
      7.205  0.0000E+00  0.0000E+00  0.0000E+00
      7.274  0.0000E+00  0.0000E+00  0.0000E+00
      7.343  0.0000E+00  0.0000E+00  0.0000E+00
      7.413  0.0000E+00  0.0000E+00  0.0000E+00
      7.482  0.0000E+00  0.0000E+00  0.0000E+00
      7.551  0.0000E+00  0.0000E+00  0.0000E+00
      7.621  0.0000E+00  0.0000E+00  0.0000E+00
      7.690  0.0000E+00  0.0000E+00  0.0000E+00
