    -13.112  0.0000E+00  0.0000E+00  0.0000E+00
    -13.042  0.0000E+00  0.0000E+00  0.0000E+00
    -12.973  0.0000E+00  0.0000E+00  0.0000E+00
    -12.904  0.0000E+00  0.0000E+00  0.0000E+00
    -12.834  0.0000E+00  0.0000E+00  0.0000E+00
    -12.765  0.0000E+00  0.0000E+00  0.0000E+00
    -12.696  0.0000E+00  0.0000E+00  0.0000E+00
    -12.626  0.0000E+00  0.0000E+00  0.0000E+00
    -12.557  0.0000E+00  0.0000E+00  0.0000E+00
    -12.488  0.0000E+00  0.0000E+00  0.0000E+00
    -12.418  0.0000E+00  0.0000E+00  0.0000E+00
    -12.349  0.0000E+00  0.0000E+00  0.0000E+00
    -12.280  0.0000E+00  0.0000E+00  0.0000E+00
    -12.210  0.0000E+00  0.0000E+00  0.0000E+00
    -12.141  0.0000E+00  0.0000E+00  0.0000E+00
    -12.072  0.1064E+00  0.6938E-03  0.0000E+00
    -12.002  0.1372E+00  0.1097E-02  0.0000E+00
    -11.933  0.1342E+00  0.1267E-02  0.0000E+00
    -11.864  0.1468E+00  0.1454E-02  0.0000E+00
    -11.794  0.1627E+00  0.1838E-02  0.0000E+00
    -11.725  0.1363E+00  0.2134E-02  0.0000E+00
    -11.656  0.1488E+00  0.2363E-02  0.0000E+00
    -11.586  0.1656E+00  0.2566E-02  0.0000E+00
    -11.517  0.2842E+00  0.3961E-02  0.0000E+00
    -11.448  0.1986E+00  0.2842E-02  0.0000E+00
    -11.378  0.2610E+00  0.3810E-02  0.0000E+00
    -11.309  0.3337E+00  0.6544E-02  0.0000E+00
    -11.240  0.3574E+00  0.8102E-02  0.0000E+00
    -11.170  0.1570E+00  0.3753E-02  0.0000E+00
    -11.101  0.2445E+00  0.5952E-02  0.0000E+00
    -11.032  0.3002E+00  0.7229E-02  0.0000E+00
    -10.962  0.2355E+00  0.5244E-02  0.0000E+00
    -10.893  0.3090E+00  0.6177E-02  0.0000E+00
    -10.823  0.3990E+00  0.7871E-02  0.0000E+00
    -10.754  0.5054E+00  0.1122E-01  0.0000E+00
    -10.685  0.6986E+00  0.1675E-01  0.0000E+00
    -10.615  0.3532E+00  0.9047E-02  0.0000E+00
    -10.546  0.2602E+00  0.7026E-02  0.0000E+00
    -10.477  0.3745E+00  0.9790E-02  0.0000E+00
    -10.407  0.3570E+00  0.8318E-02  0.0000E+00
    -10.338  0.5748E+00  0.1364E-01  0.0000E+00
    -10.269  0.2773E+00  0.5913E-02  0.0000E+00
    -10.199  0.2567E+00  0.5267E-02  0.0000E+00
    -10.130  0.4100E-01  0.1596E-02  0.0000E+00
    -10.061  0.8289E-01  0.2936E-02  0.0000E+00
     -9.991  0.5054E-01  0.1494E-02  0.0000E+00
     -9.922  0.4211E-01  0.1276E-02  0.0000E+00
     -9.853  0.3401E-01  0.1055E-02  0.0000E+00
     -9.783  0.2874E-01  0.8795E-03  0.0000E+00
     -9.714  0.9884E-02  0.4196E-03  0.0000E+00
     -9.645  0.8286E-02  0.3619E-03  0.0000E+00
     -9.575  0.7653E-02  0.3466E-03  0.0000E+00
     -9.506  0.7166E-02  0.3182E-03  0.0000E+00
     -9.437  0.9492E-02  0.4030E-03  0.0000E+00
     -9.367  0.5681E-02  0.2336E-03  0.0000E+00
     -9.298  0.0000E+00  0.0000E+00  0.0000E+00
     -9.229  0.7513E-02  0.9100E-02  0.0000E+00
     -9.159  0.1787E-01  0.1979E-01  0.0000E+00
     -9.090  0.2047E-01  0.1983E-01  0.0000E+00
     -9.021  0.2383E-01  0.1967E-01  0.0000E+00
     -8.951  0.4521E-01  0.2497E-01  0.0000E+00
     -8.882  0.9238E-01  0.3296E-01  0.0000E+00
     -8.813  0.2862E+00  0.6660E-01  0.0000E+00
     -8.743  0.1161E+00  0.2611E-01  0.0000E+00
     -8.674  0.1382E+00  0.2799E-01  0.0000E+00
     -8.605  0.1067E+00  0.3476E-01  0.0000E+00
     -8.535  0.8279E-01  0.2637E-01  0.0000E+00
     -8.466  0.6458E-01  0.2067E-01  0.0000E+00
     -8.397  0.8224E-01  0.3446E-01  0.0000E+00
     -8.327  0.8417E-01  0.3151E-01  0.0000E+00
     -8.258  0.8527E-01  0.3160E-01  0.0000E+00
     -8.189  0.1096E+00  0.3666E-01  0.0000E+00
     -8.119  0.1338E+00  0.4064E-01  0.0000E+00
     -8.050  0.2248E+00  0.5833E-01  0.0000E+00
     -7.981  0.2544E+00  0.5695E-01  0.0000E+00
     -7.911  0.3217E+00  0.5946E-01  0.0000E+00
     -7.842  0.4224E+00  0.5929E-01  0.0000E+00
     -7.773  0.3744E+00  0.5561E-01  0.0000E+00
     -7.703  0.2224E+00  0.3280E-01  0.0000E+00
     -7.634  0.8759E+00  0.1087E+00  0.0000E+00
     -7.565  0.4391E+00  0.4917E-01  0.0000E+00
     -7.495  0.2861E+00  0.3644E-01  0.0000E+00
     -7.426  0.3162E+00  0.3845E-01  0.0000E+00
     -7.357  0.1344E+00  0.1904E-01  0.0000E+00
     -7.287  0.3850E+00  0.5146E-01  0.0000E+00
     -7.218  0.5387E-02  0.3759E-03  0.0000E+00
     -7.149  0.2857E-02  0.2589E-03  0.0000E+00
     -7.079  0.1244E-02  0.1678E-03  0.0000E+00
     -7.010  0.5378E-03  0.9900E-04  0.0000E+00
     -6.941  0.0000E+00  0.0000E+00  0.0000E+00
     -6.871  0.0000E+00  0.0000E+00  0.0000E+00
     -6.802  0.0000E+00  0.0000E+00  0.0000E+00
     -6.732  0.0000E+00  0.0000E+00  0.0000E+00
     -6.663  0.0000E+00  0.0000E+00  0.0000E+00
     -6.594  0.0000E+00  0.0000E+00  0.0000E+00
     -6.524  0.0000E+00  0.0000E+00  0.0000E+00
     -6.455  0.0000E+00  0.0000E+00  0.0000E+00
     -6.386  0.0000E+00  0.0000E+00  0.0000E+00
     -6.316  0.0000E+00  0.0000E+00  0.0000E+00
     -6.247  0.0000E+00  0.0000E+00  0.0000E+00
     -6.178  0.0000E+00  0.0000E+00  0.0000E+00
     -6.108  0.0000E+00  0.0000E+00  0.0000E+00
     -6.039  0.0000E+00  0.0000E+00  0.0000E+00
     -5.970  0.0000E+00  0.0000E+00  0.0000E+00
     -5.900  0.0000E+00  0.0000E+00  0.0000E+00
     -5.831  0.0000E+00  0.0000E+00  0.0000E+00
     -5.762  0.0000E+00  0.0000E+00  0.0000E+00
     -5.692  0.0000E+00  0.0000E+00  0.0000E+00
     -5.623  0.0000E+00  0.0000E+00  0.0000E+00
     -5.554  0.0000E+00  0.0000E+00  0.0000E+00
     -5.484  0.0000E+00  0.0000E+00  0.0000E+00
     -5.415  0.0000E+00  0.0000E+00  0.0000E+00
     -5.346  0.0000E+00  0.0000E+00  0.0000E+00
     -5.276  0.0000E+00  0.0000E+00  0.0000E+00
     -5.207  0.0000E+00  0.0000E+00  0.0000E+00
     -5.138  0.0000E+00  0.0000E+00  0.0000E+00
     -5.068  0.1333E-01  0.1595E+00  0.0000E+00
     -4.999  0.8674E-02  0.1155E+00  0.0000E+00
     -4.930  0.7428E-02  0.1101E+00  0.0000E+00
     -4.860  0.7652E-02  0.1148E+00  0.0000E+00
     -4.791  0.8049E-02  0.1236E+00  0.0000E+00
     -4.722  0.8812E-02  0.1597E+00  0.0000E+00
     -4.652  0.9907E-02  0.1946E+00  0.0000E+00
     -4.583  0.9032E-02  0.3516E+00  0.0000E+00
     -4.514  0.9675E-02  0.2091E+00  0.0000E+00
     -4.444  0.1955E-01  0.3296E+00  0.0000E+00
     -4.375  0.8586E-02  0.2565E+00  0.0000E+00
     -4.306  0.2612E-01  0.3709E+00  0.0000E+00
     -4.236  0.2521E-01  0.3495E+00  0.0000E+00
     -4.167  0.1277E-01  0.1764E+00  0.0000E+00
     -4.098  0.5984E-01  0.1034E+01  0.0000E+00
     -4.028  0.6104E-03  0.2989E-01  0.0000E+00
     -3.959  0.8935E-02  0.2039E+00  0.0000E+00
     -3.890  0.2799E-01  0.5741E+00  0.0000E+00
     -3.820  0.7821E-02  0.1596E+00  0.0000E+00
     -3.751  0.3628E-01  0.5146E+00  0.0000E+00
     -3.682  0.7438E-02  0.2257E+00  0.0000E+00
     -3.612  0.9409E-02  0.3607E+00  0.0000E+00
     -3.543  0.7490E-02  0.3129E+00  0.0000E+00
     -3.474  0.7872E-02  0.4396E+00  0.0000E+00
     -3.404  0.1254E-01  0.3253E+00  0.0000E+00
     -3.335  0.1546E-02  0.8484E-01  0.0000E+00
     -3.266  0.1357E-01  0.4004E+00  0.0000E+00
     -3.196  0.1613E-01  0.4856E+00  0.0000E+00
     -3.127  0.1573E-01  0.4204E+00  0.0000E+00
     -3.058  0.6937E-02  0.2498E+00  0.0000E+00
     -2.988  0.8623E-02  0.4100E+00  0.0000E+00
     -2.919  0.1492E-01  0.3695E+00  0.0000E+00
     -2.850  0.1105E-01  0.4450E+00  0.0000E+00
     -2.780  0.2003E-01  0.5682E+00  0.0000E+00
     -2.711  0.1183E-01  0.2904E+00  0.0000E+00
     -2.642  0.1311E-01  0.3447E+00  0.0000E+00
     -2.572  0.8021E-02  0.2761E+00  0.0000E+00
     -2.503  0.1101E-01  0.2355E+00  0.0000E+00
     -2.433  0.8439E-02  0.2231E+00  0.0000E+00
     -2.364  0.1687E-01  0.2981E+00  0.0000E+00
     -2.295  0.9546E-02  0.1731E+00  0.0000E+00
     -2.225  0.7806E-02  0.2898E+00  0.0000E+00
     -2.156  0.1929E-02  0.6845E-01  0.0000E+00
     -2.087  0.1015E-01  0.3241E+00  0.0000E+00
     -2.017  0.1588E-01  0.3122E+00  0.0000E+00
     -1.948  0.4322E-02  0.4075E+00  0.0000E+00
     -1.879  0.5693E-02  0.3060E+00  0.0000E+00
     -1.809  0.2535E-02  0.2149E+00  0.0000E+00
     -1.740  0.3081E-02  0.2460E+00  0.0000E+00
     -1.671  0.3888E-02  0.1868E+00  0.0000E+00
     -1.601  0.5924E-02  0.2434E+00  0.0000E+00
     -1.532  0.5930E-02  0.1319E+00  0.0000E+00
     -1.463  0.5648E-02  0.2221E+00  0.0000E+00
     -1.393  0.5135E-02  0.1510E+00  0.0000E+00
     -1.324  0.6359E-02  0.1502E+00  0.0000E+00
     -1.255  0.2968E-02  0.7083E-01  0.0000E+00
     -1.185  0.4006E-02  0.9033E-01  0.0000E+00
     -1.116  0.8489E-02  0.1243E+00  0.0000E+00
     -1.047  0.2449E-02  0.2866E-01  0.0000E+00
     -0.977  0.1126E-01  0.1326E+00  0.0000E+00
     -0.908  0.9314E-02  0.1174E+00  0.0000E+00
     -0.839  0.1231E-01  0.1305E+00  0.0000E+00
     -0.769  0.1064E-01  0.1023E+00  0.0000E+00
     -0.700  0.2681E-02  0.4136E-01  0.0000E+00
     -0.631  0.1374E-01  0.1189E+00  0.0000E+00
     -0.561  0.9385E-02  0.9587E-01  0.0000E+00
     -0.492  0.2406E-02  0.3401E-01  0.0000E+00
     -0.423  0.9611E-02  0.1267E+00  0.0000E+00
     -0.353  0.4870E-02  0.6305E-01  0.0000E+00
     -0.284  0.5383E-02  0.8527E-01  0.0000E+00
     -0.215  0.7124E-02  0.7080E-01  0.0000E+00
     -0.145  0.7779E-02  0.5231E-01  0.0000E+00
     -0.076  0.3298E-02  0.6359E-01  0.0000E+00
     -0.007  0.4659E-02  0.4094E-01  0.0000E+00
      0.063  0.4126E-02  0.2851E-01  0.0000E+00
      0.132  0.6383E-02  0.4754E-01  0.0000E+00
      0.201  0.1256E-01  0.6432E-01  0.0000E+00
      0.271  0.5274E-02  0.2097E-01  0.0000E+00
      0.340  0.2062E-01  0.3854E-01  0.0000E+00
      0.409  0.4840E-02  0.1240E-01  0.0000E+00
      0.479  0.1119E-01  0.4563E-01  0.0000E+00
      0.548  0.5577E-02  0.2887E-01  0.0000E+00
      0.617  0.4555E-02  0.2017E-01  0.0000E+00
      0.687  0.7660E-02  0.4174E-01  0.0000E+00
      0.756  0.1287E-01  0.4098E-01  0.0000E+00
      0.825  0.9022E-02  0.4093E-01  0.0000E+00
      0.895  0.1718E-01  0.7506E-01  0.0000E+00
      0.964  0.2008E-01  0.4809E-01  0.0000E+00
      1.033  0.1723E-01  0.1326E+00  0.0000E+00
      1.103  0.9680E-02  0.5172E-01  0.0000E+00
      1.172  0.1860E-01  0.1121E+00  0.0000E+00
      1.241  0.1124E-01  0.6878E-01  0.0000E+00
      1.311  0.1545E-01  0.4450E-01  0.0000E+00
      1.380  0.1630E-01  0.7907E-01  0.0000E+00
      1.449  0.1406E-01  0.1367E+00  0.0000E+00
      1.519  0.1831E-01  0.6369E-01  0.0000E+00
      1.588  0.1090E-01  0.7051E-01  0.0000E+00
      1.657  0.4318E-01  0.1594E+00  0.0000E+00
      1.727  0.3854E-01  0.1252E+00  0.0000E+00
      1.796  0.2891E-01  0.1269E+00  0.0000E+00
      1.866  0.1712E-01  0.6300E-01  0.0000E+00
      1.935  0.5550E-02  0.4059E-01  0.0000E+00
      2.004  0.7028E-02  0.3556E-01  0.0000E+00
      2.074  0.2320E-01  0.1133E+00  0.0000E+00
      2.143  0.1982E-01  0.7548E-01  0.0000E+00
      2.212  0.1893E-01  0.7442E-01  0.0000E+00
      2.282  0.1249E-01  0.6898E-01  0.0000E+00
      2.351  0.3033E-01  0.1106E+00  0.0000E+00
      2.420  0.2686E-01  0.8486E-01  0.0000E+00
      2.490  0.2127E-01  0.6694E-01  0.0000E+00
      2.559  0.2416E-01  0.5756E-01  0.0000E+00
      2.628  0.3731E-01  0.1071E+00  0.0000E+00
      2.698  0.4763E-01  0.1168E+00  0.0000E+00
      2.767  0.3922E-01  0.1025E+00  0.0000E+00
      2.836  0.3125E-01  0.7366E-01  0.0000E+00
      2.906  0.4583E-01  0.9326E-01  0.0000E+00
      2.975  0.4495E-01  0.1238E+00  0.0000E+00
      3.044  0.7685E-01  0.1679E+00  0.0000E+00
      3.114  0.5555E-01  0.1420E+00  0.0000E+00
      3.183  0.5005E-01  0.1440E+00  0.0000E+00
      3.252  0.4114E-01  0.1045E+00  0.0000E+00
      3.322  0.3176E-01  0.8475E-01  0.0000E+00
      3.391  0.5335E-01  0.1039E+00  0.0000E+00
      3.460  0.5729E-01  0.1079E+00  0.0000E+00
      3.530  0.3662E-01  0.8557E-01  0.0000E+00
      3.599  0.5321E-01  0.1586E+00  0.0000E+00
      3.668  0.4971E-01  0.2233E+00  0.0000E+00
      3.738  0.3197E-01  0.1776E+00  0.0000E+00
      3.807  0.4332E-01  0.1444E+00  0.0000E+00
      3.876  0.4106E-01  0.1650E+00  0.0000E+00
      3.946  0.4355E-01  0.1740E+00  0.0000E+00
      4.015  0.6339E-01  0.2184E+00  0.0000E+00
      4.084  0.4923E-01  0.1327E+00  0.0000E+00
      4.154  0.3361E-01  0.1595E+00  0.0000E+00
      4.223  0.3354E-01  0.1521E+00  0.0000E+00
      4.292  0.3876E-01  0.1253E+00  0.0000E+00
      4.362  0.5638E-01  0.2022E+00  0.0000E+00
      4.431  0.5384E-01  0.1882E+00  0.0000E+00
      4.500  0.5263E-01  0.2034E+00  0.0000E+00
      4.570  0.6329E-01  0.2300E+00  0.0000E+00
      4.639  0.2237E-01  0.1150E+00  0.0000E+00
      4.708  0.4319E-01  0.1978E+00  0.0000E+00
      4.778  0.6048E-01  0.3355E+00  0.0000E+00
      4.847  0.3649E-01  0.1954E+00  0.0000E+00
      4.916  0.4883E-01  0.2034E+00  0.0000E+00
      4.986  0.6215E-01  0.3537E+00  0.0000E+00
      5.055  0.5582E-01  0.3570E+00  0.0000E+00
      5.124  0.8858E-01  0.6023E+00  0.0000E+00
      5.194  0.3787E-01  0.2194E+00  0.0000E+00
      5.263  0.3565E-01  0.1947E+00  0.0000E+00
      5.332  0.4153E-01  0.2238E+00  0.0000E+00
      5.402  0.3347E-01  0.2767E+00  0.0000E+00
      5.471  0.3569E-01  0.2303E+00  0.0000E+00
      5.540  0.1757E-01  0.2124E+00  0.0000E+00
      5.610  0.2301E-01  0.2380E+00  0.0000E+00
      5.679  0.2916E-01  0.2268E+00  0.0000E+00
      5.748  0.2834E-01  0.1887E+00  0.0000E+00
      5.818  0.2749E-01  0.1602E+00  0.0000E+00
      5.887  0.1701E-01  0.9099E-01  0.0000E+00
      5.956  0.1827E-01  0.9414E-01  0.0000E+00
      6.026  0.8346E-02  0.3143E-01  0.0000E+00
      6.095  0.4369E-02  0.2320E-01  0.0000E+00
      6.165  0.2914E-02  0.1097E-01  0.0000E+00
      6.234  0.4333E-02  0.1464E-01  0.0000E+00
      6.303  0.5656E-02  0.1691E-01  0.0000E+00
      6.373  0.5979E-02  0.1609E-01  0.0000E+00
      6.442  0.7410E-02  0.1809E-01  0.0000E+00
      6.511  0.4263E-02  0.1191E-01  0.0000E+00
      6.581  0.2338E-02  0.5891E-02  0.0000E+00
      6.650  0.1332E-02  0.2900E-02  0.0000E+00
      6.719  0.0000E+00  0.0000E+00  0.0000E+00
      6.789  0.0000E+00  0.0000E+00  0.0000E+00
      6.858  0.0000E+00  0.0000E+00  0.0000E+00
      6.927  0.0000E+00  0.0000E+00  0.0000E+00
      6.997  0.0000E+00  0.0000E+00  0.0000E+00
      7.066  0.0000E+00  0.0000E+00  0.0000E+00
      7.135  0.0000E+00  0.0000E+00  0.0000E+00
      7.205  0.0000E+00  0.0000E+00  0.0000E+00
      7.274  0.0000E+00  0.0000E+00  0.0000E+00
      7.343  0.0000E+00  0.0000E+00  0.0000E+00
      7.413  0.0000E+00  0.0000E+00  0.0000E+00
      7.482  0.0000E+00  0.0000E+00  0.0000E+00
      7.551  0.0000E+00  0.0000E+00  0.0000E+00
      7.621  0.0000E+00  0.0000E+00  0.0000E+00
      7.690  0.0000E+00  0.0000E+00  0.0000E+00
