    -13.112  0.0000E+00  0.0000E+00  0.0000E+00
    -13.042  0.0000E+00  0.0000E+00  0.0000E+00
    -12.973  0.0000E+00  0.0000E+00  0.0000E+00
    -12.904  0.0000E+00  0.0000E+00  0.0000E+00
    -12.834  0.0000E+00  0.0000E+00  0.0000E+00
    -12.765  0.0000E+00  0.0000E+00  0.0000E+00
    -12.696  0.0000E+00  0.0000E+00  0.0000E+00
    -12.626  0.0000E+00  0.0000E+00  0.0000E+00
    -12.557  0.0000E+00  0.0000E+00  0.0000E+00
    -12.488  0.0000E+00  0.0000E+00  0.0000E+00
    -12.418  0.0000E+00  0.0000E+00  0.0000E+00
    -12.349  0.0000E+00  0.0000E+00  0.0000E+00
    -12.280  0.0000E+00  0.0000E+00  0.0000E+00
    -12.210  0.0000E+00  0.0000E+00  0.0000E+00
    -12.141  0.0000E+00  0.0000E+00  0.0000E+00
    -12.072  0.1064E+00  0.6937E-03  0.0000E+00
    -12.002  0.1372E+00  0.1097E-02  0.0000E+00
    -11.933  0.1256E+00  0.1336E-02  0.0000E+00
    -11.864  0.1224E+00  0.1648E-02  0.0000E+00
    -11.794  0.1391E+00  0.2023E-02  0.0000E+00
    -11.725  0.1594E+00  0.1945E-02  0.0000E+00
    -11.656  0.1669E+00  0.2216E-02  0.0000E+00
    -11.586  0.1744E+00  0.2471E-02  0.0000E+00
    -11.517  0.2797E+00  0.3938E-02  0.0000E+00
    -11.448  0.1899E+00  0.2838E-02  0.0000E+00
    -11.378  0.2463E+00  0.3747E-02  0.0000E+00
    -11.309  0.3147E+00  0.6425E-02  0.0000E+00
    -11.240  0.3782E+00  0.8108E-02  0.0000E+00
    -11.170  0.1795E+00  0.3827E-02  0.0000E+00
    -11.101  0.2140E+00  0.4984E-02  0.0000E+00
    -11.032  0.2976E+00  0.7093E-02  0.0000E+00
    -10.962  0.2575E+00  0.5797E-02  0.0000E+00
    -10.893  0.3185E+00  0.6413E-02  0.0000E+00
    -10.823  0.4016E+00  0.7935E-02  0.0000E+00
    -10.754  0.4957E+00  0.1108E-01  0.0000E+00
    -10.685  0.7084E+00  0.1689E-01  0.0000E+00
    -10.615  0.3529E+00  0.9036E-02  0.0000E+00
    -10.546  0.2556E+00  0.6833E-02  0.0000E+00
    -10.477  0.3842E+00  0.1023E-01  0.0000E+00
    -10.407  0.3573E+00  0.8324E-02  0.0000E+00
    -10.338  0.5296E+00  0.1201E-01  0.0000E+00
    -10.269  0.3429E+00  0.8262E-02  0.0000E+00
    -10.199  0.2562E+00  0.5248E-02  0.0000E+00
    -10.130  0.4028E-01  0.1565E-02  0.0000E+00
    -10.061  0.8431E-01  0.2996E-02  0.0000E+00
     -9.991  0.4756E-01  0.1432E-02  0.0000E+00
     -9.922  0.4227E-01  0.1249E-02  0.0000E+00
     -9.853  0.3434E-01  0.1068E-02  0.0000E+00
     -9.783  0.2933E-01  0.9305E-03  0.0000E+00
     -9.714  0.1022E-01  0.4311E-03  0.0000E+00
     -9.645  0.8731E-02  0.3726E-03  0.0000E+00
     -9.575  0.7781E-02  0.3368E-03  0.0000E+00
     -9.506  0.7146E-02  0.3134E-03  0.0000E+00
     -9.437  0.9492E-02  0.4030E-03  0.0000E+00
     -9.367  0.5681E-02  0.2336E-03  0.0000E+00
     -9.298  0.0000E+00  0.0000E+00  0.0000E+00
     -9.229  0.7512E-02  0.9100E-02  0.0000E+00
     -9.159  0.1787E-01  0.1979E-01  0.0000E+00
     -9.090  0.1651E-01  0.1646E-01  0.0000E+00
     -9.021  0.2631E-01  0.2183E-01  0.0000E+00
     -8.951  0.4761E-01  0.2706E-01  0.0000E+00
     -8.882  0.8914E-01  0.3243E-01  0.0000E+00
     -8.813  0.2862E+00  0.6664E-01  0.0000E+00
     -8.743  0.1161E+00  0.2611E-01  0.0000E+00
     -8.674  0.1379E+00  0.2781E-01  0.0000E+00
     -8.605  0.1072E+00  0.3512E-01  0.0000E+00
     -8.535  0.8442E-01  0.2739E-01  0.0000E+00
     -8.466  0.6387E-01  0.2084E-01  0.0000E+00
     -8.397  0.7906E-01  0.3386E-01  0.0000E+00
     -8.327  0.8629E-01  0.3191E-01  0.0000E+00
     -8.258  0.8767E-01  0.3205E-01  0.0000E+00
     -8.189  0.1126E+00  0.3679E-01  0.0000E+00
     -8.119  0.1340E+00  0.4061E-01  0.0000E+00
     -8.050  0.2205E+00  0.5809E-01  0.0000E+00
     -7.981  0.2531E+00  0.5389E-01  0.0000E+00
     -7.911  0.3226E+00  0.6141E-01  0.0000E+00
     -7.842  0.4202E+00  0.5847E-01  0.0000E+00
     -7.773  0.3409E+00  0.5440E-01  0.0000E+00
     -7.703  0.2325E+00  0.3185E-01  0.0000E+00
     -7.634  0.9688E+00  0.1254E+00  0.0000E+00
     -7.565  0.4223E+00  0.4617E-01  0.0000E+00
     -7.495  0.2833E+00  0.3588E-01  0.0000E+00
     -7.426  0.3162E+00  0.3845E-01  0.0000E+00
     -7.357  0.1344E+00  0.1904E-01  0.0000E+00
     -7.287  0.3850E+00  0.5145E-01  0.0000E+00
     -7.218  0.5435E-02  0.3879E-03  0.0000E+00
     -7.149  0.2857E-02  0.2589E-03  0.0000E+00
     -7.079  0.1244E-02  0.1678E-03  0.0000E+00
     -7.010  0.5378E-03  0.9900E-04  0.0000E+00
     -6.941  0.0000E+00  0.0000E+00  0.0000E+00
     -6.871  0.0000E+00  0.0000E+00  0.0000E+00
     -6.802  0.0000E+00  0.0000E+00  0.0000E+00
     -6.732  0.0000E+00  0.0000E+00  0.0000E+00
     -6.663  0.0000E+00  0.0000E+00  0.0000E+00
     -6.594  0.0000E+00  0.0000E+00  0.0000E+00
     -6.524  0.0000E+00  0.0000E+00  0.0000E+00
     -6.455  0.0000E+00  0.0000E+00  0.0000E+00
     -6.386  0.0000E+00  0.0000E+00  0.0000E+00
     -6.316  0.0000E+00  0.0000E+00  0.0000E+00
     -6.247  0.0000E+00  0.0000E+00  0.0000E+00
     -6.178  0.0000E+00  0.0000E+00  0.0000E+00
     -6.108  0.0000E+00  0.0000E+00  0.0000E+00
     -6.039  0.0000E+00  0.0000E+00  0.0000E+00
     -5.970  0.0000E+00  0.0000E+00  0.0000E+00
     -5.900  0.0000E+00  0.0000E+00  0.0000E+00
     -5.831  0.0000E+00  0.0000E+00  0.0000E+00
     -5.762  0.0000E+00  0.0000E+00  0.0000E+00
     -5.692  0.0000E+00  0.0000E+00  0.0000E+00
     -5.623  0.0000E+00  0.0000E+00  0.0000E+00
     -5.554  0.0000E+00  0.0000E+00  0.0000E+00
     -5.484  0.0000E+00  0.0000E+00  0.0000E+00
     -5.415  0.0000E+00  0.0000E+00  0.0000E+00
     -5.346  0.0000E+00  0.0000E+00  0.0000E+00
     -5.276  0.0000E+00  0.0000E+00  0.0000E+00
     -5.207  0.0000E+00  0.0000E+00  0.0000E+00
     -5.138  0.0000E+00  0.0000E+00  0.0000E+00
     -5.068  0.1260E-01  0.1455E+00  0.0000E+00
     -4.999  0.8524E-02  0.1125E+00  0.0000E+00
     -4.930  0.7756E-02  0.1165E+00  0.0000E+00
     -4.860  0.7948E-02  0.1205E+00  0.0000E+00
     -4.791  0.8159E-02  0.1249E+00  0.0000E+00
     -4.722  0.8817E-02  0.1561E+00  0.0000E+00
     -4.652  0.9913E-02  0.1884E+00  0.0000E+00
     -4.583  0.8410E-02  0.3422E+00  0.0000E+00
     -4.514  0.9639E-02  0.2153E+00  0.0000E+00
     -4.444  0.2091E-01  0.3207E+00  0.0000E+00
     -4.375  0.8586E-02  0.2565E+00  0.0000E+00
     -4.306  0.2629E-01  0.3551E+00  0.0000E+00
     -4.236  0.2494E-01  0.3596E+00  0.0000E+00
     -4.167  0.1301E-01  0.1834E+00  0.0000E+00
     -4.098  0.6297E-01  0.1017E+01  0.0000E+00
     -4.028  0.6104E-03  0.2989E-01  0.0000E+00
     -3.959  0.1079E-01  0.1843E+00  0.0000E+00
     -3.890  0.2648E-01  0.5768E+00  0.0000E+00
     -3.820  0.7602E-02  0.1622E+00  0.0000E+00
     -3.751  0.4141E-01  0.5452E+00  0.0000E+00
     -3.682  0.7409E-02  0.2231E+00  0.0000E+00
     -3.612  0.9429E-02  0.3591E+00  0.0000E+00
     -3.543  0.7525E-02  0.3207E+00  0.0000E+00
     -3.474  0.8318E-02  0.4454E+00  0.0000E+00
     -3.404  0.1028E-01  0.3396E+00  0.0000E+00
     -3.335  0.1426E-02  0.8334E-01  0.0000E+00
     -3.266  0.1350E-01  0.4053E+00  0.0000E+00
     -3.196  0.1609E-01  0.4828E+00  0.0000E+00
     -3.127  0.1575E-01  0.4207E+00  0.0000E+00
     -3.058  0.7070E-02  0.2501E+00  0.0000E+00
     -2.988  0.8517E-02  0.4134E+00  0.0000E+00
     -2.919  0.1556E-01  0.3634E+00  0.0000E+00
     -2.850  0.1055E-01  0.4415E+00  0.0000E+00
     -2.780  0.1928E-01  0.5514E+00  0.0000E+00
     -2.711  0.1222E-01  0.3059E+00  0.0000E+00
     -2.642  0.1253E-01  0.3428E+00  0.0000E+00
     -2.572  0.8621E-02  0.2774E+00  0.0000E+00
     -2.503  0.1105E-01  0.2358E+00  0.0000E+00
     -2.433  0.8450E-02  0.2226E+00  0.0000E+00
     -2.364  0.1695E-01  0.3060E+00  0.0000E+00
     -2.295  0.9548E-02  0.1786E+00  0.0000E+00
     -2.225  0.7793E-02  0.2906E+00  0.0000E+00
     -2.156  0.1929E-02  0.6847E-01  0.0000E+00
     -2.087  0.9978E-02  0.3372E+00  0.0000E+00
     -2.017  0.1564E-01  0.3127E+00  0.0000E+00
     -1.948  0.4323E-02  0.4051E+00  0.0000E+00
     -1.879  0.5670E-02  0.3014E+00  0.0000E+00
     -1.809  0.2545E-02  0.2136E+00  0.0000E+00
     -1.740  0.3098E-02  0.2423E+00  0.0000E+00
     -1.671  0.3885E-02  0.1868E+00  0.0000E+00
     -1.601  0.5982E-02  0.2490E+00  0.0000E+00
     -1.532  0.6257E-02  0.1544E+00  0.0000E+00
     -1.463  0.5558E-02  0.2122E+00  0.0000E+00
     -1.393  0.5079E-02  0.1513E+00  0.0000E+00
     -1.324  0.6551E-02  0.1492E+00  0.0000E+00
     -1.255  0.2844E-02  0.7181E-01  0.0000E+00
     -1.185  0.4002E-02  0.8999E-01  0.0000E+00
     -1.116  0.8720E-02  0.1248E+00  0.0000E+00
     -1.047  0.2443E-02  0.2895E-01  0.0000E+00
     -0.977  0.1127E-01  0.1332E+00  0.0000E+00
     -0.908  0.9658E-02  0.1020E+00  0.0000E+00
     -0.839  0.1240E-01  0.1318E+00  0.0000E+00
     -0.769  0.1081E-01  0.1025E+00  0.0000E+00
     -0.700  0.2722E-02  0.4191E-01  0.0000E+00
     -0.631  0.1389E-01  0.1205E+00  0.0000E+00
     -0.561  0.9289E-02  0.9701E-01  0.0000E+00
     -0.492  0.2611E-02  0.3572E-01  0.0000E+00
     -0.423  0.9737E-02  0.1293E+00  0.0000E+00
     -0.353  0.4857E-02  0.6174E-01  0.0000E+00
     -0.284  0.4965E-02  0.7717E-01  0.0000E+00
     -0.215  0.7275E-02  0.7221E-01  0.0000E+00
     -0.145  0.7753E-02  0.5210E-01  0.0000E+00
     -0.076  0.3263E-02  0.6380E-01  0.0000E+00
     -0.007  0.4702E-02  0.4108E-01  0.0000E+00
      0.063  0.4164E-02  0.2814E-01  0.0000E+00
      0.132  0.6244E-02  0.4580E-01  0.0000E+00
      0.201  0.1233E-01  0.6282E-01  0.0000E+00
      0.271  0.5528E-02  0.2223E-01  0.0000E+00
      0.340  0.1995E-01  0.3914E-01  0.0000E+00
      0.409  0.4738E-02  0.1500E-01  0.0000E+00
      0.479  0.1134E-01  0.4605E-01  0.0000E+00
      0.548  0.5197E-02  0.2958E-01  0.0000E+00
      0.617  0.4338E-02  0.2032E-01  0.0000E+00
      0.687  0.7787E-02  0.4105E-01  0.0000E+00
      0.756  0.1282E-01  0.4066E-01  0.0000E+00
      0.825  0.8387E-02  0.4030E-01  0.0000E+00
      0.895  0.1702E-01  0.7506E-01  0.0000E+00
      0.964  0.2064E-01  0.4776E-01  0.0000E+00
      1.033  0.1846E-01  0.1284E+00  0.0000E+00
      1.103  0.8386E-02  0.4537E-01  0.0000E+00
      1.172  0.1853E-01  0.1138E+00  0.0000E+00
      1.241  0.1117E-01  0.6175E-01  0.0000E+00
      1.311  0.1551E-01  0.4427E-01  0.0000E+00
      1.380  0.1568E-01  0.7820E-01  0.0000E+00
      1.449  0.1379E-01  0.1361E+00  0.0000E+00
      1.519  0.1804E-01  0.7137E-01  0.0000E+00
      1.588  0.1361E-01  0.6847E-01  0.0000E+00
      1.657  0.4321E-01  0.1594E+00  0.0000E+00
      1.727  0.3851E-01  0.1253E+00  0.0000E+00
      1.796  0.2926E-01  0.1255E+00  0.0000E+00
      1.866  0.1715E-01  0.6341E-01  0.0000E+00
      1.935  0.5678E-02  0.4206E-01  0.0000E+00
      2.004  0.7222E-02  0.4137E-01  0.0000E+00
      2.074  0.2333E-01  0.1059E+00  0.0000E+00
      2.143  0.2089E-01  0.7687E-01  0.0000E+00
      2.212  0.1803E-01  0.7061E-01  0.0000E+00
      2.282  0.1261E-01  0.6365E-01  0.0000E+00
      2.351  0.3078E-01  0.1092E+00  0.0000E+00
      2.420  0.2581E-01  0.8620E-01  0.0000E+00
      2.490  0.2150E-01  0.6814E-01  0.0000E+00
      2.559  0.2357E-01  0.5698E-01  0.0000E+00
      2.628  0.3749E-01  0.1037E+00  0.0000E+00
      2.698  0.4740E-01  0.1181E+00  0.0000E+00
      2.767  0.4025E-01  0.1020E+00  0.0000E+00
      2.836  0.3116E-01  0.7365E-01  0.0000E+00
      2.906  0.4524E-01  0.9434E-01  0.0000E+00
      2.975  0.4561E-01  0.1244E+00  0.0000E+00
      3.044  0.7753E-01  0.1682E+00  0.0000E+00
      3.114  0.5728E-01  0.1419E+00  0.0000E+00
      3.183  0.5368E-01  0.1426E+00  0.0000E+00
      3.252  0.4382E-01  0.1032E+00  0.0000E+00
      3.322  0.3137E-01  0.8620E-01  0.0000E+00
      3.391  0.5359E-01  0.1018E+00  0.0000E+00
      3.460  0.5758E-01  0.1098E+00  0.0000E+00
      3.530  0.3528E-01  0.8398E-01  0.0000E+00
      3.599  0.5247E-01  0.1578E+00  0.0000E+00
      3.668  0.5105E-01  0.2256E+00  0.0000E+00
      3.738  0.3233E-01  0.1806E+00  0.0000E+00
      3.807  0.4470E-01  0.1528E+00  0.0000E+00
      3.876  0.3875E-01  0.1534E+00  0.0000E+00
      3.946  0.4427E-01  0.1754E+00  0.0000E+00
      4.015  0.6211E-01  0.2125E+00  0.0000E+00
      4.084  0.4963E-01  0.1330E+00  0.0000E+00
      4.154  0.3478E-01  0.1610E+00  0.0000E+00
      4.223  0.3371E-01  0.1516E+00  0.0000E+00
      4.292  0.3532E-01  0.1208E+00  0.0000E+00
      4.362  0.5716E-01  0.2028E+00  0.0000E+00
      4.431  0.5440E-01  0.1898E+00  0.0000E+00
      4.500  0.5197E-01  0.2006E+00  0.0000E+00
      4.570  0.6347E-01  0.2303E+00  0.0000E+00
      4.639  0.2466E-01  0.1162E+00  0.0000E+00
      4.708  0.4326E-01  0.1910E+00  0.0000E+00
      4.778  0.5879E-01  0.3331E+00  0.0000E+00
      4.847  0.3563E-01  0.1957E+00  0.0000E+00
      4.916  0.4905E-01  0.2114E+00  0.0000E+00
      4.986  0.6230E-01  0.3620E+00  0.0000E+00
      5.055  0.5767E-01  0.3852E+00  0.0000E+00
      5.124  0.8453E-01  0.5712E+00  0.0000E+00
      5.194  0.3753E-01  0.2147E+00  0.0000E+00
      5.263  0.3434E-01  0.1840E+00  0.0000E+00
      5.332  0.3623E-01  0.2203E+00  0.0000E+00
      5.402  0.3357E-01  0.2992E+00  0.0000E+00
      5.471  0.2874E-01  0.2272E+00  0.0000E+00
      5.540  0.2319E-01  0.1814E+00  0.0000E+00
      5.610  0.2414E-01  0.2133E+00  0.0000E+00
      5.679  0.2887E-01  0.2544E+00  0.0000E+00
      5.748  0.3849E-01  0.2066E+00  0.0000E+00
      5.818  0.3304E-01  0.1744E+00  0.0000E+00
      5.887  0.1337E-01  0.7368E-01  0.0000E+00
      5.956  0.1129E-01  0.8098E-01  0.0000E+00
      6.026  0.5875E-02  0.4871E-01  0.0000E+00
      6.095  0.3945E-02  0.3673E-01  0.0000E+00
      6.165  0.3942E-02  0.1219E-01  0.0000E+00
      6.234  0.5870E-02  0.1467E-01  0.0000E+00
      6.303  0.7219E-02  0.1548E-01  0.0000E+00
      6.373  0.7067E-02  0.1355E-01  0.0000E+00
      6.442  0.8301E-02  0.1267E-01  0.0000E+00
      6.511  0.5223E-02  0.8574E-02  0.0000E+00
      6.581  0.2343E-02  0.5758E-02  0.0000E+00
      6.650  0.9570E-03  0.2468E-02  0.0000E+00
      6.719  0.0000E+00  0.0000E+00  0.0000E+00
      6.789  0.0000E+00  0.0000E+00  0.0000E+00
      6.858  0.0000E+00  0.0000E+00  0.0000E+00
      6.927  0.0000E+00  0.0000E+00  0.0000E+00
      6.997  0.0000E+00  0.0000E+00  0.0000E+00
      7.066  0.0000E+00  0.0000E+00  0.0000E+00
      7.135  0.0000E+00  0.0000E+00  0.0000E+00
      7.205  0.0000E+00  0.0000E+00  0.0000E+00
      7.274  0.0000E+00  0.0000E+00  0.0000E+00
      7.343  0.0000E+00  0.0000E+00  0.0000E+00
      7.413  0.0000E+00  0.0000E+00  0.0000E+00
      7.482  0.0000E+00  0.0000E+00  0.0000E+00
      7.551  0.0000E+00  0.0000E+00  0.0000E+00
      7.621  0.0000E+00  0.0000E+00  0.0000E+00
      7.690  0.0000E+00  0.0000E+00  0.0000E+00
