-15.45249955   0.00000000   0.00000000   0.00000000 
-15.38249955   0.00000000   0.00000000   0.00000000 
-15.31349955   0.00000000   0.00000000   0.00000000 
-15.24449955   0.00000000   0.00000000   0.00000000 
-15.17449955   0.00000000   0.00000000   0.00000000 
-15.10549955   0.00000000   0.00000000   0.00000000 
-15.03649955   0.00000000   0.00000000   0.00000000 
-14.96649955   0.00000000   0.00000000   0.00000000 
-14.89749955   0.00000000   0.00000000   0.00000000 
-14.82849955   0.00000000   0.00000000   0.00000000 
-14.75849955   0.00000000   0.00000000   0.00000000 
-14.68949955   0.00000000   0.00000000   0.00000000 
-14.62049955   0.00000000   0.00000000   0.00000000 
-14.55049955   0.00000000   0.00000000   0.00000000 
-14.48149955   0.00000000   0.00000000   0.00000000 
-14.41249955   2.62700000   0.05691000   0.00000000 
-14.34249955   3.34300000   0.28790000   0.00000000 
-14.27349955   3.11100000   0.50520000   0.00000000 
-14.20449955   3.18100000   0.71960000   0.00000000 
-14.13449955   3.52700000   0.95350000   0.00000000 
-14.06549955   3.31800000   1.19500000   0.00000000 
-13.99649955   3.41700000   1.42800000   0.00000000 
-13.92649955   3.57100000   1.67000000   0.00000000 
-13.85749955   8.37100000   2.13600000   0.00000000 
-13.78849955   4.70200000   2.59900000   0.00000000 
-13.71849955   7.07900000   3.00500000   0.00000000 
-13.64949955  10.03000000   3.54900000   0.00000000 
-13.58049955  11.42000000   4.38900000   0.00000000 
-13.51049955   4.83300000   4.83900000   0.00000000 
-13.44149955   6.68300000   5.19200000   0.00000000 
-13.37249955   7.96900000   5.70600000   0.00000000 
-13.30249955   7.15400000   6.24600000   0.00000000 
-13.23349955   8.92000000   6.79600000   0.00000000 
-13.16349955   9.86700000   7.70200000   0.00000000 
-13.09449955  11.53000000   8.51900000   0.00000000 
-13.02549955  19.54000000   9.49000000   0.00000000 
-12.95549955  11.04000000  10.41000000   0.00000000 
-12.88649955  10.32000000  11.16000000   0.00000000 
-12.81749955  13.22000000  11.89000000   0.00000000 
-12.74749955  15.80000000  12.68000000   0.00000000 
-12.67849955  21.71000000  14.35000000   0.00000000 
-12.60949955  11.41000000  15.48000000   0.00000000 
-12.53949955  14.22000000  16.17000000   0.00000000 
-12.47049955  10.39000000  16.95000000   0.00000000 
-12.40149955  19.05000000  17.82000000   0.00000000 
-12.33149955  18.92000000  19.13000000   0.00000000 
-12.26249955  15.12000000  20.38000000   0.00000000 
-12.19349955  12.84000000  21.33000000   0.00000000 
-12.12349955  10.74000000  22.17000000   0.00000000 
-12.05449955   5.19700000  22.63000000   0.00000000 
-11.98549955   4.29600000  22.96000000   0.00000000 
-11.91549955   3.67400000  23.24000000   0.00000000 
-11.84649955   3.25300000  23.47000000   0.00000000 
-11.77749955   3.96100000  23.72000000   0.00000000 
-11.70749955   2.31600000  23.94000000   0.00000000 
-11.63849955   0.00000000  24.00000000   0.00000000 
-11.56949955   2.27000000  24.02000000   0.00000000 
-11.49949955   5.05400000  24.32000000   0.00000000 
-11.43049955   4.84500000  24.66000000   0.00000000 
-11.36149955   5.72000000  25.03000000   0.00000000 
-11.29149955   7.59900000  25.48000000   0.00000000 
-11.22249955  10.16000000  26.07000000   0.00000000 
-11.15349955  21.07000000  26.98000000   0.00000000 
-11.08349955   9.36000000  28.15000000   0.00000000 
-11.01449955   7.35800000  28.68000000   0.00000000 
-10.94549955   9.95900000  29.22000000   0.00000000 
-10.87549955   7.95100000  29.84000000   0.00000000 
-10.80649955   6.26500000  30.32000000   0.00000000 
-10.73749955  12.07000000  30.90000000   0.00000000 
-10.66749955  10.81000000  31.71000000   0.00000000 
-10.59849955  11.16000000  32.47000000   0.00000000 
-10.52949955  13.35000000  33.30000000   0.00000000 
-10.45949955  15.29000000  34.27000000   0.00000000 
-10.39049955  20.46000000  35.33000000   0.00000000 
-10.32149955  20.25000000  36.57000000   0.00000000 
-10.25149955  24.20000000  37.94000000   0.00000000 
-10.18249955  19.44000000  39.89000000   0.00000000 
-10.11349955  32.29000000  41.68000000   0.00000000 
-10.04349955  16.73000000  43.40000000   0.00000000 
 -9.97449955  49.53000000  45.64000000   0.00000000 
 -9.90549955  26.26000000  47.27000000   0.00000000 
 -9.83549955  22.37000000  48.75000000   0.00000000 
 -9.76649955  21.59000000  50.55000000   0.00000000 
 -9.69749955  10.41000000  51.57000000   0.00000000 
 -9.62749955  21.12000000  52.85000000   0.00000000 
 -9.55849955  11.47000000  53.74000000   0.00000000 
 -9.48949955   9.62600000  54.57000000   0.00000000 
 -9.41949955   8.90600000  55.22000000   0.00000000 
 -9.35049955   6.72700000  55.75000000   0.00000000 
 -9.28149955   0.00000000  56.00000000   0.00000000 
 -9.21149955   0.00000000  56.00000000   0.00000000 
 -9.14249955   0.00000000  56.00000000   0.00000000 
 -9.07249955   0.00000000  56.00000000   0.00000000 
 -9.00349955   0.00000000  56.00000000   0.00000000 
 -8.93449955   0.00000000  56.00000000   0.00000000 
 -8.86449955   0.00000000  56.00000000   0.00000000 
 -8.79549955   0.00000000  56.00000000   0.00000000 
 -8.72649955   0.00000000  56.00000000   0.00000000 
 -8.65649955   0.00000000  56.00000000   0.00000000 
 -8.58749955   0.00000000  56.00000000   0.00000000 
 -8.51849955   0.00000000  56.00000000   0.00000000 
 -8.44849955   0.00000000  56.00000000   0.00000000 
 -8.37949955   0.00000000  56.00000000   0.00000000 
 -8.31049955   0.00000000  56.00000000   0.00000000 
 -8.24049955   0.00000000  56.00000000   0.00000000 
 -8.17149955   0.00000000  56.00000000   0.00000000 
 -8.10249955   0.00000000  56.00000000   0.00000000 
 -8.03249955   0.00000000  56.00000000   0.00000000 
 -7.96349955   0.00000000  56.00000000   0.00000000 
 -7.89449955   0.00000000  56.00000000   0.00000000 
 -7.82449955   0.00000000  56.00000000   0.00000000 
 -7.75549955   0.00000000  56.00000000   0.00000000 
 -7.68649955   0.00000000  56.00000000   0.00000000 
 -7.61649955   0.00000000  56.00000000   0.00000000 
 -7.54749955   0.00000000  56.00000000   0.00000000 
 -7.47849955   0.00000000  56.00000000   0.00000000 
 -7.40849955   5.55100000  56.25000000   0.00000000 
 -7.33949955   4.25600000  56.59000000   0.00000000 
 -7.27049955   4.44800000  56.88000000   0.00000000 
 -7.20049955   6.49000000  57.31000000   0.00000000 
 -7.13149955   7.27200000  57.77000000   0.00000000 
 -7.06249955   8.77600000  58.31000000   0.00000000 
 -6.99249955  10.90000000  58.99000000   0.00000000 
 -6.92349955  24.34000000  60.19000000   0.00000000 
 -6.85449955  15.19000000  61.13000000   0.00000000 
 -6.78449955  25.71000000  62.32000000   0.00000000 
 -6.71549955  17.36000000  64.12000000   0.00000000 
 -6.64649955  24.75000000  65.77000000   0.00000000 
 -6.57649955  25.60000000  67.84000000   0.00000000 
 -6.50749955  12.05000000  69.08000000   0.00000000 
 -6.43849955  62.34000000  70.24000000   0.00000000 
 -6.36849955   2.98600000  72.10000000   0.00000000 
 -6.29949955  14.27000000  72.52000000   0.00000000 
 -6.23049955  39.46000000  74.59000000   0.00000000 
 -6.16049955  11.11000000  76.52000000   0.00000000 
 -6.09149955  43.55000000  77.98000000   0.00000000 
 -6.02249955  17.36000000  79.95000000   0.00000000 
 -5.95249955  26.51000000  81.59000000   0.00000000 
 -5.88349955  25.65000000  83.85000000   0.00000000 
 -5.81449955  33.18000000  86.14000000   0.00000000 
 -5.74449955  20.76000000  87.21000000   0.00000000 
 -5.67549955   6.03900000  87.92000000   0.00000000 
 -5.60649955  30.46000000  89.48000000   0.00000000 
 -5.53649955  34.63000000  92.05000000   0.00000000 
 -5.46749955  30.93000000  94.69000000   0.00000000 
 -5.39849955  15.50000000  96.13000000   0.00000000 
 -5.32849955  28.53000000  98.05000000   0.00000000 
 -5.25949955  22.89000000 100.30000000   0.00000000 
 -5.19049955  33.50000000 102.00000000   0.00000000 
 -5.12049955  31.69000000 103.80000000   0.00000000 
 -5.05149955  32.64000000 105.30000000   0.00000000 
 -4.98249955  39.16000000 107.10000000   0.00000000 
 -4.91249955  28.90000000 109.00000000   0.00000000 
 -4.84349955  31.28000000 111.90000000   0.00000000 
 -4.77349955  31.98000000 113.90000000   0.00000000 
 -4.70449955  47.39000000 116.10000000   0.00000000 
 -4.63549955  26.51000000 118.80000000   0.00000000 
 -4.56549955  41.82000000 120.90000000   0.00000000 
 -4.49649955  13.94000000 124.10000000   0.00000000 
 -4.42749955  61.15000000 128.00000000   0.00000000 
 -4.35749955  67.46000000 130.10000000   0.00000000 
 -4.28849955  49.54000000 133.00000000   0.00000000 
 -4.21949955  51.07000000 137.60000000   0.00000000 
 -4.14949955  51.25000000 141.80000000   0.00000000 
 -4.08049955  48.75000000 147.30000000   0.00000000 
 -4.01149955  51.40000000 151.30000000   0.00000000 
 -3.94149955  86.13000000 154.90000000   0.00000000 
 -3.87249955  52.80000000 159.60000000   0.00000000 
 -3.80349955  68.23000000 162.10000000   0.00000000 
 -3.73349955  49.61000000 166.20000000   0.00000000 
 -3.66449955  61.62000000 169.50000000   0.00000000 
 -3.59549955  29.38000000 173.00000000   0.00000000 
 -3.52549955  39.73000000 175.40000000   0.00000000 
 -3.45649955  50.65000000 179.80000000   0.00000000 
 -3.38749955  20.83000000 184.10000000   0.00000000 
 -3.31749955  56.62000000 188.00000000   0.00000000 
 -3.24849955  82.04000000 193.90000000   0.00000000 
 -3.17949955  71.33000000 199.50000000   0.00000000 
 -3.10949955  74.73000000 205.60000000   0.00000000 
 -3.04049955  72.93000000 211.40000000   0.00000000 
 -2.97149955 110.50000000 217.90000000   0.00000000 
 -2.90149955  72.39000000 223.90000000   0.00000000 
 -2.83249955  30.48000000 229.10000000   0.00000000 
 -2.76349955  90.13000000 233.60000000   0.00000000 
 -2.69349955  60.73000000 238.50000000   0.00000000 
 -2.62449955  97.83000000 246.50000000   0.00000000 
 -2.55549955  97.06000000 251.40000000   0.00000000 
 -2.48549955  78.75000000 256.90000000   0.00000000 
 -2.41649955  83.17000000 264.00000000   0.00000000 
 -2.34749955  98.06000000 270.30000000   0.00000000 
 -2.27749955  71.73000000 277.70000000   0.00000000 
 -2.20849955 163.10000000 284.30000000   0.00000000 
 -2.13949955 158.00000000 291.50000000   0.00000000 
 -2.06949955  61.35000000 297.80000000   0.00000000 
 -2.00049955 160.50000000 303.90000000   0.00000000 
 -1.93149955  55.24000000 310.80000000   0.00000000 
 -1.86149955 150.70000000 316.60000000   0.00000000 
 -1.79249955  92.82000000 324.30000000   0.00000000 
 -1.72349955  73.71000000 331.00000000   0.00000000 
 -1.65349955  96.67000000 337.70000000   0.00000000 
 -1.58449955 102.40000000 343.70000000   0.00000000 
 -1.51549955  60.82000000 351.50000000   0.00000000 
 -1.44549955  83.53000000 356.70000000   0.00000000 
 -1.37649955  76.60000000 362.60000000   0.00000000 
 -1.30749955  94.73000000 368.40000000   0.00000000 
 -1.23749955  36.13000000 373.50000000   0.00000000 
 -1.16849955  72.90000000 377.40000000   0.00000000 
 -1.09949955  44.12000000 380.60000000   0.00000000 
 -1.02949955  34.23000000 383.20000000   0.00000000 
 -0.96049955  50.08000000 386.20000000   0.00000000 
 -0.89149955  48.08000000 389.50000000   0.00000000 
 -0.82149955  29.97000000 392.30000000   0.00000000 
 -0.75249955  33.68000000 394.00000000   0.00000000 
 -0.68349955  63.44000000 398.00000000   0.00000000 
 -0.61349955  49.20000000 401.90000000   0.00000000 
 -0.54449955  59.78000000 404.60000000   0.00000000 
 -0.47449955  31.84000000 407.20000000   0.00000000 
 -0.40549955  16.86000000 409.60000000   0.00000000 
 -0.33649955  14.97000000 410.60000000   0.00000000 
 -0.26649955  39.37000000 412.50000000   0.00000000 
 -0.19749955  33.21000000 415.60000000   0.00000000 
 -0.12849955  20.10000000 417.90000000   0.00000000 
 -0.05849955  17.12000000 419.00000000   0.00000000 
  0.01050045  30.88000000 420.30000000   0.00000000 
  0.07950045  18.91000000 421.90000000   0.00000000 
  0.14950045  14.88000000 423.30000000   0.00000000 
  0.21850045  14.86000000 424.20000000   0.00000000 
  0.28750045  22.01000000 425.80000000   0.00000000 
  0.35750045  29.25000000 427.60000000   0.00000000 
  0.42650045  22.50000000 429.30000000   0.00000000 
  0.49550045  18.94000000 430.70000000   0.00000000 
  0.56550045  22.78000000 432.40000000   0.00000000 
  0.63450045  22.47000000 433.90000000   0.00000000 
  0.70350045  31.75000000 435.50000000   0.00000000 
  0.77350045  35.41000000 437.60000000   0.00000000 
  0.84250045  31.33000000 439.60000000   0.00000000 
  0.91150045  25.05000000 441.50000000   0.00000000 
  0.98150045  21.63000000 443.30000000   0.00000000 
  1.05050045  21.74000000 444.80000000   0.00000000 
  1.11950045  21.73000000 446.60000000   0.00000000 
  1.18950045  17.88000000 448.00000000   0.00000000 
  1.25850045  23.61000000 449.50000000   0.00000000 
  1.32750045  34.15000000 451.60000000   0.00000000 
  1.39750045  21.83000000 453.20000000   0.00000000 
  1.46650045  21.76000000 454.50000000   0.00000000 
  1.53550045  19.85000000 456.10000000   0.00000000 
  1.60550045  21.54000000 457.50000000   0.00000000 
  1.67450045  32.40000000 459.20000000   0.00000000 
  1.74350045  23.43000000 461.70000000   0.00000000 
  1.81350045  24.05000000 463.30000000   0.00000000 
  1.88250045  20.58000000 465.40000000   0.00000000 
  1.95150045  16.82000000 467.10000000   0.00000000 
  2.02150045  24.03000000 468.30000000   0.00000000 
  2.09050045  26.16000000 469.70000000   0.00000000 
  2.15950045  24.71000000 471.60000000   0.00000000 
  2.22950045  27.48000000 473.00000000   0.00000000 
  2.29850045  13.82000000 474.90000000   0.00000000 
  2.36750045  18.67000000 476.30000000   0.00000000 
  2.43750045  21.92000000 477.90000000   0.00000000 
  2.50650045  12.18000000 479.10000000   0.00000000 
  2.57550045  13.76000000 480.20000000   0.00000000 
  2.64550045  21.62000000 481.10000000   0.00000000 
  2.71450045  19.91000000 482.50000000   0.00000000 
  2.78350045  38.55000000 484.50000000   0.00000000 
  2.85350045  16.74000000 486.10000000   0.00000000 
  2.92250045  14.18000000 486.90000000   0.00000000 
  2.99150045  19.73000000 488.80000000   0.00000000 
  3.06150045  19.62000000 489.90000000   0.00000000 
  3.13050045  18.94000000 491.50000000   0.00000000 
  3.19950045  18.84000000 492.30000000   0.00000000 
  3.26950045  22.52000000 494.00000000   0.00000000 
  3.33850045  25.47000000 495.50000000   0.00000000 
  3.40750045  20.34000000 497.30000000   0.00000000 
  3.47750045  16.98000000 498.70000000   0.00000000 
  3.54650045  14.03000000 499.70000000   0.00000000 
  3.61550045  17.88000000 500.70000000   0.00000000 
  3.68550045   8.24000000 501.70000000   0.00000000 
  3.75450045   5.50200000 502.20000000   0.00000000 
  3.82450045   2.70700000 502.40000000   0.00000000 
  3.89350045   3.53500000 502.60000000   0.00000000 
  3.96250045   4.08100000 502.90000000   0.00000000 
  4.03250045   3.98000000 503.20000000   0.00000000 
  4.10150045   4.51300000 503.50000000   0.00000000 
  4.17050045   2.90900000 503.80000000   0.00000000 
  4.24050045   1.45500000 503.90000000   0.00000000 
  4.30950045   0.67500000 504.00000000   0.00000000 
  4.37850045   0.00000000 504.00000000   0.00000000 
  4.44850045   0.00000000 504.00000000   0.00000000 
  4.51750045   0.00000000 504.00000000   0.00000000 
  4.58650045   0.00000000 504.00000000   0.00000000 
  4.65650045   0.00000000 504.00000000   0.00000000 
  4.72550045   0.00000000 504.00000000   0.00000000 
  4.79450045   0.00000000 504.00000000   0.00000000 
  4.86450045   0.00000000 504.00000000   0.00000000 
  4.93350045   0.00000000 504.00000000   0.00000000 
  5.00250045   0.00000000 504.00000000   0.00000000 
  5.07250045   0.00000000 504.00000000   0.00000000 
  5.14150045   0.00000000 504.00000000   0.00000000 
  5.21050045   0.00000000 504.00000000   0.00000000 
  5.28050045   0.00000000 504.00000000   0.00000000 
  5.34950045   0.00000000 504.00000000   0.00000000 
