    -13.112  0.0000E+00  0.0000E+00  0.0000E+00
    -13.042  0.0000E+00  0.0000E+00  0.0000E+00
    -12.973  0.0000E+00  0.0000E+00  0.0000E+00
    -12.904  0.0000E+00  0.0000E+00  0.0000E+00
    -12.834  0.0000E+00  0.0000E+00  0.0000E+00
    -12.765  0.0000E+00  0.0000E+00  0.0000E+00
    -12.696  0.0000E+00  0.0000E+00  0.0000E+00
    -12.626  0.0000E+00  0.0000E+00  0.0000E+00
    -12.557  0.0000E+00  0.0000E+00  0.0000E+00
    -12.488  0.0000E+00  0.0000E+00  0.0000E+00
    -12.418  0.0000E+00  0.0000E+00  0.0000E+00
    -12.349  0.0000E+00  0.0000E+00  0.0000E+00
    -12.280  0.0000E+00  0.0000E+00  0.0000E+00
    -12.210  0.0000E+00  0.0000E+00  0.0000E+00
    -12.141  0.0000E+00  0.0000E+00  0.0000E+00
    -12.072  0.3738E-01  0.2396E-03  0.0000E+00
    -12.002  0.4704E-01  0.3970E-03  0.0000E+00
    -11.933  0.4450E-01  0.4577E-03  0.0000E+00
    -11.864  0.4750E-01  0.5125E-03  0.0000E+00
    -11.794  0.5153E-01  0.6343E-03  0.0000E+00
    -11.725  0.3991E-01  0.7615E-03  0.0000E+00
    -11.656  0.4111E-01  0.8192E-03  0.0000E+00
    -11.586  0.4362E-01  0.8656E-03  0.0000E+00
    -11.517  0.1097E+00  0.4473E-02  0.0000E+00
    -11.448  0.6068E-01  0.1998E-02  0.0000E+00
    -11.378  0.9378E-01  0.3906E-02  0.0000E+00
    -11.309  0.1305E+00  0.6468E-02  0.0000E+00
    -11.240  0.1425E+00  0.7845E-02  0.0000E+00
    -11.170  0.5860E-01  0.3504E-02  0.0000E+00
    -11.101  0.8692E-01  0.5178E-02  0.0000E+00
    -11.032  0.9845E-01  0.5775E-02  0.0000E+00
    -10.962  0.9764E-01  0.5221E-02  0.0000E+00
    -10.893  0.1266E+00  0.6154E-02  0.0000E+00
    -10.823  0.1220E+00  0.6412E-02  0.0000E+00
    -10.754  0.1260E+00  0.6216E-02  0.0000E+00
    -10.685  0.2740E+00  0.8488E-02  0.0000E+00
    -10.615  0.1887E+00  0.5763E-02  0.0000E+00
    -10.546  0.2183E+00  0.7250E-02  0.0000E+00
    -10.477  0.2442E+00  0.8575E-02  0.0000E+00
    -10.407  0.3273E+00  0.1237E-01  0.0000E+00
    -10.338  0.5279E+00  0.2044E-01  0.0000E+00
    -10.269  0.2314E+00  0.8396E-02  0.0000E+00
    -10.199  0.4207E+00  0.1761E-01  0.0000E+00
    -10.130  0.3650E+00  0.1177E-01  0.0000E+00
    -10.061  0.5279E+00  0.1824E-01  0.0000E+00
     -9.991  0.4265E+00  0.1574E-01  0.0000E+00
     -9.922  0.3700E+00  0.1532E-01  0.0000E+00
     -9.853  0.2986E+00  0.1230E-01  0.0000E+00
     -9.783  0.2122E+00  0.8558E-02  0.0000E+00
     -9.714  0.9330E-01  0.3278E-02  0.0000E+00
     -9.645  0.8405E-01  0.3013E-02  0.0000E+00
     -9.575  0.9302E-01  0.3013E-02  0.0000E+00
     -9.506  0.8548E-01  0.2849E-02  0.0000E+00
     -9.437  0.1138E+00  0.3797E-02  0.0000E+00
     -9.367  0.6919E-01  0.2271E-02  0.0000E+00
     -9.298  0.0000E+00  0.0000E+00  0.0000E+00
     -9.229  0.1798E-03  0.3930E-02  0.0000E+00
     -9.159  0.6928E-03  0.8537E-02  0.0000E+00
     -9.090  0.6854E-03  0.8474E-02  0.0000E+00
     -9.021  0.1494E-02  0.8388E-02  0.0000E+00
     -8.951  0.4295E-02  0.1018E-01  0.0000E+00
     -8.882  0.1070E-01  0.1268E-01  0.0000E+00
     -8.813  0.4993E-01  0.2395E-01  0.0000E+00
     -8.743  0.2437E-01  0.1047E-01  0.0000E+00
     -8.674  0.2830E-01  0.6843E-02  0.0000E+00
     -8.605  0.2522E-01  0.1150E-01  0.0000E+00
     -8.535  0.1940E-01  0.8978E-02  0.0000E+00
     -8.466  0.1280E-01  0.6833E-02  0.0000E+00
     -8.397  0.2073E+00  0.1754E-01  0.0000E+00
     -8.327  0.2089E+00  0.1545E-01  0.0000E+00
     -8.258  0.2310E+00  0.1543E-01  0.0000E+00
     -8.189  0.3323E+00  0.1731E-01  0.0000E+00
     -8.119  0.3939E+00  0.1816E-01  0.0000E+00
     -8.050  0.5119E+00  0.1837E-01  0.0000E+00
     -7.981  0.6052E+00  0.1619E-01  0.0000E+00
     -7.911  0.6419E+00  0.1407E-01  0.0000E+00
     -7.842  0.5719E+00  0.9441E-02  0.0000E+00
     -7.773  0.6069E+00  0.1676E-01  0.0000E+00
     -7.703  0.3057E+00  0.8137E-02  0.0000E+00
     -7.634  0.5658E+00  0.2203E-01  0.0000E+00
     -7.565  0.2286E+00  0.9246E-02  0.0000E+00
     -7.495  0.2414E+00  0.8033E-02  0.0000E+00
     -7.426  0.4245E+00  0.1056E-01  0.0000E+00
     -7.357  0.6280E-01  0.3443E-02  0.0000E+00
     -7.287  0.6172E-01  0.5243E-02  0.0000E+00
     -7.218  0.3594E-01  0.6439E-02  0.0000E+00
     -7.149  0.3402E-01  0.5134E-02  0.0000E+00
     -7.079  0.2979E-01  0.4111E-02  0.0000E+00
     -7.010  0.5689E-02  0.1875E-02  0.0000E+00
     -6.941  0.0000E+00  0.0000E+00  0.0000E+00
     -6.871  0.0000E+00  0.0000E+00  0.0000E+00
     -6.802  0.0000E+00  0.0000E+00  0.0000E+00
     -6.732  0.0000E+00  0.0000E+00  0.0000E+00
     -6.663  0.0000E+00  0.0000E+00  0.0000E+00
     -6.594  0.0000E+00  0.0000E+00  0.0000E+00
     -6.524  0.0000E+00  0.0000E+00  0.0000E+00
     -6.455  0.0000E+00  0.0000E+00  0.0000E+00
     -6.386  0.0000E+00  0.0000E+00  0.0000E+00
     -6.316  0.0000E+00  0.0000E+00  0.0000E+00
     -6.247  0.0000E+00  0.0000E+00  0.0000E+00
     -6.178  0.0000E+00  0.0000E+00  0.0000E+00
     -6.108  0.0000E+00  0.0000E+00  0.0000E+00
     -6.039  0.0000E+00  0.0000E+00  0.0000E+00
     -5.970  0.0000E+00  0.0000E+00  0.0000E+00
     -5.900  0.0000E+00  0.0000E+00  0.0000E+00
     -5.831  0.0000E+00  0.0000E+00  0.0000E+00
     -5.762  0.0000E+00  0.0000E+00  0.0000E+00
     -5.692  0.0000E+00  0.0000E+00  0.0000E+00
     -5.623  0.0000E+00  0.0000E+00  0.0000E+00
     -5.554  0.0000E+00  0.0000E+00  0.0000E+00
     -5.484  0.0000E+00  0.0000E+00  0.0000E+00
     -5.415  0.0000E+00  0.0000E+00  0.0000E+00
     -5.346  0.0000E+00  0.0000E+00  0.0000E+00
     -5.276  0.0000E+00  0.0000E+00  0.0000E+00
     -5.207  0.0000E+00  0.0000E+00  0.0000E+00
     -5.138  0.0000E+00  0.0000E+00  0.0000E+00
     -5.068  0.7967E-02  0.2835E-01  0.0000E+00
     -4.999  0.4300E-02  0.2489E-01  0.0000E+00
     -4.930  0.3277E-02  0.2864E-01  0.0000E+00
     -4.860  0.3987E-02  0.6176E-01  0.0000E+00
     -4.791  0.4311E-02  0.7578E-01  0.0000E+00
     -4.722  0.4451E-02  0.9481E-01  0.0000E+00
     -4.652  0.5258E-02  0.1227E+00  0.0000E+00
     -4.583  0.9395E-02  0.2943E+00  0.0000E+00
     -4.514  0.7310E-02  0.1446E+00  0.0000E+00
     -4.444  0.1800E-01  0.3323E+00  0.0000E+00
     -4.375  0.1179E-01  0.1466E+00  0.0000E+00
     -4.306  0.2502E-01  0.2547E+00  0.0000E+00
     -4.236  0.3173E-01  0.2613E+00  0.0000E+00
     -4.167  0.8461E-02  0.1344E+00  0.0000E+00
     -4.098  0.4290E-01  0.6234E+00  0.0000E+00
     -4.028  0.1952E-02  0.3787E-01  0.0000E+00
     -3.959  0.1243E-01  0.1572E+00  0.0000E+00
     -3.890  0.3978E-01  0.3949E+00  0.0000E+00
     -3.820  0.1496E-01  0.1253E+00  0.0000E+00
     -3.751  0.7727E-01  0.4444E+00  0.0000E+00
     -3.682  0.3798E-01  0.1493E+00  0.0000E+00
     -3.612  0.3165E-01  0.2293E+00  0.0000E+00
     -3.543  0.3673E-01  0.1960E+00  0.0000E+00
     -3.474  0.5990E-01  0.2790E+00  0.0000E+00
     -3.404  0.1137E-01  0.1278E+00  0.0000E+00
     -3.335  0.8296E-02  0.5618E-01  0.0000E+00
     -3.266  0.4374E-01  0.2136E+00  0.0000E+00
     -3.196  0.4656E-01  0.2552E+00  0.0000E+00
     -3.127  0.2822E-01  0.2031E+00  0.0000E+00
     -3.058  0.1043E-01  0.8624E-01  0.0000E+00
     -2.988  0.1730E-01  0.1888E+00  0.0000E+00
     -2.919  0.1530E-01  0.1314E+00  0.0000E+00
     -2.850  0.2157E-01  0.1898E+00  0.0000E+00
     -2.780  0.2173E-01  0.2101E+00  0.0000E+00
     -2.711  0.1816E-01  0.2141E+00  0.0000E+00
     -2.642  0.2364E-01  0.2791E+00  0.0000E+00
     -2.572  0.1088E-01  0.1826E+00  0.0000E+00
     -2.503  0.1327E-01  0.2330E+00  0.0000E+00
     -2.433  0.1619E-01  0.2201E+00  0.0000E+00
     -2.364  0.2190E-01  0.4487E+00  0.0000E+00
     -2.295  0.7430E-02  0.2554E+00  0.0000E+00
     -2.225  0.1518E-01  0.4311E+00  0.0000E+00
     -2.156  0.5363E-02  0.1467E+00  0.0000E+00
     -2.087  0.1525E-01  0.5043E+00  0.0000E+00
     -2.017  0.1327E-01  0.5924E+00  0.0000E+00
     -1.948  0.1312E-01  0.3792E+00  0.0000E+00
     -1.879  0.1309E-01  0.3235E+00  0.0000E+00
     -1.809  0.1244E-01  0.4289E+00  0.0000E+00
     -1.740  0.6959E-02  0.3714E+00  0.0000E+00
     -1.671  0.6699E-02  0.3927E+00  0.0000E+00
     -1.601  0.2014E-01  0.6226E+00  0.0000E+00
     -1.532  0.7700E-02  0.3390E+00  0.0000E+00
     -1.463  0.1455E-01  0.4038E+00  0.0000E+00
     -1.393  0.1502E-01  0.3082E+00  0.0000E+00
     -1.324  0.1283E-01  0.4707E+00  0.0000E+00
     -1.255  0.5604E-02  0.2332E+00  0.0000E+00
     -1.185  0.6758E-02  0.2441E+00  0.0000E+00
     -1.116  0.5783E-02  0.1965E+00  0.0000E+00
     -1.047  0.2158E-02  0.9753E-01  0.0000E+00
     -0.977  0.5679E-02  0.1159E+00  0.0000E+00
     -0.908  0.9361E-02  0.2002E+00  0.0000E+00
     -0.839  0.6846E-02  0.1319E+00  0.0000E+00
     -0.769  0.5362E-02  0.1125E+00  0.0000E+00
     -0.700  0.5415E-02  0.1342E+00  0.0000E+00
     -0.631  0.7555E-02  0.1390E+00  0.0000E+00
     -0.561  0.5797E-02  0.8772E-01  0.0000E+00
     -0.492  0.2229E-02  0.3198E-01  0.0000E+00
     -0.423  0.9115E-02  0.1121E+00  0.0000E+00
     -0.353  0.7778E-02  0.5814E-01  0.0000E+00
     -0.284  0.7378E-02  0.7754E-01  0.0000E+00
     -0.215  0.4931E-02  0.1176E+00  0.0000E+00
     -0.145  0.6733E-02  0.7218E-01  0.0000E+00
     -0.076  0.5970E-02  0.7476E-01  0.0000E+00
     -0.007  0.8911E-02  0.9111E-01  0.0000E+00
      0.063  0.6900E-02  0.5350E-01  0.0000E+00
      0.132  0.1249E-01  0.1038E+00  0.0000E+00
      0.201  0.1146E-01  0.1055E+00  0.0000E+00
      0.271  0.4688E-02  0.5760E-01  0.0000E+00
      0.340  0.2029E-01  0.1149E+00  0.0000E+00
      0.409  0.4067E-02  0.3232E-01  0.0000E+00
      0.479  0.1423E-01  0.9305E-01  0.0000E+00
      0.548  0.5447E-02  0.7625E-01  0.0000E+00
      0.617  0.1617E-01  0.4721E-01  0.0000E+00
      0.687  0.2122E-01  0.7953E-01  0.0000E+00
      0.756  0.1648E-01  0.8943E-01  0.0000E+00
      0.825  0.1269E-01  0.7403E-01  0.0000E+00
      0.895  0.2064E-01  0.8280E-01  0.0000E+00
      0.964  0.1360E-01  0.7427E-01  0.0000E+00
      1.033  0.1797E-01  0.1124E+00  0.0000E+00
      1.103  0.8656E-02  0.4155E-01  0.0000E+00
      1.172  0.2212E-01  0.1072E+00  0.0000E+00
      1.241  0.1952E-01  0.6252E-01  0.0000E+00
      1.311  0.9345E-02  0.4961E-01  0.0000E+00
      1.380  0.4216E-01  0.9658E-01  0.0000E+00
      1.449  0.2262E-01  0.1154E+00  0.0000E+00
      1.519  0.1088E-01  0.6600E-01  0.0000E+00
      1.588  0.3803E-01  0.6523E-01  0.0000E+00
      1.657  0.3976E-01  0.2006E+00  0.0000E+00
      1.727  0.2413E-01  0.1653E+00  0.0000E+00
      1.796  0.3785E-01  0.2915E+00  0.0000E+00
      1.866  0.1657E-01  0.1534E+00  0.0000E+00
      1.935  0.1020E-01  0.9071E-01  0.0000E+00
      2.004  0.9661E-02  0.7294E-01  0.0000E+00
      2.074  0.1956E-01  0.1723E+00  0.0000E+00
      2.143  0.2736E-01  0.1692E+00  0.0000E+00
      2.212  0.1582E-01  0.1040E+00  0.0000E+00
      2.282  0.1486E-01  0.8048E-01  0.0000E+00
      2.351  0.1785E-01  0.1193E+00  0.0000E+00
      2.420  0.1869E-01  0.7750E-01  0.0000E+00
      2.490  0.1497E-01  0.7009E-01  0.0000E+00
      2.559  0.2931E-01  0.8522E-01  0.0000E+00
      2.628  0.3867E-01  0.1106E+00  0.0000E+00
      2.698  0.4803E-01  0.1653E+00  0.0000E+00
      2.767  0.3973E-01  0.1359E+00  0.0000E+00
      2.836  0.1937E-01  0.1054E+00  0.0000E+00
      2.906  0.3031E-01  0.1275E+00  0.0000E+00
      2.975  0.2916E-01  0.1285E+00  0.0000E+00
      3.044  0.4516E-01  0.1898E+00  0.0000E+00
      3.114  0.4756E-01  0.1999E+00  0.0000E+00
      3.183  0.4419E-01  0.1671E+00  0.0000E+00
      3.252  0.4325E-01  0.1620E+00  0.0000E+00
      3.322  0.2969E-01  0.1225E+00  0.0000E+00
      3.391  0.4344E-01  0.1186E+00  0.0000E+00
      3.460  0.6914E-01  0.1198E+00  0.0000E+00
      3.530  0.4433E-01  0.1021E+00  0.0000E+00
      3.599  0.5418E-01  0.1312E+00  0.0000E+00
      3.668  0.4756E-01  0.1916E+00  0.0000E+00
      3.738  0.2505E-01  0.1393E+00  0.0000E+00
      3.807  0.3222E-01  0.1456E+00  0.0000E+00
      3.876  0.2849E-01  0.1339E+00  0.0000E+00
      3.946  0.2990E-01  0.1863E+00  0.0000E+00
      4.015  0.4618E-01  0.3255E+00  0.0000E+00
      4.084  0.4212E-01  0.2038E+00  0.0000E+00
      4.154  0.3061E-01  0.1715E+00  0.0000E+00
      4.223  0.2271E-01  0.1771E+00  0.0000E+00
      4.292  0.2109E-01  0.1439E+00  0.0000E+00
      4.362  0.5222E-01  0.1689E+00  0.0000E+00
      4.431  0.3547E-01  0.2248E+00  0.0000E+00
      4.500  0.3798E-01  0.2740E+00  0.0000E+00
      4.570  0.3667E-01  0.3325E+00  0.0000E+00
      4.639  0.1492E-01  0.1262E+00  0.0000E+00
      4.708  0.2735E-01  0.1619E+00  0.0000E+00
      4.778  0.2248E-01  0.1955E+00  0.0000E+00
      4.847  0.1650E-01  0.8994E-01  0.0000E+00
      4.916  0.1809E-01  0.9956E-01  0.0000E+00
      4.986  0.1911E-01  0.1416E+00  0.0000E+00
      5.055  0.2320E-01  0.1380E+00  0.0000E+00
      5.124  0.4279E-01  0.3489E+00  0.0000E+00
      5.194  0.2284E-01  0.1555E+00  0.0000E+00
      5.263  0.1708E-01  0.1478E+00  0.0000E+00
      5.332  0.1844E-01  0.2046E+00  0.0000E+00
      5.402  0.1900E-01  0.2010E+00  0.0000E+00
      5.471  0.3039E-01  0.2301E+00  0.0000E+00
      5.540  0.3197E-01  0.3873E+00  0.0000E+00
      5.610  0.4252E-01  0.4472E+00  0.0000E+00
      5.679  0.4053E-01  0.4453E+00  0.0000E+00
      5.748  0.2745E-01  0.4127E+00  0.0000E+00
      5.818  0.1973E-01  0.2797E+00  0.0000E+00
      5.887  0.1575E-01  0.1873E+00  0.0000E+00
      5.956  0.2343E-01  0.2168E+00  0.0000E+00
      6.026  0.1197E-01  0.9365E-01  0.0000E+00
      6.095  0.9483E-02  0.7318E-01  0.0000E+00
      6.165  0.3719E-02  0.2771E-01  0.0000E+00
      6.234  0.4759E-02  0.3568E-01  0.0000E+00
      6.303  0.4871E-02  0.3784E-01  0.0000E+00
      6.373  0.4407E-02  0.3424E-01  0.0000E+00
      6.442  0.4642E-02  0.3327E-01  0.0000E+00
      6.511  0.2384E-02  0.2114E-01  0.0000E+00
      6.581  0.4607E-03  0.1055E-01  0.0000E+00
      6.650  0.1791E-03  0.4386E-02  0.0000E+00
      6.719  0.0000E+00  0.0000E+00  0.0000E+00
      6.789  0.0000E+00  0.0000E+00  0.0000E+00
      6.858  0.0000E+00  0.0000E+00  0.0000E+00
      6.927  0.0000E+00  0.0000E+00  0.0000E+00
      6.997  0.0000E+00  0.0000E+00  0.0000E+00
      7.066  0.0000E+00  0.0000E+00  0.0000E+00
      7.135  0.0000E+00  0.0000E+00  0.0000E+00
      7.205  0.0000E+00  0.0000E+00  0.0000E+00
      7.274  0.0000E+00  0.0000E+00  0.0000E+00
      7.343  0.0000E+00  0.0000E+00  0.0000E+00
      7.413  0.0000E+00  0.0000E+00  0.0000E+00
      7.482  0.0000E+00  0.0000E+00  0.0000E+00
      7.551  0.0000E+00  0.0000E+00  0.0000E+00
      7.621  0.0000E+00  0.0000E+00  0.0000E+00
      7.690  0.0000E+00  0.0000E+00  0.0000E+00
