    -13.112  0.0000E+00  0.0000E+00  0.0000E+00
    -13.042  0.0000E+00  0.0000E+00  0.0000E+00
    -12.973  0.0000E+00  0.0000E+00  0.0000E+00
    -12.904  0.0000E+00  0.0000E+00  0.0000E+00
    -12.834  0.0000E+00  0.0000E+00  0.0000E+00
    -12.765  0.0000E+00  0.0000E+00  0.0000E+00
    -12.696  0.0000E+00  0.0000E+00  0.0000E+00
    -12.626  0.0000E+00  0.0000E+00  0.0000E+00
    -12.557  0.0000E+00  0.0000E+00  0.0000E+00
    -12.488  0.0000E+00  0.0000E+00  0.0000E+00
    -12.418  0.0000E+00  0.0000E+00  0.0000E+00
    -12.349  0.0000E+00  0.0000E+00  0.0000E+00
    -12.280  0.0000E+00  0.0000E+00  0.0000E+00
    -12.210  0.0000E+00  0.0000E+00  0.0000E+00
    -12.141  0.0000E+00  0.0000E+00  0.0000E+00
    -12.072  0.2216E-01  0.6388E-03  0.0000E+00
    -12.002  0.2783E-01  0.8597E-03  0.0000E+00
    -11.933  0.2577E-01  0.8735E-03  0.0000E+00
    -11.864  0.2659E-01  0.9676E-03  0.0000E+00
    -11.794  0.2897E-01  0.1091E-02  0.0000E+00
    -11.725  0.2420E-01  0.9593E-03  0.0000E+00
    -11.656  0.2399E-01  0.1032E-02  0.0000E+00
    -11.586  0.2436E-01  0.1120E-02  0.0000E+00
    -11.517  0.1360E+00  0.2144E-02  0.0000E+00
    -11.448  0.5797E-01  0.1442E-02  0.0000E+00
    -11.378  0.1095E+00  0.2329E-02  0.0000E+00
    -11.309  0.1648E+00  0.3521E-02  0.0000E+00
    -11.240  0.1989E+00  0.4030E-02  0.0000E+00
    -11.170  0.9012E-01  0.1872E-02  0.0000E+00
    -11.101  0.1260E+00  0.2960E-02  0.0000E+00
    -11.032  0.1346E+00  0.3685E-02  0.0000E+00
    -10.962  0.1229E+00  0.4129E-02  0.0000E+00
    -10.893  0.1450E+00  0.5439E-02  0.0000E+00
    -10.823  0.1458E+00  0.5453E-02  0.0000E+00
    -10.754  0.1301E+00  0.5597E-02  0.0000E+00
    -10.685  0.1799E+00  0.1525E-01  0.0000E+00
    -10.615  0.1213E+00  0.1031E-01  0.0000E+00
    -10.546  0.1589E+00  0.1129E-01  0.0000E+00
    -10.477  0.1781E+00  0.1432E-01  0.0000E+00
    -10.407  0.2853E+00  0.1712E-01  0.0000E+00
    -10.338  0.4493E+00  0.2540E-01  0.0000E+00
    -10.269  0.1775E+00  0.1170E-01  0.0000E+00
    -10.199  0.3537E+00  0.2238E-01  0.0000E+00
    -10.130  0.2387E+00  0.1748E-01  0.0000E+00
    -10.061  0.3025E+00  0.3112E-01  0.0000E+00
     -9.991  0.3231E+00  0.2336E-01  0.0000E+00
     -9.922  0.3048E+00  0.1979E-01  0.0000E+00
     -9.853  0.2466E+00  0.1604E-01  0.0000E+00
     -9.783  0.1788E+00  0.1163E-01  0.0000E+00
     -9.714  0.4891E-01  0.6457E-02  0.0000E+00
     -9.645  0.4376E-01  0.5725E-02  0.0000E+00
     -9.575  0.3869E-01  0.6546E-02  0.0000E+00
     -9.506  0.3803E-01  0.5719E-02  0.0000E+00
     -9.437  0.5299E-01  0.7100E-02  0.0000E+00
     -9.367  0.3212E-01  0.4246E-02  0.0000E+00
     -9.298  0.0000E+00  0.0000E+00  0.0000E+00
     -9.229  0.4112E-01  0.1140E-03  0.0000E+00
     -9.159  0.9290E-01  0.3151E-03  0.0000E+00
     -9.090  0.9262E-01  0.3993E-03  0.0000E+00
     -9.021  0.1019E+00  0.4324E-03  0.0000E+00
     -8.951  0.1257E+00  0.7416E-03  0.0000E+00
     -8.882  0.1530E+00  0.1263E-02  0.0000E+00
     -8.813  0.2401E+00  0.4014E-02  0.0000E+00
     -8.743  0.9986E-01  0.1969E-02  0.0000E+00
     -8.674  0.2928E-01  0.1625E-02  0.0000E+00
     -8.605  0.9261E-01  0.2246E-02  0.0000E+00
     -8.535  0.7411E-01  0.1794E-02  0.0000E+00
     -8.466  0.5926E-01  0.1286E-02  0.0000E+00
     -8.397  0.2970E+00  0.6880E-02  0.0000E+00
     -8.327  0.2870E+00  0.6166E-02  0.0000E+00
     -8.258  0.3078E+00  0.6635E-02  0.0000E+00
     -8.189  0.4010E+00  0.8454E-02  0.0000E+00
     -8.119  0.4535E+00  0.9426E-02  0.0000E+00
     -8.050  0.4909E+00  0.1456E-01  0.0000E+00
     -7.981  0.5499E+00  0.1786E-01  0.0000E+00
     -7.911  0.5404E+00  0.2032E-01  0.0000E+00
     -7.842  0.3860E+00  0.1417E-01  0.0000E+00
     -7.773  0.4978E+00  0.3076E-01  0.0000E+00
     -7.703  0.2694E+00  0.1356E-01  0.0000E+00
     -7.634  0.4404E+00  0.3269E-01  0.0000E+00
     -7.565  0.2351E+00  0.1522E-01  0.0000E+00
     -7.495  0.2147E+00  0.1395E-01  0.0000E+00
     -7.426  0.3715E+00  0.1528E-01  0.0000E+00
     -7.357  0.8956E-01  0.5597E-02  0.0000E+00
     -7.287  0.1209E+00  0.7923E-02  0.0000E+00
     -7.218  0.1442E+00  0.7364E-02  0.0000E+00
     -7.149  0.1240E+00  0.5140E-02  0.0000E+00
     -7.079  0.1012E+00  0.3567E-02  0.0000E+00
     -7.010  0.3184E-01  0.1738E-02  0.0000E+00
     -6.941  0.0000E+00  0.0000E+00  0.0000E+00
     -6.871  0.0000E+00  0.0000E+00  0.0000E+00
     -6.802  0.0000E+00  0.0000E+00  0.0000E+00
     -6.732  0.0000E+00  0.0000E+00  0.0000E+00
     -6.663  0.0000E+00  0.0000E+00  0.0000E+00
     -6.594  0.0000E+00  0.0000E+00  0.0000E+00
     -6.524  0.0000E+00  0.0000E+00  0.0000E+00
     -6.455  0.0000E+00  0.0000E+00  0.0000E+00
     -6.386  0.0000E+00  0.0000E+00  0.0000E+00
     -6.316  0.0000E+00  0.0000E+00  0.0000E+00
     -6.247  0.0000E+00  0.0000E+00  0.0000E+00
     -6.178  0.0000E+00  0.0000E+00  0.0000E+00
     -6.108  0.0000E+00  0.0000E+00  0.0000E+00
     -6.039  0.0000E+00  0.0000E+00  0.0000E+00
     -5.970  0.0000E+00  0.0000E+00  0.0000E+00
     -5.900  0.0000E+00  0.0000E+00  0.0000E+00
     -5.831  0.0000E+00  0.0000E+00  0.0000E+00
     -5.762  0.0000E+00  0.0000E+00  0.0000E+00
     -5.692  0.0000E+00  0.0000E+00  0.0000E+00
     -5.623  0.0000E+00  0.0000E+00  0.0000E+00
     -5.554  0.0000E+00  0.0000E+00  0.0000E+00
     -5.484  0.0000E+00  0.0000E+00  0.0000E+00
     -5.415  0.0000E+00  0.0000E+00  0.0000E+00
     -5.346  0.0000E+00  0.0000E+00  0.0000E+00
     -5.276  0.0000E+00  0.0000E+00  0.0000E+00
     -5.207  0.0000E+00  0.0000E+00  0.0000E+00
     -5.138  0.0000E+00  0.0000E+00  0.0000E+00
     -5.068  0.3509E-02  0.9526E-02  0.0000E+00
     -4.999  0.2098E-02  0.1034E-01  0.0000E+00
     -4.930  0.2051E-02  0.1520E-01  0.0000E+00
     -4.860  0.4493E-02  0.5154E-01  0.0000E+00
     -4.791  0.5899E-02  0.6342E-01  0.0000E+00
     -4.722  0.8060E-02  0.7228E-01  0.0000E+00
     -4.652  0.1132E-01  0.9101E-01  0.0000E+00
     -4.583  0.3702E-01  0.2318E+00  0.0000E+00
     -4.514  0.1204E-01  0.1250E+00  0.0000E+00
     -4.444  0.2424E-01  0.2735E+00  0.0000E+00
     -4.375  0.6695E-02  0.1080E+00  0.0000E+00
     -4.306  0.1542E-01  0.2193E+00  0.0000E+00
     -4.236  0.1613E-01  0.2160E+00  0.0000E+00
     -4.167  0.8672E-02  0.9975E-01  0.0000E+00
     -4.098  0.5187E-01  0.4374E+00  0.0000E+00
     -4.028  0.1602E-02  0.4135E-01  0.0000E+00
     -3.959  0.1482E-01  0.1625E+00  0.0000E+00
     -3.890  0.4014E-01  0.3910E+00  0.0000E+00
     -3.820  0.9809E-02  0.1291E+00  0.0000E+00
     -3.751  0.4182E-01  0.4864E+00  0.0000E+00
     -3.682  0.2072E-01  0.1715E+00  0.0000E+00
     -3.612  0.2805E-01  0.2387E+00  0.0000E+00
     -3.543  0.2722E-01  0.2524E+00  0.0000E+00
     -3.474  0.2742E-01  0.3033E+00  0.0000E+00
     -3.404  0.9897E-02  0.1423E+00  0.0000E+00
     -3.335  0.3964E-02  0.4963E-01  0.0000E+00
     -3.266  0.3007E-01  0.2660E+00  0.0000E+00
     -3.196  0.4788E-01  0.2311E+00  0.0000E+00
     -3.127  0.3715E-01  0.1922E+00  0.0000E+00
     -3.058  0.1274E-01  0.9766E-01  0.0000E+00
     -2.988  0.2764E-01  0.1695E+00  0.0000E+00
     -2.919  0.1775E-01  0.1122E+00  0.0000E+00
     -2.850  0.3082E-01  0.2014E+00  0.0000E+00
     -2.780  0.1756E-01  0.1776E+00  0.0000E+00
     -2.711  0.1527E-01  0.2615E+00  0.0000E+00
     -2.642  0.2234E-01  0.2354E+00  0.0000E+00
     -2.572  0.1498E-01  0.1964E+00  0.0000E+00
     -2.503  0.1581E-01  0.1854E+00  0.0000E+00
     -2.433  0.1177E-01  0.2112E+00  0.0000E+00
     -2.364  0.2582E-01  0.2763E+00  0.0000E+00
     -2.295  0.1435E-01  0.1436E+00  0.0000E+00
     -2.225  0.1393E-01  0.2186E+00  0.0000E+00
     -2.156  0.5657E-02  0.1228E+00  0.0000E+00
     -2.087  0.4052E-01  0.5406E+00  0.0000E+00
     -2.017  0.2382E-01  0.6120E+00  0.0000E+00
     -1.948  0.2305E-01  0.3850E+00  0.0000E+00
     -1.879  0.2163E-01  0.2834E+00  0.0000E+00
     -1.809  0.2169E-01  0.3798E+00  0.0000E+00
     -1.740  0.1766E-01  0.2747E+00  0.0000E+00
     -1.671  0.1327E-01  0.3270E+00  0.0000E+00
     -1.601  0.2710E-01  0.5197E+00  0.0000E+00
     -1.532  0.2667E-01  0.3051E+00  0.0000E+00
     -1.463  0.2190E-01  0.4791E+00  0.0000E+00
     -1.393  0.2128E-01  0.4521E+00  0.0000E+00
     -1.324  0.2394E-01  0.5875E+00  0.0000E+00
     -1.255  0.1010E-01  0.2161E+00  0.0000E+00
     -1.185  0.7672E-02  0.3276E+00  0.0000E+00
     -1.116  0.6006E-02  0.1665E+00  0.0000E+00
     -1.047  0.1678E-02  0.5878E-01  0.0000E+00
     -0.977  0.5641E-02  0.1447E+00  0.0000E+00
     -0.908  0.1223E-01  0.2387E+00  0.0000E+00
     -0.839  0.7218E-02  0.1792E+00  0.0000E+00
     -0.769  0.8947E-02  0.1743E+00  0.0000E+00
     -0.700  0.1848E-01  0.1481E+00  0.0000E+00
     -0.631  0.2335E-01  0.2010E+00  0.0000E+00
     -0.561  0.1664E-01  0.1573E+00  0.0000E+00
     -0.492  0.2490E-02  0.3378E-01  0.0000E+00
     -0.423  0.8814E-02  0.1036E+00  0.0000E+00
     -0.353  0.6908E-02  0.9181E-01  0.0000E+00
     -0.284  0.9147E-02  0.1036E+00  0.0000E+00
     -0.215  0.8658E-02  0.1222E+00  0.0000E+00
     -0.145  0.7676E-02  0.8089E-01  0.0000E+00
     -0.076  0.5045E-02  0.7186E-01  0.0000E+00
     -0.007  0.6741E-02  0.9487E-01  0.0000E+00
      0.063  0.6570E-02  0.5563E-01  0.0000E+00
      0.132  0.1264E-01  0.1891E+00  0.0000E+00
      0.201  0.1630E-01  0.1470E+00  0.0000E+00
      0.271  0.7096E-02  0.4671E-01  0.0000E+00
      0.340  0.1297E-01  0.1102E+00  0.0000E+00
      0.409  0.5196E-02  0.3566E-01  0.0000E+00
      0.479  0.4114E-01  0.8065E-01  0.0000E+00
      0.548  0.1121E-01  0.4876E-01  0.0000E+00
      0.617  0.1081E-01  0.5233E-01  0.0000E+00
      0.687  0.1899E-01  0.6478E-01  0.0000E+00
      0.756  0.2008E-01  0.9763E-01  0.0000E+00
      0.825  0.1953E-01  0.6987E-01  0.0000E+00
      0.895  0.2247E-01  0.1163E+00  0.0000E+00
      0.964  0.1649E-01  0.1206E+00  0.0000E+00
      1.033  0.2764E-01  0.1747E+00  0.0000E+00
      1.103  0.1177E-01  0.7859E-01  0.0000E+00
      1.172  0.3995E-01  0.1198E+00  0.0000E+00
      1.241  0.2192E-01  0.7432E-01  0.0000E+00
      1.311  0.1977E-01  0.6711E-01  0.0000E+00
      1.380  0.3411E-01  0.1069E+00  0.0000E+00
      1.449  0.2084E-01  0.1194E+00  0.0000E+00
      1.519  0.1648E-01  0.6826E-01  0.0000E+00
      1.588  0.2512E-01  0.9870E-01  0.0000E+00
      1.657  0.4118E-01  0.1574E+00  0.0000E+00
      1.727  0.5166E-01  0.1857E+00  0.0000E+00
      1.796  0.9963E-01  0.2685E+00  0.0000E+00
      1.866  0.3805E-01  0.1500E+00  0.0000E+00
      1.935  0.1210E-01  0.5904E-01  0.0000E+00
      2.004  0.1635E-01  0.6569E-01  0.0000E+00
      2.074  0.3811E-01  0.1767E+00  0.0000E+00
      2.143  0.2480E-01  0.1801E+00  0.0000E+00
      2.212  0.2054E-01  0.8396E-01  0.0000E+00
      2.282  0.3121E-01  0.5323E-01  0.0000E+00
      2.351  0.2537E-01  0.1163E+00  0.0000E+00
      2.420  0.2521E-01  0.7877E-01  0.0000E+00
      2.490  0.2120E-01  0.6982E-01  0.0000E+00
      2.559  0.2485E-01  0.6368E-01  0.0000E+00
      2.628  0.2005E-01  0.1131E+00  0.0000E+00
      2.698  0.3806E-01  0.1602E+00  0.0000E+00
      2.767  0.3017E-01  0.1244E+00  0.0000E+00
      2.836  0.2745E-01  0.1196E+00  0.0000E+00
      2.906  0.4065E-01  0.1488E+00  0.0000E+00
      2.975  0.4932E-01  0.1482E+00  0.0000E+00
      3.044  0.4991E-01  0.1956E+00  0.0000E+00
      3.114  0.4994E-01  0.2815E+00  0.0000E+00
      3.183  0.2740E-01  0.2963E+00  0.0000E+00
      3.252  0.3288E-01  0.2093E+00  0.0000E+00
      3.322  0.1627E-01  0.1706E+00  0.0000E+00
      3.391  0.1870E-01  0.1314E+00  0.0000E+00
      3.460  0.3557E-01  0.1451E+00  0.0000E+00
      3.530  0.1894E-01  0.1333E+00  0.0000E+00
      3.599  0.2562E-01  0.1731E+00  0.0000E+00
      3.668  0.3696E-01  0.2499E+00  0.0000E+00
      3.738  0.1816E-01  0.1434E+00  0.0000E+00
      3.807  0.1556E-01  0.1439E+00  0.0000E+00
      3.876  0.2153E-01  0.1301E+00  0.0000E+00
      3.946  0.2747E-01  0.1630E+00  0.0000E+00
      4.015  0.7221E-01  0.2259E+00  0.0000E+00
      4.084  0.4788E-01  0.1788E+00  0.0000E+00
      4.154  0.4413E-01  0.2055E+00  0.0000E+00
      4.223  0.3545E-01  0.2206E+00  0.0000E+00
      4.292  0.2986E-01  0.1793E+00  0.0000E+00
      4.362  0.2999E-01  0.2353E+00  0.0000E+00
      4.431  0.3045E-01  0.2854E+00  0.0000E+00
      4.500  0.1977E-01  0.3172E+00  0.0000E+00
      4.570  0.1608E-01  0.3249E+00  0.0000E+00
      4.639  0.1048E-01  0.1792E+00  0.0000E+00
      4.708  0.2044E-01  0.2256E+00  0.0000E+00
      4.778  0.1745E-01  0.2220E+00  0.0000E+00
      4.847  0.1017E-01  0.9074E-01  0.0000E+00
      4.916  0.1442E-01  0.1146E+00  0.0000E+00
      4.986  0.2267E-01  0.1716E+00  0.0000E+00
      5.055  0.1666E-01  0.1388E+00  0.0000E+00
      5.124  0.2916E-01  0.3319E+00  0.0000E+00
      5.194  0.1317E-01  0.1390E+00  0.0000E+00
      5.263  0.7497E-02  0.1155E+00  0.0000E+00
      5.332  0.1378E-01  0.1577E+00  0.0000E+00
      5.402  0.1157E-01  0.1650E+00  0.0000E+00
      5.471  0.1984E-01  0.2302E+00  0.0000E+00
      5.540  0.3471E-01  0.3592E+00  0.0000E+00
      5.610  0.3708E-01  0.4230E+00  0.0000E+00
      5.679  0.4971E-01  0.4177E+00  0.0000E+00
      5.748  0.2810E-01  0.3158E+00  0.0000E+00
      5.818  0.2063E-01  0.2308E+00  0.0000E+00
      5.887  0.2404E-01  0.1681E+00  0.0000E+00
      5.956  0.4290E-01  0.2190E+00  0.0000E+00
      6.026  0.1878E-01  0.8339E-01  0.0000E+00
      6.095  0.1313E-01  0.6522E-01  0.0000E+00
      6.165  0.5579E-02  0.2664E-01  0.0000E+00
      6.234  0.6866E-02  0.3378E-01  0.0000E+00
      6.303  0.7142E-02  0.3558E-01  0.0000E+00
      6.373  0.6396E-02  0.3230E-01  0.0000E+00
      6.442  0.5464E-02  0.3097E-01  0.0000E+00
      6.511  0.3239E-02  0.1908E-01  0.0000E+00
      6.581  0.1975E-02  0.1071E-01  0.0000E+00
      6.650  0.8099E-03  0.4589E-02  0.0000E+00
      6.719  0.0000E+00  0.0000E+00  0.0000E+00
      6.789  0.0000E+00  0.0000E+00  0.0000E+00
      6.858  0.0000E+00  0.0000E+00  0.0000E+00
      6.927  0.0000E+00  0.0000E+00  0.0000E+00
      6.997  0.0000E+00  0.0000E+00  0.0000E+00
      7.066  0.0000E+00  0.0000E+00  0.0000E+00
      7.135  0.0000E+00  0.0000E+00  0.0000E+00
      7.205  0.0000E+00  0.0000E+00  0.0000E+00
      7.274  0.0000E+00  0.0000E+00  0.0000E+00
      7.343  0.0000E+00  0.0000E+00  0.0000E+00
      7.413  0.0000E+00  0.0000E+00  0.0000E+00
      7.482  0.0000E+00  0.0000E+00  0.0000E+00
      7.551  0.0000E+00  0.0000E+00  0.0000E+00
      7.621  0.0000E+00  0.0000E+00  0.0000E+00
      7.690  0.0000E+00  0.0000E+00  0.0000E+00
