    -13.112  0.0000E+00  0.0000E+00  0.0000E+00
    -13.042  0.0000E+00  0.0000E+00  0.0000E+00
    -12.973  0.0000E+00  0.0000E+00  0.0000E+00
    -12.904  0.0000E+00  0.0000E+00  0.0000E+00
    -12.834  0.0000E+00  0.0000E+00  0.0000E+00
    -12.765  0.0000E+00  0.0000E+00  0.0000E+00
    -12.696  0.0000E+00  0.0000E+00  0.0000E+00
    -12.626  0.0000E+00  0.0000E+00  0.0000E+00
    -12.557  0.0000E+00  0.0000E+00  0.0000E+00
    -12.488  0.0000E+00  0.0000E+00  0.0000E+00
    -12.418  0.0000E+00  0.0000E+00  0.0000E+00
    -12.349  0.0000E+00  0.0000E+00  0.0000E+00
    -12.280  0.0000E+00  0.0000E+00  0.0000E+00
    -12.210  0.0000E+00  0.0000E+00  0.0000E+00
    -12.141  0.0000E+00  0.0000E+00  0.0000E+00
    -12.072  0.1663E-02  0.1695E-03  0.0000E+00
    -12.002  0.2075E-02  0.2149E-03  0.0000E+00
    -11.933  0.1903E-02  0.2025E-03  0.0000E+00
    -11.864  0.1951E-02  0.2129E-03  0.0000E+00
    -11.794  0.2104E-02  0.2322E-03  0.0000E+00
    -11.725  0.1719E-02  0.1895E-03  0.0000E+00
    -11.656  0.1690E-02  0.1907E-03  0.0000E+00
    -11.586  0.1709E-02  0.1967E-03  0.0000E+00
    -11.517  0.4263E-01  0.3724E-02  0.0000E+00
    -11.448  0.1540E-01  0.1410E-02  0.0000E+00
    -11.378  0.3783E-01  0.3424E-02  0.0000E+00
    -11.309  0.5611E-01  0.5137E-02  0.0000E+00
    -11.240  0.5997E-01  0.5607E-02  0.0000E+00
    -11.170  0.2507E-01  0.2429E-02  0.0000E+00
    -11.101  0.3782E-01  0.3686E-02  0.0000E+00
    -11.032  0.4116E-01  0.4120E-02  0.0000E+00
    -10.962  0.3830E-01  0.3974E-02  0.0000E+00
    -10.893  0.4537E-01  0.4783E-02  0.0000E+00
    -10.823  0.4498E-01  0.4625E-02  0.0000E+00
    -10.754  0.6008E-01  0.5794E-02  0.0000E+00
    -10.685  0.2067E+00  0.1425E-01  0.0000E+00
    -10.615  0.1317E+00  0.9177E-02  0.0000E+00
    -10.546  0.1437E+00  0.1027E-01  0.0000E+00
    -10.477  0.1493E+00  0.1192E-01  0.0000E+00
    -10.407  0.2172E+00  0.1824E-01  0.0000E+00
    -10.338  0.2033E+00  0.1714E-01  0.0000E+00
    -10.269  0.1406E+00  0.1199E-01  0.0000E+00
    -10.199  0.1441E+00  0.1342E-01  0.0000E+00
    -10.130  0.1876E+00  0.1582E-01  0.0000E+00
    -10.061  0.4326E+00  0.3152E-01  0.0000E+00
     -9.991  0.4860E+00  0.4356E-01  0.0000E+00
     -9.922  0.3910E+00  0.3517E-01  0.0000E+00
     -9.853  0.3320E+00  0.3020E-01  0.0000E+00
     -9.783  0.2956E+00  0.2761E-01  0.0000E+00
     -9.714  0.1733E+00  0.1600E-01  0.0000E+00
     -9.645  0.1429E+00  0.1324E-01  0.0000E+00
     -9.575  0.9487E-01  0.7910E-02  0.0000E+00
     -9.506  0.9002E-01  0.7688E-02  0.0000E+00
     -9.437  0.1155E+00  0.9980E-02  0.0000E+00
     -9.367  0.6746E-01  0.5763E-02  0.0000E+00
     -9.298  0.0000E+00  0.0000E+00  0.0000E+00
     -9.229  0.1215E-01  0.2848E-03  0.0000E+00
     -9.159  0.2717E-01  0.6680E-03  0.0000E+00
     -9.090  0.2659E-01  0.6962E-03  0.0000E+00
     -9.021  0.2615E-01  0.6892E-03  0.0000E+00
     -8.951  0.2849E-01  0.8114E-03  0.0000E+00
     -8.882  0.2863E-01  0.9363E-03  0.0000E+00
     -8.813  0.3583E-01  0.1387E-02  0.0000E+00
     -8.743  0.1514E-01  0.4826E-03  0.0000E+00
     -8.674  0.6805E-02  0.2636E-03  0.0000E+00
     -8.605  0.1316E-01  0.5053E-03  0.0000E+00
     -8.535  0.1023E-01  0.3897E-03  0.0000E+00
     -8.466  0.8342E-02  0.3111E-03  0.0000E+00
     -8.397  0.1075E-01  0.1451E-02  0.0000E+00
     -8.327  0.1090E-01  0.1144E-02  0.0000E+00
     -8.258  0.1218E-01  0.1141E-02  0.0000E+00
     -8.189  0.1813E-01  0.1309E-02  0.0000E+00
     -8.119  0.2716E-01  0.1325E-02  0.0000E+00
     -8.050  0.3643E-01  0.1907E-02  0.0000E+00
     -7.981  0.5373E-01  0.1795E-02  0.0000E+00
     -7.911  0.1090E+00  0.2017E-02  0.0000E+00
     -7.842  0.9474E-01  0.1195E-02  0.0000E+00
     -7.773  0.1072E+01  0.2643E-01  0.0000E+00
     -7.703  0.3968E+00  0.8505E-02  0.0000E+00
     -7.634  0.1418E+01  0.3286E-01  0.0000E+00
     -7.565  0.8974E+00  0.1935E-01  0.0000E+00
     -7.495  0.6797E+00  0.1728E-01  0.0000E+00
     -7.426  0.5191E+00  0.1091E-01  0.0000E+00
     -7.357  0.3991E+00  0.8960E-02  0.0000E+00
     -7.287  0.6550E+00  0.1396E-01  0.0000E+00
     -7.218  0.6315E+00  0.1250E-01  0.0000E+00
     -7.149  0.5580E+00  0.1115E-01  0.0000E+00
     -7.079  0.5223E+00  0.1057E-01  0.0000E+00
     -7.010  0.4571E+00  0.8444E-02  0.0000E+00
     -6.941  0.0000E+00  0.0000E+00  0.0000E+00
     -6.871  0.0000E+00  0.0000E+00  0.0000E+00
     -6.802  0.0000E+00  0.0000E+00  0.0000E+00
     -6.732  0.0000E+00  0.0000E+00  0.0000E+00
     -6.663  0.0000E+00  0.0000E+00  0.0000E+00
     -6.594  0.0000E+00  0.0000E+00  0.0000E+00
     -6.524  0.0000E+00  0.0000E+00  0.0000E+00
     -6.455  0.0000E+00  0.0000E+00  0.0000E+00
     -6.386  0.0000E+00  0.0000E+00  0.0000E+00
     -6.316  0.0000E+00  0.0000E+00  0.0000E+00
     -6.247  0.0000E+00  0.0000E+00  0.0000E+00
     -6.178  0.0000E+00  0.0000E+00  0.0000E+00
     -6.108  0.0000E+00  0.0000E+00  0.0000E+00
     -6.039  0.0000E+00  0.0000E+00  0.0000E+00
     -5.970  0.0000E+00  0.0000E+00  0.0000E+00
     -5.900  0.0000E+00  0.0000E+00  0.0000E+00
     -5.831  0.0000E+00  0.0000E+00  0.0000E+00
     -5.762  0.0000E+00  0.0000E+00  0.0000E+00
     -5.692  0.0000E+00  0.0000E+00  0.0000E+00
     -5.623  0.0000E+00  0.0000E+00  0.0000E+00
     -5.554  0.0000E+00  0.0000E+00  0.0000E+00
     -5.484  0.0000E+00  0.0000E+00  0.0000E+00
     -5.415  0.0000E+00  0.0000E+00  0.0000E+00
     -5.346  0.0000E+00  0.0000E+00  0.0000E+00
     -5.276  0.0000E+00  0.0000E+00  0.0000E+00
     -5.207  0.0000E+00  0.0000E+00  0.0000E+00
     -5.138  0.0000E+00  0.0000E+00  0.0000E+00
     -5.068  0.1864E-03  0.4260E-03  0.0000E+00
     -4.999  0.2705E-03  0.6401E-03  0.0000E+00
     -4.930  0.5591E-03  0.1485E-02  0.0000E+00
     -4.860  0.2820E-02  0.7895E-02  0.0000E+00
     -4.791  0.3605E-02  0.1003E-01  0.0000E+00
     -4.722  0.5445E-02  0.1267E-01  0.0000E+00
     -4.652  0.7917E-02  0.1729E-01  0.0000E+00
     -4.583  0.3148E-01  0.3604E-01  0.0000E+00
     -4.514  0.1120E-01  0.2994E-01  0.0000E+00
     -4.444  0.1245E-01  0.4369E-01  0.0000E+00
     -4.375  0.7548E-02  0.7869E-01  0.0000E+00
     -4.306  0.2616E-01  0.8934E-01  0.0000E+00
     -4.236  0.1893E-01  0.9007E-01  0.0000E+00
     -4.167  0.1026E-01  0.2349E-01  0.0000E+00
     -4.098  0.6064E-01  0.1323E+00  0.0000E+00
     -4.028  0.2729E-02  0.7278E-02  0.0000E+00
     -3.959  0.1713E-01  0.4089E-01  0.0000E+00
     -3.890  0.4624E-01  0.1042E+00  0.0000E+00
     -3.820  0.1345E-01  0.3005E-01  0.0000E+00
     -3.751  0.4815E-01  0.1798E+00  0.0000E+00
     -3.682  0.2026E-01  0.7593E-01  0.0000E+00
     -3.612  0.3377E-01  0.1157E+00  0.0000E+00
     -3.543  0.5546E-01  0.1145E+00  0.0000E+00
     -3.474  0.6176E-01  0.1582E+00  0.0000E+00
     -3.404  0.3397E-01  0.7446E-01  0.0000E+00
     -3.335  0.6817E-02  0.3197E-01  0.0000E+00
     -3.266  0.5295E-01  0.1724E+00  0.0000E+00
     -3.196  0.3439E-01  0.1697E+00  0.0000E+00
     -3.127  0.2779E-01  0.1517E+00  0.0000E+00
     -3.058  0.2487E-01  0.9608E-01  0.0000E+00
     -2.988  0.3463E-01  0.1530E+00  0.0000E+00
     -2.919  0.3605E-01  0.1207E+00  0.0000E+00
     -2.850  0.2617E-01  0.2076E+00  0.0000E+00
     -2.780  0.3305E-01  0.1826E+00  0.0000E+00
     -2.711  0.2531E-01  0.2168E+00  0.0000E+00
     -2.642  0.3087E-01  0.4107E+00  0.0000E+00
     -2.572  0.1617E-01  0.1929E+00  0.0000E+00
     -2.503  0.1685E-01  0.2067E+00  0.0000E+00
     -2.433  0.1705E-01  0.1845E+00  0.0000E+00
     -2.364  0.2464E-01  0.2876E+00  0.0000E+00
     -2.295  0.1095E-01  0.1317E+00  0.0000E+00
     -2.225  0.1205E-01  0.2134E+00  0.0000E+00
     -2.156  0.2632E-02  0.4813E-01  0.0000E+00
     -2.087  0.2284E-01  0.2496E+00  0.0000E+00
     -2.017  0.2157E-01  0.2948E+00  0.0000E+00
     -1.948  0.1482E-01  0.2136E+00  0.0000E+00
     -1.879  0.2231E-01  0.3233E+00  0.0000E+00
     -1.809  0.1602E-01  0.3023E+00  0.0000E+00
     -1.740  0.1353E-01  0.3691E+00  0.0000E+00
     -1.671  0.1939E-01  0.4340E+00  0.0000E+00
     -1.601  0.3171E-01  0.6139E+00  0.0000E+00
     -1.532  0.2373E-01  0.3610E+00  0.0000E+00
     -1.463  0.2311E-01  0.5028E+00  0.0000E+00
     -1.393  0.1972E-01  0.2975E+00  0.0000E+00
     -1.324  0.1039E-01  0.3227E+00  0.0000E+00
     -1.255  0.6264E-02  0.1542E+00  0.0000E+00
     -1.185  0.3205E-02  0.8413E-01  0.0000E+00
     -1.116  0.1374E-01  0.1354E+00  0.0000E+00
     -1.047  0.1112E-01  0.8072E-01  0.0000E+00
     -0.977  0.1097E-01  0.1055E+00  0.0000E+00
     -0.908  0.4067E-01  0.2749E+00  0.0000E+00
     -0.839  0.3973E-01  0.3081E+00  0.0000E+00
     -0.769  0.4627E-01  0.3897E+00  0.0000E+00
     -0.700  0.5192E-01  0.4966E+00  0.0000E+00
     -0.631  0.5607E-01  0.4485E+00  0.0000E+00
     -0.561  0.5128E-01  0.3226E+00  0.0000E+00
     -0.492  0.6695E-02  0.6586E-01  0.0000E+00
     -0.423  0.1870E-01  0.1796E+00  0.0000E+00
     -0.353  0.1326E-01  0.1525E+00  0.0000E+00
     -0.284  0.2119E-01  0.1946E+00  0.0000E+00
     -0.215  0.2050E-01  0.1514E+00  0.0000E+00
     -0.145  0.1487E-01  0.1156E+00  0.0000E+00
     -0.076  0.1209E-01  0.1159E+00  0.0000E+00
     -0.007  0.1582E-01  0.1499E+00  0.0000E+00
      0.063  0.8865E-02  0.1031E+00  0.0000E+00
      0.132  0.2104E-01  0.1900E+00  0.0000E+00
      0.201  0.1742E-01  0.1751E+00  0.0000E+00
      0.271  0.4553E-02  0.6157E-01  0.0000E+00
      0.340  0.1354E-01  0.1541E+00  0.0000E+00
      0.409  0.6106E-02  0.6557E-01  0.0000E+00
      0.479  0.3938E-01  0.2295E+00  0.0000E+00
      0.548  0.1828E-01  0.1038E+00  0.0000E+00
      0.617  0.2567E-01  0.1233E+00  0.0000E+00
      0.687  0.3171E-01  0.1246E+00  0.0000E+00
      0.756  0.3613E-01  0.1537E+00  0.0000E+00
      0.825  0.1572E-01  0.9028E-01  0.0000E+00
      0.895  0.5166E-01  0.1831E+00  0.0000E+00
      0.964  0.5499E-01  0.1551E+00  0.0000E+00
      1.033  0.5214E-01  0.2767E+00  0.0000E+00
      1.103  0.1384E-01  0.1159E+00  0.0000E+00
      1.172  0.5487E-01  0.2432E+00  0.0000E+00
      1.241  0.3464E-01  0.2287E+00  0.0000E+00
      1.311  0.1535E-01  0.1431E+00  0.0000E+00
      1.380  0.3665E-01  0.2269E+00  0.0000E+00
      1.449  0.1871E-01  0.1489E+00  0.0000E+00
      1.519  0.1727E-01  0.9814E-01  0.0000E+00
      1.588  0.2704E-01  0.1662E+00  0.0000E+00
      1.657  0.3315E-01  0.2307E+00  0.0000E+00
      1.727  0.3249E-01  0.2552E+00  0.0000E+00
      1.796  0.3406E-01  0.3711E+00  0.0000E+00
      1.866  0.1615E-01  0.2022E+00  0.0000E+00
      1.935  0.8703E-02  0.7503E-01  0.0000E+00
      2.004  0.8714E-02  0.1088E+00  0.0000E+00
      2.074  0.2477E-01  0.3709E+00  0.0000E+00
      2.143  0.2359E-01  0.4230E+00  0.0000E+00
      2.212  0.5635E-02  0.1451E+00  0.0000E+00
      2.282  0.1073E-01  0.1534E+00  0.0000E+00
      2.351  0.1374E-01  0.2742E+00  0.0000E+00
      2.420  0.9112E-02  0.1211E+00  0.0000E+00
      2.490  0.7238E-02  0.1027E+00  0.0000E+00
      2.559  0.7666E-02  0.8604E-01  0.0000E+00
      2.628  0.6665E-02  0.1172E+00  0.0000E+00
      2.698  0.9626E-02  0.1787E+00  0.0000E+00
      2.767  0.7004E-02  0.1156E+00  0.0000E+00
      2.836  0.7783E-02  0.1188E+00  0.0000E+00
      2.906  0.9288E-02  0.1367E+00  0.0000E+00
      2.975  0.7550E-02  0.1145E+00  0.0000E+00
      3.044  0.1116E-01  0.1841E+00  0.0000E+00
      3.114  0.1207E-01  0.2774E+00  0.0000E+00
      3.183  0.1233E-01  0.2516E+00  0.0000E+00
      3.252  0.9942E-02  0.1899E+00  0.0000E+00
      3.322  0.7339E-02  0.1679E+00  0.0000E+00
      3.391  0.5856E-02  0.1626E+00  0.0000E+00
      3.460  0.8943E-02  0.1487E+00  0.0000E+00
      3.530  0.8485E-02  0.1264E+00  0.0000E+00
      3.599  0.1057E-01  0.1777E+00  0.0000E+00
      3.668  0.1385E-01  0.3154E+00  0.0000E+00
      3.738  0.7154E-02  0.1540E+00  0.0000E+00
      3.807  0.1091E-01  0.1927E+00  0.0000E+00
      3.876  0.7937E-02  0.1264E+00  0.0000E+00
      3.946  0.7687E-02  0.1256E+00  0.0000E+00
      4.015  0.1501E-01  0.2589E+00  0.0000E+00
      4.084  0.1430E-01  0.2084E+00  0.0000E+00
      4.154  0.8474E-02  0.1982E+00  0.0000E+00
      4.223  0.9243E-02  0.1655E+00  0.0000E+00
      4.292  0.7522E-02  0.1466E+00  0.0000E+00
      4.362  0.1379E-01  0.1939E+00  0.0000E+00
      4.431  0.1114E-01  0.2544E+00  0.0000E+00
      4.500  0.1813E-01  0.2145E+00  0.0000E+00
      4.570  0.1223E-01  0.1975E+00  0.0000E+00
      4.639  0.5986E-02  0.1116E+00  0.0000E+00
      4.708  0.1097E-01  0.1151E+00  0.0000E+00
      4.778  0.1820E-01  0.9969E-01  0.0000E+00
      4.847  0.7328E-02  0.6665E-01  0.0000E+00
      4.916  0.1257E-01  0.7791E-01  0.0000E+00
      4.986  0.3382E-01  0.1034E+00  0.0000E+00
      5.055  0.1855E-01  0.1034E+00  0.0000E+00
      5.124  0.3409E-01  0.3110E+00  0.0000E+00
      5.194  0.2379E-01  0.1542E+00  0.0000E+00
      5.263  0.2768E-01  0.1226E+00  0.0000E+00
      5.332  0.3722E-01  0.1704E+00  0.0000E+00
      5.402  0.3728E-01  0.1930E+00  0.0000E+00
      5.471  0.2869E-01  0.2198E+00  0.0000E+00
      5.540  0.2294E-01  0.1867E+00  0.0000E+00
      5.610  0.3316E-01  0.1963E+00  0.0000E+00
      5.679  0.4307E-01  0.2638E+00  0.0000E+00
      5.748  0.4057E-01  0.2259E+00  0.0000E+00
      5.818  0.3016E-01  0.1688E+00  0.0000E+00
      5.887  0.4140E-01  0.1883E+00  0.0000E+00
      5.956  0.6217E-01  0.2212E+00  0.0000E+00
      6.026  0.4126E-01  0.1179E+00  0.0000E+00
      6.095  0.2127E-01  0.6042E-01  0.0000E+00
      6.165  0.1041E-01  0.2970E-01  0.0000E+00
      6.234  0.1144E-01  0.3462E-01  0.0000E+00
      6.303  0.1149E-01  0.3689E-01  0.0000E+00
      6.373  0.1023E-01  0.3241E-01  0.0000E+00
      6.442  0.1068E-01  0.3172E-01  0.0000E+00
      6.511  0.6038E-02  0.2039E-01  0.0000E+00
      6.581  0.3186E-02  0.8908E-02  0.0000E+00
      6.650  0.1452E-02  0.3766E-02  0.0000E+00
      6.719  0.0000E+00  0.0000E+00  0.0000E+00
      6.789  0.0000E+00  0.0000E+00  0.0000E+00
      6.858  0.0000E+00  0.0000E+00  0.0000E+00
      6.927  0.0000E+00  0.0000E+00  0.0000E+00
      6.997  0.0000E+00  0.0000E+00  0.0000E+00
      7.066  0.0000E+00  0.0000E+00  0.0000E+00
      7.135  0.0000E+00  0.0000E+00  0.0000E+00
      7.205  0.0000E+00  0.0000E+00  0.0000E+00
      7.274  0.0000E+00  0.0000E+00  0.0000E+00
      7.343  0.0000E+00  0.0000E+00  0.0000E+00
      7.413  0.0000E+00  0.0000E+00  0.0000E+00
      7.482  0.0000E+00  0.0000E+00  0.0000E+00
      7.551  0.0000E+00  0.0000E+00  0.0000E+00
      7.621  0.0000E+00  0.0000E+00  0.0000E+00
      7.690  0.0000E+00  0.0000E+00  0.0000E+00
