    -13.112  0.0000E+00  0.0000E+00  0.0000E+00
    -13.042  0.0000E+00  0.0000E+00  0.0000E+00
    -12.973  0.0000E+00  0.0000E+00  0.0000E+00
    -12.904  0.0000E+00  0.0000E+00  0.0000E+00
    -12.834  0.0000E+00  0.0000E+00  0.0000E+00
    -12.765  0.0000E+00  0.0000E+00  0.0000E+00
    -12.696  0.0000E+00  0.0000E+00  0.0000E+00
    -12.626  0.0000E+00  0.0000E+00  0.0000E+00
    -12.557  0.0000E+00  0.0000E+00  0.0000E+00
    -12.488  0.0000E+00  0.0000E+00  0.0000E+00
    -12.418  0.0000E+00  0.0000E+00  0.0000E+00
    -12.349  0.0000E+00  0.0000E+00  0.0000E+00
    -12.280  0.0000E+00  0.0000E+00  0.0000E+00
    -12.210  0.0000E+00  0.0000E+00  0.0000E+00
    -12.141  0.0000E+00  0.0000E+00  0.0000E+00
    -12.072  0.6545E-02  0.3305E-04  0.0000E+00
    -12.002  0.8155E-02  0.5579E-04  0.0000E+00
    -11.933  0.7593E-02  0.6530E-04  0.0000E+00
    -11.864  0.8000E-02  0.7349E-04  0.0000E+00
    -11.794  0.8585E-02  0.9220E-04  0.0000E+00
    -11.725  0.6461E-02  0.1092E-03  0.0000E+00
    -11.656  0.6479E-02  0.1157E-03  0.0000E+00
    -11.586  0.6723E-02  0.1204E-03  0.0000E+00
    -11.517  0.1156E+00  0.7971E-03  0.0000E+00
    -11.448  0.4295E-01  0.4192E-03  0.0000E+00
    -11.378  0.1019E+00  0.1026E-02  0.0000E+00
    -11.309  0.1497E+00  0.1753E-02  0.0000E+00
    -11.240  0.1604E+00  0.2227E-02  0.0000E+00
    -11.170  0.6735E-01  0.1205E-02  0.0000E+00
    -11.101  0.1014E+00  0.1826E-02  0.0000E+00
    -11.032  0.1116E+00  0.2092E-02  0.0000E+00
    -10.962  0.1062E+00  0.2079E-02  0.0000E+00
    -10.893  0.1267E+00  0.2588E-02  0.0000E+00
    -10.823  0.1184E+00  0.3047E-02  0.0000E+00
    -10.754  0.1461E+00  0.3319E-02  0.0000E+00
    -10.685  0.3035E+00  0.1291E-01  0.0000E+00
    -10.615  0.1875E+00  0.8826E-02  0.0000E+00
    -10.546  0.2091E+00  0.9909E-02  0.0000E+00
    -10.477  0.2436E+00  0.1047E-01  0.0000E+00
    -10.407  0.3879E+00  0.1424E-01  0.0000E+00
    -10.338  0.3678E+00  0.1474E-01  0.0000E+00
    -10.269  0.2402E+00  0.1002E-01  0.0000E+00
    -10.199  0.2744E+00  0.1234E-01  0.0000E+00
    -10.130  0.2964E+00  0.1359E-01  0.0000E+00
    -10.061  0.6049E+00  0.2818E-01  0.0000E+00
     -9.991  0.8780E+00  0.3057E-01  0.0000E+00
     -9.922  0.7100E+00  0.2484E-01  0.0000E+00
     -9.853  0.6093E+00  0.2115E-01  0.0000E+00
     -9.783  0.5538E+00  0.1900E-01  0.0000E+00
     -9.714  0.3029E+00  0.1230E-01  0.0000E+00
     -9.645  0.2498E+00  0.1029E-01  0.0000E+00
     -9.575  0.1398E+00  0.7398E-02  0.0000E+00
     -9.506  0.1370E+00  0.6919E-02  0.0000E+00
     -9.437  0.1781E+00  0.8771E-02  0.0000E+00
     -9.367  0.1023E+00  0.5115E-02  0.0000E+00
     -9.298  0.0000E+00  0.0000E+00  0.0000E+00
     -9.229  0.1025E-02  0.1658E-02  0.0000E+00
     -9.159  0.2916E-02  0.3576E-02  0.0000E+00
     -9.090  0.3164E-02  0.3447E-02  0.0000E+00
     -9.021  0.3805E-02  0.3212E-02  0.0000E+00
     -8.951  0.5213E-02  0.3640E-02  0.0000E+00
     -8.882  0.7814E-02  0.4048E-02  0.0000E+00
     -8.813  0.1481E-01  0.6142E-02  0.0000E+00
     -8.743  0.4796E-02  0.2445E-02  0.0000E+00
     -8.674  0.3071E-02  0.1072E-02  0.0000E+00
     -8.605  0.2790E-02  0.2314E-02  0.0000E+00
     -8.535  0.2009E-02  0.1813E-02  0.0000E+00
     -8.466  0.1473E-02  0.1399E-02  0.0000E+00
     -8.397  0.2031E-01  0.6040E-02  0.0000E+00
     -8.327  0.1676E-01  0.5130E-02  0.0000E+00
     -8.258  0.1638E-01  0.5287E-02  0.0000E+00
     -8.189  0.1902E-01  0.6351E-02  0.0000E+00
     -8.119  0.1723E-01  0.6935E-02  0.0000E+00
     -8.050  0.2280E-01  0.9834E-02  0.0000E+00
     -7.981  0.1908E-01  0.1059E-01  0.0000E+00
     -7.911  0.2581E-01  0.1417E-01  0.0000E+00
     -7.842  0.2213E-01  0.1095E-01  0.0000E+00
     -7.773  0.5003E+00  0.6665E-01  0.0000E+00
     -7.703  0.1936E+00  0.2455E-01  0.0000E+00
     -7.634  0.7769E+00  0.7709E-01  0.0000E+00
     -7.565  0.5165E+00  0.4638E-01  0.0000E+00
     -7.495  0.4248E+00  0.4088E-01  0.0000E+00
     -7.426  0.3420E+00  0.2800E-01  0.0000E+00
     -7.357  0.2851E+00  0.2048E-01  0.0000E+00
     -7.287  0.4754E+00  0.3289E-01  0.0000E+00
     -7.218  0.5244E+00  0.2960E-01  0.0000E+00
     -7.149  0.4570E+00  0.2520E-01  0.0000E+00
     -7.079  0.4186E+00  0.2270E-01  0.0000E+00
     -7.010  0.3151E+00  0.2024E-01  0.0000E+00
     -6.941  0.0000E+00  0.0000E+00  0.0000E+00
     -6.871  0.0000E+00  0.0000E+00  0.0000E+00
     -6.802  0.0000E+00  0.0000E+00  0.0000E+00
     -6.732  0.0000E+00  0.0000E+00  0.0000E+00
     -6.663  0.0000E+00  0.0000E+00  0.0000E+00
     -6.594  0.0000E+00  0.0000E+00  0.0000E+00
     -6.524  0.0000E+00  0.0000E+00  0.0000E+00
     -6.455  0.0000E+00  0.0000E+00  0.0000E+00
     -6.386  0.0000E+00  0.0000E+00  0.0000E+00
     -6.316  0.0000E+00  0.0000E+00  0.0000E+00
     -6.247  0.0000E+00  0.0000E+00  0.0000E+00
     -6.178  0.0000E+00  0.0000E+00  0.0000E+00
     -6.108  0.0000E+00  0.0000E+00  0.0000E+00
     -6.039  0.0000E+00  0.0000E+00  0.0000E+00
     -5.970  0.0000E+00  0.0000E+00  0.0000E+00
     -5.900  0.0000E+00  0.0000E+00  0.0000E+00
     -5.831  0.0000E+00  0.0000E+00  0.0000E+00
     -5.762  0.0000E+00  0.0000E+00  0.0000E+00
     -5.692  0.0000E+00  0.0000E+00  0.0000E+00
     -5.623  0.0000E+00  0.0000E+00  0.0000E+00
     -5.554  0.0000E+00  0.0000E+00  0.0000E+00
     -5.484  0.0000E+00  0.0000E+00  0.0000E+00
     -5.415  0.0000E+00  0.0000E+00  0.0000E+00
     -5.346  0.0000E+00  0.0000E+00  0.0000E+00
     -5.276  0.0000E+00  0.0000E+00  0.0000E+00
     -5.207  0.0000E+00  0.0000E+00  0.0000E+00
     -5.138  0.0000E+00  0.0000E+00  0.0000E+00
     -5.068  0.6061E-03  0.2536E-02  0.0000E+00
     -4.999  0.5478E-03  0.3373E-02  0.0000E+00
     -4.930  0.9065E-03  0.6267E-02  0.0000E+00
     -4.860  0.4625E-02  0.2780E-01  0.0000E+00
     -4.791  0.5667E-02  0.3490E-01  0.0000E+00
     -4.722  0.6290E-02  0.4278E-01  0.0000E+00
     -4.652  0.8099E-02  0.5667E-01  0.0000E+00
     -4.583  0.2182E-01  0.1083E+00  0.0000E+00
     -4.514  0.8858E-02  0.7703E-01  0.0000E+00
     -4.444  0.2267E-01  0.1279E+00  0.0000E+00
     -4.375  0.7000E-02  0.1551E+00  0.0000E+00
     -4.306  0.1601E-01  0.2168E+00  0.0000E+00
     -4.236  0.2166E-01  0.2167E+00  0.0000E+00
     -4.167  0.6186E-02  0.7006E-01  0.0000E+00
     -4.098  0.2878E-01  0.3728E+00  0.0000E+00
     -4.028  0.7108E-03  0.3238E-01  0.0000E+00
     -3.959  0.4751E-02  0.1391E+00  0.0000E+00
     -3.890  0.1846E-01  0.3493E+00  0.0000E+00
     -3.820  0.4132E-02  0.9621E-01  0.0000E+00
     -3.751  0.2548E-01  0.4772E+00  0.0000E+00
     -3.682  0.9842E-02  0.1914E+00  0.0000E+00
     -3.612  0.1406E-01  0.2878E+00  0.0000E+00
     -3.543  0.1761E-01  0.3353E+00  0.0000E+00
     -3.474  0.1999E-01  0.3398E+00  0.0000E+00
     -3.404  0.1012E-01  0.1461E+00  0.0000E+00
     -3.335  0.1475E-02  0.6126E-01  0.0000E+00
     -3.266  0.1878E-01  0.3871E+00  0.0000E+00
     -3.196  0.1670E-01  0.3930E+00  0.0000E+00
     -3.127  0.1312E-01  0.3324E+00  0.0000E+00
     -3.058  0.7030E-02  0.2065E+00  0.0000E+00
     -2.988  0.2095E-01  0.2792E+00  0.0000E+00
     -2.919  0.9862E-02  0.2508E+00  0.0000E+00
     -2.850  0.1692E-01  0.3409E+00  0.0000E+00
     -2.780  0.1568E-01  0.2620E+00  0.0000E+00
     -2.711  0.1327E-01  0.2766E+00  0.0000E+00
     -2.642  0.5688E-01  0.4445E+00  0.0000E+00
     -2.572  0.2988E-01  0.3030E+00  0.0000E+00
     -2.503  0.2801E-01  0.3705E+00  0.0000E+00
     -2.433  0.2261E-01  0.2988E+00  0.0000E+00
     -2.364  0.3119E-01  0.4241E+00  0.0000E+00
     -2.295  0.1025E-01  0.2511E+00  0.0000E+00
     -2.225  0.1836E-01  0.4027E+00  0.0000E+00
     -2.156  0.4931E-02  0.1040E+00  0.0000E+00
     -2.087  0.2298E-01  0.3938E+00  0.0000E+00
     -2.017  0.1525E-01  0.6563E+00  0.0000E+00
     -1.948  0.1030E-01  0.2627E+00  0.0000E+00
     -1.879  0.1433E-01  0.3036E+00  0.0000E+00
     -1.809  0.1006E-01  0.3056E+00  0.0000E+00
     -1.740  0.9754E-02  0.2899E+00  0.0000E+00
     -1.671  0.1213E-01  0.3481E+00  0.0000E+00
     -1.601  0.1269E-01  0.8964E+00  0.0000E+00
     -1.532  0.8008E-02  0.4460E+00  0.0000E+00
     -1.463  0.1904E-01  0.4647E+00  0.0000E+00
     -1.393  0.9315E-02  0.2370E+00  0.0000E+00
     -1.324  0.9568E-02  0.2975E+00  0.0000E+00
     -1.255  0.4218E-02  0.1715E+00  0.0000E+00
     -1.185  0.3927E-02  0.9206E-01  0.0000E+00
     -1.116  0.5763E-02  0.9220E-01  0.0000E+00
     -1.047  0.4667E-02  0.5612E-01  0.0000E+00
     -0.977  0.4834E-02  0.6949E-01  0.0000E+00
     -0.908  0.1057E-01  0.1381E+00  0.0000E+00
     -0.839  0.5559E-02  0.1249E+00  0.0000E+00
     -0.769  0.8842E-02  0.2076E+00  0.0000E+00
     -0.700  0.1254E-01  0.3006E+00  0.0000E+00
     -0.631  0.1634E-01  0.2974E+00  0.0000E+00
     -0.561  0.1130E-01  0.1276E+00  0.0000E+00
     -0.492  0.2396E-02  0.2835E-01  0.0000E+00
     -0.423  0.5532E-02  0.8153E-01  0.0000E+00
     -0.353  0.2758E-02  0.5048E-01  0.0000E+00
     -0.284  0.6266E-02  0.1045E+00  0.0000E+00
     -0.215  0.7212E-02  0.9731E-01  0.0000E+00
     -0.145  0.4130E-02  0.6136E-01  0.0000E+00
     -0.076  0.4070E-02  0.5112E-01  0.0000E+00
     -0.007  0.5958E-02  0.5784E-01  0.0000E+00
      0.063  0.5100E-02  0.3988E-01  0.0000E+00
      0.132  0.9311E-02  0.7267E-01  0.0000E+00
      0.201  0.1540E-01  0.8729E-01  0.0000E+00
      0.271  0.5108E-02  0.2918E-01  0.0000E+00
      0.340  0.1827E-01  0.8190E-01  0.0000E+00
      0.409  0.8332E-02  0.3050E-01  0.0000E+00
      0.479  0.2822E-01  0.1029E+00  0.0000E+00
      0.548  0.5202E-02  0.4186E-01  0.0000E+00
      0.617  0.6487E-02  0.4423E-01  0.0000E+00
      0.687  0.1529E-01  0.5995E-01  0.0000E+00
      0.756  0.1916E-01  0.6243E-01  0.0000E+00
      0.825  0.9876E-02  0.4600E-01  0.0000E+00
      0.895  0.2061E-01  0.8273E-01  0.0000E+00
      0.964  0.1435E-01  0.9184E-01  0.0000E+00
      1.033  0.1651E-01  0.8488E-01  0.0000E+00
      1.103  0.1315E-01  0.5212E-01  0.0000E+00
      1.172  0.3114E-01  0.1070E+00  0.0000E+00
      1.241  0.9208E-02  0.1183E+00  0.0000E+00
      1.311  0.1280E-01  0.4390E-01  0.0000E+00
      1.380  0.2635E-01  0.9108E-01  0.0000E+00
      1.449  0.1993E-01  0.1203E+00  0.0000E+00
      1.519  0.1143E-01  0.6679E-01  0.0000E+00
      1.588  0.1744E-01  0.1093E+00  0.0000E+00
      1.657  0.4206E-01  0.1895E+00  0.0000E+00
      1.727  0.3166E-01  0.1458E+00  0.0000E+00
      1.796  0.6891E-01  0.2185E+00  0.0000E+00
      1.866  0.3811E-01  0.1593E+00  0.0000E+00
      1.935  0.1640E-01  0.6929E-01  0.0000E+00
      2.004  0.1243E-01  0.6533E-01  0.0000E+00
      2.074  0.3958E-01  0.1948E+00  0.0000E+00
      2.143  0.2762E-01  0.1510E+00  0.0000E+00
      2.212  0.1742E-01  0.8155E-01  0.0000E+00
      2.282  0.1161E-01  0.9240E-01  0.0000E+00
      2.351  0.2385E-01  0.1812E+00  0.0000E+00
      2.420  0.2032E-01  0.7431E-01  0.0000E+00
      2.490  0.1329E-01  0.6904E-01  0.0000E+00
      2.559  0.1461E-01  0.4945E-01  0.0000E+00
      2.628  0.3126E-01  0.7200E-01  0.0000E+00
      2.698  0.4419E-01  0.9743E-01  0.0000E+00
      2.767  0.2672E-01  0.8162E-01  0.0000E+00
      2.836  0.2459E-01  0.7407E-01  0.0000E+00
      2.906  0.3545E-01  0.9040E-01  0.0000E+00
      2.975  0.2844E-01  0.8273E-01  0.0000E+00
      3.044  0.4558E-01  0.1351E+00  0.0000E+00
      3.114  0.4550E-01  0.1609E+00  0.0000E+00
      3.183  0.4780E-01  0.1505E+00  0.0000E+00
      3.252  0.4902E-01  0.1246E+00  0.0000E+00
      3.322  0.3680E-01  0.1065E+00  0.0000E+00
      3.391  0.3470E-01  0.1046E+00  0.0000E+00
      3.460  0.2703E-01  0.1106E+00  0.0000E+00
      3.530  0.2926E-01  0.1187E+00  0.0000E+00
      3.599  0.2774E-01  0.1761E+00  0.0000E+00
      3.668  0.4211E-01  0.2660E+00  0.0000E+00
      3.738  0.2192E-01  0.1535E+00  0.0000E+00
      3.807  0.2223E-01  0.1817E+00  0.0000E+00
      3.876  0.1567E-01  0.1439E+00  0.0000E+00
      3.946  0.1713E-01  0.1249E+00  0.0000E+00
      4.015  0.2459E-01  0.2871E+00  0.0000E+00
      4.084  0.1831E-01  0.2353E+00  0.0000E+00
      4.154  0.2673E-01  0.2206E+00  0.0000E+00
      4.223  0.2270E-01  0.1984E+00  0.0000E+00
      4.292  0.1677E-01  0.1697E+00  0.0000E+00
      4.362  0.1605E-01  0.2285E+00  0.0000E+00
      4.431  0.2344E-01  0.3019E+00  0.0000E+00
      4.500  0.3242E-01  0.2421E+00  0.0000E+00
      4.570  0.2878E-01  0.2112E+00  0.0000E+00
      4.639  0.1171E-01  0.1326E+00  0.0000E+00
      4.708  0.2641E-01  0.1494E+00  0.0000E+00
      4.778  0.3038E-01  0.1458E+00  0.0000E+00
      4.847  0.1318E-01  0.7683E-01  0.0000E+00
      4.916  0.1348E-01  0.8624E-01  0.0000E+00
      4.986  0.2112E-01  0.1285E+00  0.0000E+00
      5.055  0.1871E-01  0.1252E+00  0.0000E+00
      5.124  0.3142E-01  0.3061E+00  0.0000E+00
      5.194  0.1648E-01  0.1803E+00  0.0000E+00
      5.263  0.7799E-02  0.1635E+00  0.0000E+00
      5.332  0.1363E-01  0.2268E+00  0.0000E+00
      5.402  0.2107E-01  0.2571E+00  0.0000E+00
      5.471  0.4486E-01  0.2334E+00  0.0000E+00
      5.540  0.3644E-01  0.2472E+00  0.0000E+00
      5.610  0.3912E-01  0.2340E+00  0.0000E+00
      5.679  0.6160E-01  0.3200E+00  0.0000E+00
      5.748  0.4046E-01  0.2746E+00  0.0000E+00
      5.818  0.2643E-01  0.1942E+00  0.0000E+00
      5.887  0.2917E-01  0.2423E+00  0.0000E+00
      5.956  0.3403E-01  0.3186E+00  0.0000E+00
      6.026  0.1916E-01  0.1973E+00  0.0000E+00
      6.095  0.8640E-02  0.9208E-01  0.0000E+00
      6.165  0.5552E-02  0.4071E-01  0.0000E+00
      6.234  0.6300E-02  0.4636E-01  0.0000E+00
      6.303  0.6393E-02  0.4856E-01  0.0000E+00
      6.373  0.5783E-02  0.4176E-01  0.0000E+00
      6.442  0.7101E-02  0.3736E-01  0.0000E+00
      6.511  0.5125E-02  0.2338E-01  0.0000E+00
      6.581  0.9283E-03  0.1067E-01  0.0000E+00
      6.650  0.3617E-03  0.4377E-02  0.0000E+00
      6.719  0.0000E+00  0.0000E+00  0.0000E+00
      6.789  0.0000E+00  0.0000E+00  0.0000E+00
      6.858  0.0000E+00  0.0000E+00  0.0000E+00
      6.927  0.0000E+00  0.0000E+00  0.0000E+00
      6.997  0.0000E+00  0.0000E+00  0.0000E+00
      7.066  0.0000E+00  0.0000E+00  0.0000E+00
      7.135  0.0000E+00  0.0000E+00  0.0000E+00
      7.205  0.0000E+00  0.0000E+00  0.0000E+00
      7.274  0.0000E+00  0.0000E+00  0.0000E+00
      7.343  0.0000E+00  0.0000E+00  0.0000E+00
      7.413  0.0000E+00  0.0000E+00  0.0000E+00
      7.482  0.0000E+00  0.0000E+00  0.0000E+00
      7.551  0.0000E+00  0.0000E+00  0.0000E+00
      7.621  0.0000E+00  0.0000E+00  0.0000E+00
      7.690  0.0000E+00  0.0000E+00  0.0000E+00
