    -13.112  0.0000E+00  0.0000E+00  0.0000E+00
    -13.042  0.0000E+00  0.0000E+00  0.0000E+00
    -12.973  0.0000E+00  0.0000E+00  0.0000E+00
    -12.904  0.0000E+00  0.0000E+00  0.0000E+00
    -12.834  0.0000E+00  0.0000E+00  0.0000E+00
    -12.765  0.0000E+00  0.0000E+00  0.0000E+00
    -12.696  0.0000E+00  0.0000E+00  0.0000E+00
    -12.626  0.0000E+00  0.0000E+00  0.0000E+00
    -12.557  0.0000E+00  0.0000E+00  0.0000E+00
    -12.488  0.0000E+00  0.0000E+00  0.0000E+00
    -12.418  0.0000E+00  0.0000E+00  0.0000E+00
    -12.349  0.0000E+00  0.0000E+00  0.0000E+00
    -12.280  0.0000E+00  0.0000E+00  0.0000E+00
    -12.210  0.0000E+00  0.0000E+00  0.0000E+00
    -12.141  0.0000E+00  0.0000E+00  0.0000E+00
    -12.072  0.3307E-01  0.1222E-02  0.1299E-02
    -12.002  0.4118E-01  0.2238E-02  0.1716E-02
    -11.933  0.3615E-01  0.2950E-02  0.1664E-02
    -11.864  0.3422E-01  0.3699E-02  0.1721E-02
    -11.794  0.3759E-01  0.4631E-02  0.2082E-02
    -11.725  0.3779E-01  0.5786E-02  0.2400E-02
    -11.656  0.3543E-01  0.7359E-02  0.2624E-02
    -11.586  0.3363E-01  0.8796E-02  0.2848E-02
    -11.517  0.5640E-01  0.1220E-01  0.5169E-02
    -11.448  0.2927E-01  0.1136E-01  0.3517E-02
    -11.378  0.3870E-01  0.1451E-01  0.4815E-02
    -11.309  0.7400E-01  0.1591E-01  0.6352E-02
    -11.240  0.8204E-01  0.1997E-01  0.7690E-02
    -11.170  0.2338E-01  0.1070E-01  0.4010E-02
    -11.101  0.2651E-01  0.1467E-01  0.5264E-02
    -11.032  0.3571E-01  0.2073E-01  0.7354E-02
    -10.962  0.3840E-01  0.1781E-01  0.6740E-02
    -10.893  0.4860E-01  0.2393E-01  0.9337E-02
    -10.823  0.5004E-01  0.3238E-01  0.1281E-01
    -10.754  0.5778E-01  0.4423E-01  0.1705E-01
    -10.685  0.7073E-01  0.6453E-01  0.2376E-01
    -10.615  0.3254E-01  0.3329E-01  0.1303E-01
    -10.546  0.2276E-01  0.2498E-01  0.1049E-01
    -10.477  0.2329E-01  0.3572E-01  0.1586E-01
    -10.407  0.2346E-01  0.3369E-01  0.1114E-01
    -10.338  0.2476E-01  0.5619E-01  0.1985E-01
    -10.269  0.9080E-02  0.3772E-01  0.1201E-01
    -10.199  0.2853E-02  0.2931E-01  0.9740E-02
    -10.130  0.2206E-02  0.3678E-02  0.2192E-02
    -10.061  0.1047E-01  0.6630E-02  0.4712E-02
     -9.991  0.2534E-02  0.5110E-02  0.2663E-02
     -9.922  0.1856E-02  0.3804E-02  0.2279E-02
     -9.853  0.1394E-02  0.3148E-02  0.1868E-02
     -9.783  0.9731E-03  0.2712E-02  0.1572E-02
     -9.714  0.6299E-03  0.9392E-03  0.6785E-03
     -9.645  0.4975E-03  0.8138E-03  0.5888E-03
     -9.575  0.3585E-03  0.7630E-03  0.5549E-03
     -9.506  0.2790E-03  0.7004E-03  0.5242E-03
     -9.437  0.1888E-03  0.9155E-03  0.7282E-03
     -9.367  0.8711E-04  0.5267E-03  0.4520E-03
     -9.298  0.0000E+00  0.0000E+00  0.0000E+00
     -9.229  0.1604E-04  0.1116E-01  0.1940E-02
     -9.159  0.1008E-03  0.2427E-01  0.5434E-02
     -9.090  0.2100E-03  0.2091E-01  0.7397E-02
     -9.021  0.4488E-03  0.2612E-01  0.1054E-01
     -8.951  0.3697E-02  0.3327E-01  0.1689E-01
     -8.882  0.1029E-01  0.4143E-01  0.2750E-01
     -8.813  0.5514E-01  0.8093E-01  0.6768E-01
     -8.743  0.2344E-01  0.3610E-01  0.3205E-01
     -8.674  0.2497E-01  0.2126E-01  0.3376E-01
     -8.605  0.1987E-01  0.2213E-01  0.5139E-01
     -8.535  0.1506E-01  0.1812E-01  0.4216E-01
     -8.466  0.1076E-01  0.1362E-01  0.3514E-01
     -8.397  0.3413E-01  0.1934E-01  0.3696E-01
     -8.327  0.3052E-01  0.1873E-01  0.3504E-01
     -8.258  0.3148E-01  0.1938E-01  0.3400E-01
     -8.189  0.3843E-01  0.2280E-01  0.3740E-01
     -8.119  0.3764E-01  0.2603E-01  0.4821E-01
     -8.050  0.6832E-01  0.4222E-01  0.6013E-01
     -7.981  0.7237E-01  0.4897E-01  0.5032E-01
     -7.911  0.8008E-01  0.5601E-01  0.6971E-01
     -7.842  0.6911E-01  0.5711E-01  0.6246E-01
     -7.773  0.5526E-01  0.4760E-01  0.7248E-01
     -7.703  0.3303E-01  0.2745E-01  0.4963E-01
     -7.634  0.9610E-01  0.7269E-01  0.2074E+00
     -7.565  0.2983E-01  0.2550E-01  0.1122E+00
     -7.495  0.2500E-01  0.4372E-01  0.5186E-01
     -7.426  0.1674E-01  0.4515E-01  0.5416E-01
     -7.357  0.7326E-02  0.3128E-01  0.1044E-01
     -7.287  0.5089E-02  0.9545E-01  0.2282E-01
     -7.218  0.1559E-03  0.5895E-03  0.1428E-02
     -7.149  0.1100E-03  0.4518E-03  0.8236E-03
     -7.079  0.6164E-04  0.2849E-03  0.4172E-03
     -7.010  0.1835E-04  0.1497E-03  0.1234E-03
     -6.941  0.0000E+00  0.0000E+00  0.0000E+00
     -6.871  0.0000E+00  0.0000E+00  0.0000E+00
     -6.802  0.0000E+00  0.0000E+00  0.0000E+00
     -6.732  0.0000E+00  0.0000E+00  0.0000E+00
     -6.663  0.0000E+00  0.0000E+00  0.0000E+00
     -6.594  0.0000E+00  0.0000E+00  0.0000E+00
     -6.524  0.0000E+00  0.0000E+00  0.0000E+00
     -6.455  0.0000E+00  0.0000E+00  0.0000E+00
     -6.386  0.0000E+00  0.0000E+00  0.0000E+00
     -6.316  0.0000E+00  0.0000E+00  0.0000E+00
     -6.247  0.0000E+00  0.0000E+00  0.0000E+00
     -6.178  0.0000E+00  0.0000E+00  0.0000E+00
     -6.108  0.0000E+00  0.0000E+00  0.0000E+00
     -6.039  0.0000E+00  0.0000E+00  0.0000E+00
     -5.970  0.0000E+00  0.0000E+00  0.0000E+00
     -5.900  0.0000E+00  0.0000E+00  0.0000E+00
     -5.831  0.0000E+00  0.0000E+00  0.0000E+00
     -5.762  0.0000E+00  0.0000E+00  0.0000E+00
     -5.692  0.0000E+00  0.0000E+00  0.0000E+00
     -5.623  0.0000E+00  0.0000E+00  0.0000E+00
     -5.554  0.0000E+00  0.0000E+00  0.0000E+00
     -5.484  0.0000E+00  0.0000E+00  0.0000E+00
     -5.415  0.0000E+00  0.0000E+00  0.0000E+00
     -5.346  0.0000E+00  0.0000E+00  0.0000E+00
     -5.276  0.0000E+00  0.0000E+00  0.0000E+00
     -5.207  0.0000E+00  0.0000E+00  0.0000E+00
     -5.138  0.0000E+00  0.0000E+00  0.0000E+00
     -5.068  0.1297E+00  0.1789E-01  0.7615E-01
     -4.999  0.8987E-01  0.1526E-01  0.5291E-01
     -4.930  0.8849E-01  0.1549E-01  0.5080E-01
     -4.860  0.9365E-01  0.1506E-01  0.5203E-01
     -4.791  0.9143E-01  0.1584E-01  0.5428E-01
     -4.722  0.1010E+00  0.2050E-01  0.6658E-01
     -4.652  0.1129E+00  0.2493E-01  0.7906E-01
     -4.583  0.1294E+00  0.4959E-01  0.1412E+00
     -4.514  0.8956E-01  0.3674E-01  0.9313E-01
     -4.444  0.1588E+00  0.5877E-01  0.1612E+00
     -4.375  0.8747E-01  0.4887E-01  0.8491E-01
     -4.306  0.1093E+00  0.6456E-01  0.1417E+00
     -4.236  0.1304E+00  0.5309E-01  0.1380E+00
     -4.167  0.5236E-01  0.2861E-01  0.8553E-01
     -4.098  0.1824E+00  0.1531E+00  0.5341E+00
     -4.028  0.1606E-01  0.5611E-02  0.1645E-01
     -3.959  0.6496E-01  0.3112E-01  0.1072E+00
     -3.890  0.1539E+00  0.1151E+00  0.3084E+00
     -3.820  0.4228E-01  0.2225E-01  0.8938E-01
     -3.751  0.2096E+00  0.5955E-01  0.2960E+00
     -3.682  0.5059E-01  0.4211E-01  0.1309E+00
     -3.612  0.1025E+00  0.5940E-01  0.2044E+00
     -3.543  0.7040E-01  0.4780E-01  0.1949E+00
     -3.474  0.8135E-01  0.7002E-01  0.3214E+00
     -3.404  0.1645E+00  0.5621E-01  0.2126E+00
     -3.335  0.1341E-01  0.9377E-02  0.4963E-01
     -3.266  0.8811E-01  0.6527E-01  0.2303E+00
     -3.196  0.8946E-01  0.7328E-01  0.3565E+00
     -3.127  0.8742E-01  0.6924E-01  0.3269E+00
     -3.058  0.4647E-01  0.4106E-01  0.1457E+00
     -2.988  0.5072E-01  0.6954E-01  0.2815E+00
     -2.919  0.7087E-01  0.7645E-01  0.2496E+00
     -2.850  0.9413E-01  0.1587E+00  0.3572E+00
     -2.780  0.6867E-01  0.1606E+00  0.3723E+00
     -2.711  0.2689E-01  0.9012E-01  0.4033E+00
     -2.642  0.3677E-01  0.1058E+00  0.4410E+00
     -2.572  0.2177E-01  0.8310E-01  0.3986E+00
     -2.503  0.2028E-01  0.5754E-01  0.4914E+00
     -2.433  0.3422E-01  0.6764E-01  0.6071E+00
     -2.364  0.4408E-01  0.9931E-01  0.7163E+00
     -2.295  0.3237E-01  0.5601E-01  0.5360E+00
     -2.225  0.6300E-01  0.1019E+00  0.6386E+00
     -2.156  0.1916E-01  0.2442E-01  0.2035E+00
     -2.087  0.8295E-01  0.8782E-01  0.1155E+01
     -2.017  0.4422E-01  0.1203E+00  0.1060E+01
     -1.948  0.4997E-01  0.8622E-01  0.1370E+01
     -1.879  0.3222E-01  0.1065E+00  0.1222E+01
     -1.809  0.2245E-01  0.8234E-01  0.1016E+01
     -1.740  0.2861E-01  0.1113E+00  0.9249E+00
     -1.671  0.2309E-01  0.6798E-01  0.1071E+01
     -1.601  0.4748E-01  0.2053E+00  0.1440E+01
     -1.532  0.1388E-01  0.1394E+00  0.1174E+01
     -1.463  0.2957E-01  0.2252E+00  0.1557E+01
     -1.393  0.3589E-01  0.1305E+00  0.1128E+01
     -1.324  0.2079E-01  0.1903E+00  0.1117E+01
     -1.255  0.1102E-01  0.6901E-01  0.6905E+00
     -1.185  0.1264E-01  0.1088E+00  0.1706E+01
     -1.116  0.1607E-01  0.1195E+00  0.2726E+01
     -1.047  0.5176E-02  0.3579E-01  0.7451E+00
     -0.977  0.1508E-01  0.1280E+00  0.2602E+01
     -0.908  0.1728E-01  0.1096E+00  0.2276E+01
     -0.839  0.1600E-01  0.1800E+00  0.2029E+01
     -0.769  0.1453E-01  0.1338E+00  0.1836E+01
     -0.700  0.5243E-02  0.4511E-01  0.8835E+00
     -0.631  0.1517E-01  0.9996E-01  0.2461E+01
     -0.561  0.1095E-01  0.8576E-01  0.2210E+01
     -0.492  0.2612E-02  0.2524E-01  0.9660E+00
     -0.423  0.2089E-01  0.1187E+00  0.3591E+01
     -0.353  0.8284E-02  0.5372E-01  0.2103E+01
     -0.284  0.9611E-02  0.6335E-01  0.3082E+01
     -0.215  0.1075E-01  0.7620E-01  0.3296E+01
     -0.145  0.1661E-01  0.3897E-01  0.2771E+01
     -0.076  0.8410E-02  0.5518E-01  0.3150E+01
     -0.007  0.6243E-02  0.3655E-01  0.2784E+01
      0.063  0.7471E-02  0.4403E-01  0.2591E+01
      0.132  0.1172E-01  0.1009E+00  0.2562E+01
      0.201  0.2458E-01  0.8069E-01  0.3920E+01
      0.271  0.1172E-01  0.3717E-01  0.1987E+01
      0.340  0.2032E-01  0.9949E-01  0.5034E+01
      0.409  0.4918E-02  0.3185E-01  0.1803E+01
      0.479  0.3144E-01  0.5384E-01  0.4036E+01
      0.548  0.1189E-01  0.3470E-01  0.3933E+01
      0.617  0.9667E-02  0.1664E-01  0.1804E+01
      0.687  0.1636E-01  0.2973E-01  0.2170E+01
      0.756  0.2023E-01  0.3925E-01  0.2161E+01
      0.825  0.1624E-01  0.2796E-01  0.1132E+01
      0.895  0.2653E-01  0.5166E-01  0.1439E+01
      0.964  0.1274E-01  0.3636E-01  0.9739E+00
      1.033  0.1900E-01  0.8202E-01  0.1744E+01
      1.103  0.5441E-02  0.3190E-01  0.4840E+00
      1.172  0.1311E-01  0.7945E-01  0.1357E+01
      1.241  0.1041E-01  0.2583E-01  0.4251E+00
      1.311  0.1104E-01  0.4424E-01  0.6767E+00
      1.380  0.3004E-01  0.5219E-01  0.9765E+00
      1.449  0.4040E-01  0.4974E-01  0.7515E+00
      1.519  0.1729E-01  0.4414E-01  0.8942E+00
      1.588  0.1134E-01  0.5196E-01  0.3789E+00
      1.657  0.3040E-01  0.9281E-01  0.1898E+01
      1.727  0.2334E-01  0.7071E-01  0.1119E+01
      1.796  0.2314E-01  0.8345E-01  0.9602E+00
      1.866  0.7686E-02  0.4985E-01  0.5059E+00
      1.935  0.4814E-02  0.1703E-01  0.3503E+00
      2.004  0.5223E-02  0.2369E-01  0.2892E+00
      2.074  0.1340E-01  0.5019E-01  0.5892E+00
      2.143  0.1087E-01  0.4237E-01  0.3718E+00
      2.212  0.1518E-01  0.2973E-01  0.3600E+00
      2.282  0.8912E-02  0.3236E-01  0.3170E+00
      2.351  0.1342E-01  0.5882E-01  0.6735E+00
      2.420  0.1413E-01  0.3829E-01  0.4548E+00
      2.490  0.8178E-02  0.2563E-01  0.3415E+00
      2.559  0.7203E-02  0.2518E-01  0.3239E+00
      2.628  0.2376E-01  0.4141E-01  0.4856E+00
      2.698  0.1271E-01  0.5092E-01  0.6830E+00
      2.767  0.1255E-01  0.4392E-01  0.5164E+00
      2.836  0.9554E-02  0.3495E-01  0.3932E+00
      2.906  0.1291E-01  0.3928E-01  0.4140E+00
      2.975  0.1847E-01  0.3847E-01  0.4499E+00
      3.044  0.1776E-01  0.6627E-01  0.6843E+00
      3.114  0.1376E-01  0.5518E-01  0.5934E+00
      3.183  0.1403E-01  0.5387E-01  0.5934E+00
      3.252  0.8212E-02  0.4249E-01  0.4497E+00
      3.322  0.7473E-02  0.4290E-01  0.4629E+00
      3.391  0.1345E-01  0.4028E-01  0.4561E+00
      3.460  0.1105E-01  0.3119E-01  0.4640E+00
      3.530  0.9904E-02  0.2742E-01  0.3569E+00
      3.599  0.1450E-01  0.3938E-01  0.4378E+00
      3.668  0.1769E-01  0.4603E-01  0.5865E+00
      3.738  0.9730E-02  0.2491E-01  0.4263E+00
      3.807  0.1251E-01  0.2855E-01  0.3785E+00
      3.876  0.1344E-01  0.2880E-01  0.3071E+00
      3.946  0.1390E-01  0.3921E-01  0.3262E+00
      4.015  0.2949E-01  0.3850E-01  0.4969E+00
      4.084  0.1812E-01  0.2654E-01  0.2854E+00
      4.154  0.1265E-01  0.2436E-01  0.3620E+00
      4.223  0.8753E-02  0.1941E-01  0.2742E+00
      4.292  0.8557E-02  0.1847E-01  0.1964E+00
      4.362  0.1505E-01  0.2493E-01  0.3634E+00
      4.431  0.2087E-01  0.2862E-01  0.3309E+00
      4.500  0.2267E-01  0.2543E-01  0.2791E+00
      4.570  0.3893E-01  0.2562E-01  0.3235E+00
      4.639  0.8314E-02  0.1079E-01  0.1388E+00
      4.708  0.2043E-01  0.1506E-01  0.1951E+00
      4.778  0.3584E-01  0.1970E-01  0.2011E+00
      4.847  0.9586E-02  0.1102E-01  0.1690E+00
      4.916  0.9370E-02  0.1195E-01  0.1653E+00
      4.986  0.1389E-01  0.1991E-01  0.2206E+00
      5.055  0.1530E-01  0.2211E-01  0.1828E+00
      5.124  0.2793E-01  0.3998E-01  0.3278E+00
      5.194  0.1142E-01  0.2110E-01  0.1224E+00
      5.263  0.9523E-02  0.1539E-01  0.8824E-01
      5.332  0.9826E-02  0.1760E-01  0.1164E+00
      5.402  0.1183E-01  0.1993E-01  0.1018E+00
      5.471  0.1067E-01  0.1898E-01  0.8769E-01
      5.540  0.1677E-01  0.1967E-01  0.6494E-01
      5.610  0.2338E-01  0.2266E-01  0.8607E-01
      5.679  0.2272E-01  0.2225E-01  0.9955E-01
      5.748  0.1512E-01  0.1586E-01  0.9853E-01
      5.818  0.2037E-01  0.1390E-01  0.9239E-01
      5.887  0.2375E-01  0.9057E-02  0.4996E-01
      5.956  0.3917E-01  0.1513E-01  0.5485E-01
      6.026  0.1716E-01  0.8942E-02  0.2412E-01
      6.095  0.1540E-01  0.6445E-02  0.2110E-01
      6.165  0.1265E-01  0.4089E-02  0.9702E-02
      6.234  0.1859E-01  0.5640E-02  0.1399E-01
      6.303  0.2414E-01  0.6972E-02  0.1749E-01
      6.373  0.2680E-01  0.6994E-02  0.1816E-01
      6.442  0.4267E-01  0.8543E-02  0.2360E-01
      6.511  0.2957E-01  0.6239E-02  0.1581E-01
      6.581  0.1159E-01  0.3563E-02  0.9216E-02
      6.650  0.5519E-02  0.1701E-02  0.4626E-02
      6.719  0.0000E+00  0.0000E+00  0.0000E+00
      6.789  0.0000E+00  0.0000E+00  0.0000E+00
      6.858  0.0000E+00  0.0000E+00  0.0000E+00
      6.927  0.0000E+00  0.0000E+00  0.0000E+00
      6.997  0.0000E+00  0.0000E+00  0.0000E+00
      7.066  0.0000E+00  0.0000E+00  0.0000E+00
      7.135  0.0000E+00  0.0000E+00  0.0000E+00
      7.205  0.0000E+00  0.0000E+00  0.0000E+00
      7.274  0.0000E+00  0.0000E+00  0.0000E+00
      7.343  0.0000E+00  0.0000E+00  0.0000E+00
      7.413  0.0000E+00  0.0000E+00  0.0000E+00
      7.482  0.0000E+00  0.0000E+00  0.0000E+00
      7.551  0.0000E+00  0.0000E+00  0.0000E+00
      7.621  0.0000E+00  0.0000E+00  0.0000E+00
      7.690  0.0000E+00  0.0000E+00  0.0000E+00
