    -13.112  0.0000E+00  0.0000E+00  0.0000E+00
    -13.042  0.0000E+00  0.0000E+00  0.0000E+00
    -12.973  0.0000E+00  0.0000E+00  0.0000E+00
    -12.904  0.0000E+00  0.0000E+00  0.0000E+00
    -12.834  0.0000E+00  0.0000E+00  0.0000E+00
    -12.765  0.0000E+00  0.0000E+00  0.0000E+00
    -12.696  0.0000E+00  0.0000E+00  0.0000E+00
    -12.626  0.0000E+00  0.0000E+00  0.0000E+00
    -12.557  0.0000E+00  0.0000E+00  0.0000E+00
    -12.488  0.0000E+00  0.0000E+00  0.0000E+00
    -12.418  0.0000E+00  0.0000E+00  0.0000E+00
    -12.349  0.0000E+00  0.0000E+00  0.0000E+00
    -12.280  0.0000E+00  0.0000E+00  0.0000E+00
    -12.210  0.0000E+00  0.0000E+00  0.0000E+00
    -12.141  0.0000E+00  0.0000E+00  0.0000E+00
    -12.072  0.2478E-01  0.2591E-02  0.0000E+00
    -12.002  0.3187E-01  0.3392E-02  0.0000E+00
    -11.933  0.3121E-01  0.3370E-02  0.0000E+00
    -11.864  0.3425E-01  0.3705E-02  0.0000E+00
    -11.794  0.3797E-01  0.4159E-02  0.0000E+00
    -11.725  0.3074E-01  0.3636E-02  0.0000E+00
    -11.656  0.3300E-01  0.3986E-02  0.0000E+00
    -11.586  0.3616E-01  0.4431E-02  0.0000E+00
    -11.517  0.7071E-01  0.7838E-02  0.0000E+00
    -11.448  0.4501E-01  0.5395E-02  0.0000E+00
    -11.378  0.6186E-01  0.7160E-02  0.0000E+00
    -11.309  0.8776E-01  0.9701E-02  0.0000E+00
    -11.240  0.9501E-01  0.1066E-01  0.0000E+00
    -11.170  0.3518E-01  0.4341E-02  0.0000E+00
    -11.101  0.5647E-01  0.6725E-02  0.0000E+00
    -11.032  0.6440E-01  0.8090E-02  0.0000E+00
    -10.962  0.5968E-01  0.7366E-02  0.0000E+00
    -10.893  0.8867E-01  0.1053E-01  0.0000E+00
    -10.823  0.1092E+00  0.1322E-01  0.0000E+00
    -10.754  0.1403E+00  0.1714E-01  0.0000E+00
    -10.685  0.2023E+00  0.2439E-01  0.0000E+00
    -10.615  0.1059E+00  0.1264E-01  0.0000E+00
    -10.546  0.8531E-01  0.9826E-02  0.0000E+00
    -10.477  0.1093E+00  0.1293E-01  0.0000E+00
    -10.407  0.9633E-01  0.1061E-01  0.0000E+00
    -10.338  0.1540E+00  0.1878E-01  0.0000E+00
    -10.269  0.7726E-01  0.9148E-02  0.0000E+00
    -10.199  0.6629E-01  0.8084E-02  0.0000E+00
    -10.130  0.1859E-01  0.1725E-02  0.0000E+00
    -10.061  0.4780E-01  0.3532E-02  0.0000E+00
     -9.991  0.2009E-01  0.1982E-02  0.0000E+00
     -9.922  0.1453E-01  0.1425E-02  0.0000E+00
     -9.853  0.1246E-01  0.1211E-02  0.0000E+00
     -9.783  0.1143E-01  0.1086E-02  0.0000E+00
     -9.714  0.5357E-02  0.4281E-03  0.0000E+00
     -9.645  0.4629E-02  0.3685E-03  0.0000E+00
     -9.575  0.4246E-02  0.3406E-03  0.0000E+00
     -9.506  0.3930E-02  0.3165E-03  0.0000E+00
     -9.437  0.5390E-02  0.4320E-03  0.0000E+00
     -9.367  0.3369E-02  0.2676E-03  0.0000E+00
     -9.298  0.0000E+00  0.0000E+00  0.0000E+00
     -9.229  0.6483E-01  0.1426E-02  0.0000E+00
     -9.159  0.1452E+00  0.3297E-02  0.0000E+00
     -9.090  0.1512E+00  0.3524E-02  0.0000E+00
     -9.021  0.1511E+00  0.3899E-02  0.0000E+00
     -8.951  0.1840E+00  0.5577E-02  0.0000E+00
     -8.882  0.2195E+00  0.7953E-02  0.0000E+00
     -8.813  0.3147E+00  0.1633E-01  0.0000E+00
     -8.743  0.1450E+00  0.7324E-02  0.0000E+00
     -8.674  0.5231E-01  0.3783E-02  0.0000E+00
     -8.605  0.1469E+00  0.7704E-02  0.0000E+00
     -8.535  0.1197E+00  0.6154E-02  0.0000E+00
     -8.466  0.1034E+00  0.4957E-02  0.0000E+00
     -8.397  0.2672E+00  0.8301E-02  0.0000E+00
     -8.327  0.2273E+00  0.6786E-02  0.0000E+00
     -8.258  0.2491E+00  0.6993E-02  0.0000E+00
     -8.189  0.2994E+00  0.7956E-02  0.0000E+00
     -8.119  0.3484E+00  0.9005E-02  0.0000E+00
     -8.050  0.7824E+00  0.1663E-01  0.0000E+00
     -7.981  0.7498E+00  0.1462E-01  0.0000E+00
     -7.911  0.1050E+01  0.1952E-01  0.0000E+00
     -7.842  0.7053E+00  0.1131E-01  0.0000E+00
     -7.773  0.7794E+00  0.1320E-01  0.0000E+00
     -7.703  0.4467E+00  0.7677E-02  0.0000E+00
     -7.634  0.1432E+01  0.2332E-01  0.0000E+00
     -7.565  0.5031E+00  0.7648E-02  0.0000E+00
     -7.495  0.5154E+00  0.9904E-02  0.0000E+00
     -7.426  0.4371E+00  0.8498E-02  0.0000E+00
     -7.357  0.2451E+00  0.4671E-02  0.0000E+00
     -7.287  0.6697E+00  0.1173E-01  0.0000E+00
     -7.218  0.6115E-02  0.1156E-03  0.0000E+00
     -7.149  0.4382E-02  0.8477E-04  0.0000E+00
     -7.079  0.2002E-02  0.4810E-04  0.0000E+00
     -7.010  0.6730E-03  0.1698E-04  0.0000E+00
     -6.941  0.0000E+00  0.0000E+00  0.0000E+00
     -6.871  0.0000E+00  0.0000E+00  0.0000E+00
     -6.802  0.0000E+00  0.0000E+00  0.0000E+00
     -6.732  0.0000E+00  0.0000E+00  0.0000E+00
     -6.663  0.0000E+00  0.0000E+00  0.0000E+00
     -6.594  0.0000E+00  0.0000E+00  0.0000E+00
     -6.524  0.0000E+00  0.0000E+00  0.0000E+00
     -6.455  0.0000E+00  0.0000E+00  0.0000E+00
     -6.386  0.0000E+00  0.0000E+00  0.0000E+00
     -6.316  0.0000E+00  0.0000E+00  0.0000E+00
     -6.247  0.0000E+00  0.0000E+00  0.0000E+00
     -6.178  0.0000E+00  0.0000E+00  0.0000E+00
     -6.108  0.0000E+00  0.0000E+00  0.0000E+00
     -6.039  0.0000E+00  0.0000E+00  0.0000E+00
     -5.970  0.0000E+00  0.0000E+00  0.0000E+00
     -5.900  0.0000E+00  0.0000E+00  0.0000E+00
     -5.831  0.0000E+00  0.0000E+00  0.0000E+00
     -5.762  0.0000E+00  0.0000E+00  0.0000E+00
     -5.692  0.0000E+00  0.0000E+00  0.0000E+00
     -5.623  0.0000E+00  0.0000E+00  0.0000E+00
     -5.554  0.0000E+00  0.0000E+00  0.0000E+00
     -5.484  0.0000E+00  0.0000E+00  0.0000E+00
     -5.415  0.0000E+00  0.0000E+00  0.0000E+00
     -5.346  0.0000E+00  0.0000E+00  0.0000E+00
     -5.276  0.0000E+00  0.0000E+00  0.0000E+00
     -5.207  0.0000E+00  0.0000E+00  0.0000E+00
     -5.138  0.0000E+00  0.0000E+00  0.0000E+00
     -5.068  0.7696E-02  0.3477E-01  0.0000E+00
     -4.999  0.5216E-02  0.2405E-01  0.0000E+00
     -4.930  0.5511E-02  0.2247E-01  0.0000E+00
     -4.860  0.6813E-02  0.2446E-01  0.0000E+00
     -4.791  0.9047E-02  0.2596E-01  0.0000E+00
     -4.722  0.1527E-01  0.3162E-01  0.0000E+00
     -4.652  0.2213E-01  0.3740E-01  0.0000E+00
     -4.583  0.7860E-01  0.5912E-01  0.0000E+00
     -4.514  0.3687E-01  0.4604E-01  0.0000E+00
     -4.444  0.5642E-01  0.6072E-01  0.0000E+00
     -4.375  0.3752E-01  0.3341E-01  0.0000E+00
     -4.306  0.3570E-01  0.6208E-01  0.0000E+00
     -4.236  0.3937E-01  0.5896E-01  0.0000E+00
     -4.167  0.1954E-01  0.2830E-01  0.0000E+00
     -4.098  0.1021E+00  0.1498E+00  0.0000E+00
     -4.028  0.5517E-02  0.8977E-02  0.0000E+00
     -3.959  0.3004E-01  0.4285E-01  0.0000E+00
     -3.890  0.9280E-01  0.1123E+00  0.0000E+00
     -3.820  0.2706E-01  0.3206E-01  0.0000E+00
     -3.751  0.8768E-01  0.1243E+00  0.0000E+00
     -3.682  0.3431E-01  0.5543E-01  0.0000E+00
     -3.612  0.4320E-01  0.9858E-01  0.0000E+00
     -3.543  0.3903E-01  0.1059E+00  0.0000E+00
     -3.474  0.3584E-01  0.1380E+00  0.0000E+00
     -3.404  0.4457E-01  0.1351E+00  0.0000E+00
     -3.335  0.1751E-01  0.3611E-01  0.0000E+00
     -3.266  0.4901E-01  0.1938E+00  0.0000E+00
     -3.196  0.7519E-01  0.2740E+00  0.0000E+00
     -3.127  0.6151E-01  0.2359E+00  0.0000E+00
     -3.058  0.2312E-01  0.9794E-01  0.0000E+00
     -2.988  0.4157E-01  0.1736E+00  0.0000E+00
     -2.919  0.3309E-01  0.1598E+00  0.0000E+00
     -2.850  0.2886E-01  0.1654E+00  0.0000E+00
     -2.780  0.3456E-01  0.1370E+00  0.0000E+00
     -2.711  0.2026E-01  0.1412E+00  0.0000E+00
     -2.642  0.2279E-01  0.1726E+00  0.0000E+00
     -2.572  0.1756E-01  0.1511E+00  0.0000E+00
     -2.503  0.1418E-01  0.1151E+00  0.0000E+00
     -2.433  0.1365E-01  0.1100E+00  0.0000E+00
     -2.364  0.1722E-01  0.2031E+00  0.0000E+00
     -2.295  0.9747E-02  0.1190E+00  0.0000E+00
     -2.225  0.1656E-01  0.1820E+00  0.0000E+00
     -2.156  0.6973E-02  0.5202E-01  0.0000E+00
     -2.087  0.3753E-01  0.2629E+00  0.0000E+00
     -2.017  0.1581E-01  0.3892E+00  0.0000E+00
     -1.948  0.1056E-01  0.2761E+00  0.0000E+00
     -1.879  0.2221E-01  0.3998E+00  0.0000E+00
     -1.809  0.1804E-01  0.3138E+00  0.0000E+00
     -1.740  0.1916E-01  0.2699E+00  0.0000E+00
     -1.671  0.1538E-01  0.2843E+00  0.0000E+00
     -1.601  0.2760E-01  0.4340E+00  0.0000E+00
     -1.532  0.2228E-01  0.2798E+00  0.0000E+00
     -1.463  0.2201E-01  0.2970E+00  0.0000E+00
     -1.393  0.1330E-01  0.2400E+00  0.0000E+00
     -1.324  0.1639E-01  0.2312E+00  0.0000E+00
     -1.255  0.6422E-02  0.1059E+00  0.0000E+00
     -1.185  0.1233E-01  0.1693E+00  0.0000E+00
     -1.116  0.2460E-01  0.2489E+00  0.0000E+00
     -1.047  0.4401E-02  0.6316E-01  0.0000E+00
     -0.977  0.1986E-01  0.2980E+00  0.0000E+00
     -0.908  0.1975E-01  0.2534E+00  0.0000E+00
     -0.839  0.4117E-01  0.3498E+00  0.0000E+00
     -0.769  0.3256E-01  0.2912E+00  0.0000E+00
     -0.700  0.1461E-01  0.1130E+00  0.0000E+00
     -0.631  0.4122E-01  0.3352E+00  0.0000E+00
     -0.561  0.5264E-01  0.3143E+00  0.0000E+00
     -0.492  0.8916E-02  0.8822E-01  0.0000E+00
     -0.423  0.5976E-01  0.4711E+00  0.0000E+00
     -0.353  0.1778E-01  0.1494E+00  0.0000E+00
     -0.284  0.2266E-01  0.2631E+00  0.0000E+00
     -0.215  0.3628E-01  0.3494E+00  0.0000E+00
     -0.145  0.2505E-01  0.1684E+00  0.0000E+00
     -0.076  0.1025E-01  0.1424E+00  0.0000E+00
     -0.007  0.9563E-02  0.1222E+00  0.0000E+00
      0.063  0.1366E-01  0.1737E+00  0.0000E+00
      0.132  0.1783E-01  0.1849E+00  0.0000E+00
      0.201  0.2863E-01  0.1943E+00  0.0000E+00
      0.271  0.7663E-02  0.1077E+00  0.0000E+00
      0.340  0.3843E-01  0.2298E+00  0.0000E+00
      0.409  0.1121E-01  0.5989E-01  0.0000E+00
      0.479  0.2324E-01  0.1254E+00  0.0000E+00
      0.548  0.2018E-01  0.8319E-01  0.0000E+00
      0.617  0.3390E-01  0.1239E+00  0.0000E+00
      0.687  0.4553E-01  0.1919E+00  0.0000E+00
      0.756  0.4873E-01  0.2124E+00  0.0000E+00
      0.825  0.2348E-01  0.1312E+00  0.0000E+00
      0.895  0.4495E-01  0.2625E+00  0.0000E+00
      0.964  0.1876E-01  0.1096E+00  0.0000E+00
      1.033  0.6945E-01  0.3021E+00  0.0000E+00
      1.103  0.8701E-02  0.7360E-01  0.0000E+00
      1.172  0.2098E-01  0.2229E+00  0.0000E+00
      1.241  0.2414E-01  0.1452E+00  0.0000E+00
      1.311  0.4321E-01  0.1663E+00  0.0000E+00
      1.380  0.2537E-01  0.1939E+00  0.0000E+00
      1.449  0.3996E-01  0.3926E+00  0.0000E+00
      1.519  0.1264E-01  0.1075E+00  0.0000E+00
      1.588  0.2565E-01  0.2285E+00  0.0000E+00
      1.657  0.6367E-01  0.3750E+00  0.0000E+00
      1.727  0.2790E-01  0.2989E+00  0.0000E+00
      1.796  0.2278E-01  0.3689E+00  0.0000E+00
      1.866  0.9174E-02  0.1761E+00  0.0000E+00
      1.935  0.5714E-02  0.6936E-01  0.0000E+00
      2.004  0.7510E-02  0.1100E+00  0.0000E+00
      2.074  0.2385E-01  0.2295E+00  0.0000E+00
      2.143  0.1126E-01  0.1990E+00  0.0000E+00
      2.212  0.1043E-01  0.1367E+00  0.0000E+00
      2.282  0.5373E-02  0.1012E+00  0.0000E+00
      2.351  0.9648E-02  0.2104E+00  0.0000E+00
      2.420  0.8230E-02  0.1497E+00  0.0000E+00
      2.490  0.6980E-02  0.1148E+00  0.0000E+00
      2.559  0.8328E-02  0.1250E+00  0.0000E+00
      2.628  0.1166E-01  0.1819E+00  0.0000E+00
      2.698  0.1603E-01  0.2528E+00  0.0000E+00
      2.767  0.9094E-02  0.1763E+00  0.0000E+00
      2.836  0.8999E-02  0.1639E+00  0.0000E+00
      2.906  0.1022E-01  0.1870E+00  0.0000E+00
      2.975  0.1304E-01  0.1713E+00  0.0000E+00
      3.044  0.2041E-01  0.2732E+00  0.0000E+00
      3.114  0.1241E-01  0.2807E+00  0.0000E+00
      3.183  0.1558E-01  0.2571E+00  0.0000E+00
      3.252  0.9359E-02  0.2310E+00  0.0000E+00
      3.322  0.7267E-02  0.2294E+00  0.0000E+00
      3.391  0.7470E-02  0.2016E+00  0.0000E+00
      3.460  0.1292E-01  0.1912E+00  0.0000E+00
      3.530  0.8172E-02  0.1621E+00  0.0000E+00
      3.599  0.8854E-02  0.2145E+00  0.0000E+00
      3.668  0.1682E-01  0.3254E+00  0.0000E+00
      3.738  0.1405E-01  0.2759E+00  0.0000E+00
      3.807  0.1318E-01  0.2032E+00  0.0000E+00
      3.876  0.1429E-01  0.2282E+00  0.0000E+00
      3.946  0.1382E-01  0.2273E+00  0.0000E+00
      4.015  0.1973E-01  0.2732E+00  0.0000E+00
      4.084  0.1204E-01  0.1805E+00  0.0000E+00
      4.154  0.1541E-01  0.2469E+00  0.0000E+00
      4.223  0.1487E-01  0.1761E+00  0.0000E+00
      4.292  0.1116E-01  0.1346E+00  0.0000E+00
      4.362  0.1587E-01  0.1744E+00  0.0000E+00
      4.431  0.1436E-01  0.1967E+00  0.0000E+00
      4.500  0.1745E-01  0.1678E+00  0.0000E+00
      4.570  0.1723E-01  0.2504E+00  0.0000E+00
      4.639  0.1331E-01  0.1237E+00  0.0000E+00
      4.708  0.1574E-01  0.1274E+00  0.0000E+00
      4.778  0.3647E-01  0.2130E+00  0.0000E+00
      4.847  0.1370E-01  0.1603E+00  0.0000E+00
      4.916  0.1129E-01  0.1657E+00  0.0000E+00
      4.986  0.2934E-01  0.2389E+00  0.0000E+00
      5.055  0.2129E-01  0.2221E+00  0.0000E+00
      5.124  0.6206E-01  0.3757E+00  0.0000E+00
      5.194  0.1259E-01  0.1637E+00  0.0000E+00
      5.263  0.2005E-01  0.1451E+00  0.0000E+00
      5.332  0.2068E-01  0.1627E+00  0.0000E+00
      5.402  0.1566E-01  0.2117E+00  0.0000E+00
      5.471  0.9781E-02  0.1397E+00  0.0000E+00
      5.540  0.1707E-01  0.1019E+00  0.0000E+00
      5.610  0.2624E-01  0.1389E+00  0.0000E+00
      5.679  0.3149E-01  0.1351E+00  0.0000E+00
      5.748  0.2890E-01  0.1426E+00  0.0000E+00
      5.818  0.2515E-01  0.1344E+00  0.0000E+00
      5.887  0.1678E-01  0.6735E-01  0.0000E+00
      5.956  0.2132E-01  0.5891E-01  0.0000E+00
      6.026  0.1475E-01  0.2433E-01  0.0000E+00
      6.095  0.1142E-01  0.2141E-01  0.0000E+00
      6.165  0.4707E-02  0.1058E-01  0.0000E+00
      6.234  0.6958E-02  0.1452E-01  0.0000E+00
      6.303  0.9023E-02  0.1762E-01  0.0000E+00
      6.373  0.8807E-02  0.1824E-01  0.0000E+00
      6.442  0.9804E-02  0.2268E-01  0.0000E+00
      6.511  0.7184E-02  0.1582E-01  0.0000E+00
      6.581  0.5821E-02  0.8792E-02  0.0000E+00
      6.650  0.3056E-02  0.3949E-02  0.0000E+00
      6.719  0.0000E+00  0.0000E+00  0.0000E+00
      6.789  0.0000E+00  0.0000E+00  0.0000E+00
      6.858  0.0000E+00  0.0000E+00  0.0000E+00
      6.927  0.0000E+00  0.0000E+00  0.0000E+00
      6.997  0.0000E+00  0.0000E+00  0.0000E+00
      7.066  0.0000E+00  0.0000E+00  0.0000E+00
      7.135  0.0000E+00  0.0000E+00  0.0000E+00
      7.205  0.0000E+00  0.0000E+00  0.0000E+00
      7.274  0.0000E+00  0.0000E+00  0.0000E+00
      7.343  0.0000E+00  0.0000E+00  0.0000E+00
      7.413  0.0000E+00  0.0000E+00  0.0000E+00
      7.482  0.0000E+00  0.0000E+00  0.0000E+00
      7.551  0.0000E+00  0.0000E+00  0.0000E+00
      7.621  0.0000E+00  0.0000E+00  0.0000E+00
      7.690  0.0000E+00  0.0000E+00  0.0000E+00
