    -13.112  0.0000E+00  0.0000E+00  0.0000E+00
    -13.042  0.0000E+00  0.0000E+00  0.0000E+00
    -12.973  0.0000E+00  0.0000E+00  0.0000E+00
    -12.904  0.0000E+00  0.0000E+00  0.0000E+00
    -12.834  0.0000E+00  0.0000E+00  0.0000E+00
    -12.765  0.0000E+00  0.0000E+00  0.0000E+00
    -12.696  0.0000E+00  0.0000E+00  0.0000E+00
    -12.626  0.0000E+00  0.0000E+00  0.0000E+00
    -12.557  0.0000E+00  0.0000E+00  0.0000E+00
    -12.488  0.0000E+00  0.0000E+00  0.0000E+00
    -12.418  0.0000E+00  0.0000E+00  0.0000E+00
    -12.349  0.0000E+00  0.0000E+00  0.0000E+00
    -12.280  0.0000E+00  0.0000E+00  0.0000E+00
    -12.210  0.0000E+00  0.0000E+00  0.0000E+00
    -12.141  0.0000E+00  0.0000E+00  0.0000E+00
    -12.072  0.3307E-01  0.1222E-02  0.1299E-02
    -12.002  0.4118E-01  0.2238E-02  0.1716E-02
    -11.933  0.3823E-01  0.2881E-02  0.1783E-02
    -11.864  0.4007E-01  0.3507E-02  0.2057E-02
    -11.794  0.4323E-01  0.4451E-02  0.2406E-02
    -11.725  0.3217E-01  0.5979E-02  0.2079E-02
    -11.656  0.3105E-01  0.7510E-02  0.2374E-02
    -11.586  0.3081E-01  0.9112E-02  0.2698E-02
    -11.517  0.5572E-01  0.1278E-01  0.5160E-02
    -11.448  0.2918E-01  0.1205E-01  0.3549E-02
    -11.378  0.3868E-01  0.1503E-01  0.4940E-02
    -11.309  0.7405E-01  0.1621E-01  0.6556E-02
    -11.240  0.8203E-01  0.1844E-01  0.7600E-02
    -11.170  0.2333E-01  0.9730E-02  0.3836E-02
    -11.101  0.3860E-01  0.1443E-01  0.5752E-02
    -11.032  0.3759E-01  0.2069E-01  0.7401E-02
    -10.962  0.3210E-01  0.1792E-01  0.6416E-02
    -10.893  0.4594E-01  0.2398E-01  0.9198E-02
    -10.823  0.4932E-01  0.3239E-01  0.1277E-01
    -10.754  0.5779E-01  0.4444E-01  0.1708E-01
    -10.685  0.7072E-01  0.6432E-01  0.2373E-01
    -10.615  0.3253E-01  0.3329E-01  0.1304E-01
    -10.546  0.2268E-01  0.2491E-01  0.1054E-01
    -10.477  0.2353E-01  0.3588E-01  0.1575E-01
    -10.407  0.2346E-01  0.3369E-01  0.1113E-01
    -10.338  0.2522E-01  0.6034E-01  0.2043E-01
    -10.269  0.8387E-02  0.3182E-01  0.1117E-01
    -10.199  0.2843E-02  0.2931E-01  0.9737E-02
    -10.130  0.2192E-02  0.3692E-02  0.2189E-02
    -10.061  0.1050E-01  0.6603E-02  0.4720E-02
     -9.991  0.2534E-02  0.5035E-02  0.2748E-02
     -9.922  0.1880E-02  0.3781E-02  0.2333E-02
     -9.853  0.1382E-02  0.3173E-02  0.1853E-02
     -9.783  0.9214E-03  0.2769E-02  0.1504E-02
     -9.714  0.6087E-03  0.9369E-03  0.6850E-03
     -9.645  0.4847E-03  0.8052E-03  0.5938E-03
     -9.575  0.4020E-03  0.7611E-03  0.5331E-03
     -9.506  0.2955E-03  0.7013E-03  0.5160E-03
     -9.437  0.1888E-03  0.9155E-03  0.7282E-03
     -9.367  0.8711E-04  0.5268E-03  0.4520E-03
     -9.298  0.0000E+00  0.0000E+00  0.0000E+00
     -9.229  0.1604E-04  0.1116E-01  0.1940E-02
     -9.159  0.1008E-03  0.2427E-01  0.5434E-02
     -9.090  0.1442E-03  0.2326E-01  0.7499E-02
     -9.021  0.4900E-03  0.2460E-01  0.1050E-01
     -8.951  0.3735E-02  0.3182E-01  0.1684E-01
     -8.882  0.1012E-01  0.4173E-01  0.2799E-01
     -8.813  0.5514E-01  0.8090E-01  0.6767E-01
     -8.743  0.2344E-01  0.3610E-01  0.3205E-01
     -8.674  0.2491E-01  0.2127E-01  0.3390E-01
     -8.605  0.1998E-01  0.2211E-01  0.5111E-01
     -8.535  0.1537E-01  0.1805E-01  0.4138E-01
     -8.466  0.1010E-01  0.1381E-01  0.3475E-01
     -8.397  0.3235E-01  0.1983E-01  0.3684E-01
     -8.327  0.3169E-01  0.1840E-01  0.3512E-01
     -8.258  0.3281E-01  0.1902E-01  0.3408E-01
     -8.189  0.3920E-01  0.2287E-01  0.3689E-01
     -8.119  0.3760E-01  0.2604E-01  0.4817E-01
     -8.050  0.6701E-01  0.4205E-01  0.6098E-01
     -7.981  0.7894E-01  0.4463E-01  0.5037E-01
     -7.911  0.7587E-01  0.5878E-01  0.6968E-01
     -7.842  0.6797E-01  0.5705E-01  0.6254E-01
     -7.773  0.5508E-01  0.4676E-01  0.8017E-01
     -7.703  0.3143E-01  0.2916E-01  0.4221E-01
     -7.634  0.9116E-01  0.7316E-01  0.2182E+00
     -7.565  0.3076E-01  0.2543E-01  0.1102E+00
     -7.495  0.2502E-01  0.4365E-01  0.5156E-01
     -7.426  0.1674E-01  0.4515E-01  0.5416E-01
     -7.357  0.7326E-02  0.3128E-01  0.1044E-01
     -7.287  0.5101E-02  0.9544E-01  0.2281E-01
     -7.218  0.1388E-03  0.5999E-03  0.1434E-02
     -7.149  0.1100E-03  0.4518E-03  0.8236E-03
     -7.079  0.6164E-04  0.2849E-03  0.4172E-03
     -7.010  0.1835E-04  0.1497E-03  0.1234E-03
     -6.941  0.0000E+00  0.0000E+00  0.0000E+00
     -6.871  0.0000E+00  0.0000E+00  0.0000E+00
     -6.802  0.0000E+00  0.0000E+00  0.0000E+00
     -6.732  0.0000E+00  0.0000E+00  0.0000E+00
     -6.663  0.0000E+00  0.0000E+00  0.0000E+00
     -6.594  0.0000E+00  0.0000E+00  0.0000E+00
     -6.524  0.0000E+00  0.0000E+00  0.0000E+00
     -6.455  0.0000E+00  0.0000E+00  0.0000E+00
     -6.386  0.0000E+00  0.0000E+00  0.0000E+00
     -6.316  0.0000E+00  0.0000E+00  0.0000E+00
     -6.247  0.0000E+00  0.0000E+00  0.0000E+00
     -6.178  0.0000E+00  0.0000E+00  0.0000E+00
     -6.108  0.0000E+00  0.0000E+00  0.0000E+00
     -6.039  0.0000E+00  0.0000E+00  0.0000E+00
     -5.970  0.0000E+00  0.0000E+00  0.0000E+00
     -5.900  0.0000E+00  0.0000E+00  0.0000E+00
     -5.831  0.0000E+00  0.0000E+00  0.0000E+00
     -5.762  0.0000E+00  0.0000E+00  0.0000E+00
     -5.692  0.0000E+00  0.0000E+00  0.0000E+00
     -5.623  0.0000E+00  0.0000E+00  0.0000E+00
     -5.554  0.0000E+00  0.0000E+00  0.0000E+00
     -5.484  0.0000E+00  0.0000E+00  0.0000E+00
     -5.415  0.0000E+00  0.0000E+00  0.0000E+00
     -5.346  0.0000E+00  0.0000E+00  0.0000E+00
     -5.276  0.0000E+00  0.0000E+00  0.0000E+00
     -5.207  0.0000E+00  0.0000E+00  0.0000E+00
     -5.138  0.0000E+00  0.0000E+00  0.0000E+00
     -5.068  0.1431E+00  0.1634E-01  0.8080E-01
     -4.999  0.9264E-01  0.1494E-01  0.5388E-01
     -4.930  0.8243E-01  0.1620E-01  0.4870E-01
     -4.860  0.8818E-01  0.1570E-01  0.5013E-01
     -4.791  0.8943E-01  0.1605E-01  0.5357E-01
     -4.722  0.1011E+00  0.2040E-01  0.6656E-01
     -4.652  0.1130E+00  0.2475E-01  0.7903E-01
     -4.583  0.1450E+00  0.4769E-01  0.1382E+00
     -4.514  0.8950E-01  0.3695E-01  0.9320E-01
     -4.444  0.1610E+00  0.5699E-01  0.1662E+00
     -4.375  0.8747E-01  0.4887E-01  0.8491E-01
     -4.306  0.1062E+00  0.6341E-01  0.1375E+00
     -4.236  0.1306E+00  0.5438E-01  0.1419E+00
     -4.167  0.5736E-01  0.2805E-01  0.8517E-01
     -4.098  0.1849E+00  0.1524E+00  0.5374E+00
     -4.028  0.1606E-01  0.5611E-02  0.1645E-01
     -3.959  0.5607E-01  0.3287E-01  0.1043E+00
     -3.890  0.1606E+00  0.1141E+00  0.3091E+00
     -3.820  0.4335E-01  0.2203E-01  0.9033E-01
     -3.751  0.1755E+00  0.6347E-01  0.2945E+00
     -3.682  0.5050E-01  0.4228E-01  0.1231E+00
     -3.612  0.1015E+00  0.5925E-01  0.2049E+00
     -3.543  0.7175E-01  0.4790E-01  0.1957E+00
     -3.474  0.7846E-01  0.7059E-01  0.3210E+00
     -3.404  0.1638E+00  0.4589E-01  0.2369E+00
     -3.335  0.1781E-01  0.7544E-02  0.5503E-01
     -3.266  0.8784E-01  0.6532E-01  0.2323E+00
     -3.196  0.8896E-01  0.7370E-01  0.3544E+00
     -3.127  0.8740E-01  0.6918E-01  0.3272E+00
     -3.058  0.4895E-01  0.4007E-01  0.1436E+00
     -2.988  0.5179E-01  0.6643E-01  0.2737E+00
     -2.919  0.7204E-01  0.7661E-01  0.2449E+00
     -2.850  0.9461E-01  0.1603E+00  0.3558E+00
     -2.780  0.7132E-01  0.1676E+00  0.3717E+00
     -2.711  0.2483E-01  0.8138E-01  0.3929E+00
     -2.642  0.3602E-01  0.1056E+00  0.4450E+00
     -2.572  0.2266E-01  0.8386E-01  0.3969E+00
     -2.503  0.2011E-01  0.5708E-01  0.4879E+00
     -2.433  0.3414E-01  0.6749E-01  0.6088E+00
     -2.364  0.4307E-01  0.1007E+00  0.7047E+00
     -2.295  0.3339E-01  0.5646E-01  0.5282E+00
     -2.225  0.6334E-01  0.1018E+00  0.6396E+00
     -2.156  0.1917E-01  0.2442E-01  0.2035E+00
     -2.087  0.7928E-01  0.8779E-01  0.1131E+01
     -2.017  0.4479E-01  0.1194E+00  0.1078E+01
     -1.948  0.4983E-01  0.8642E-01  0.1372E+01
     -1.879  0.3242E-01  0.1060E+00  0.1235E+01
     -1.809  0.2238E-01  0.8506E-01  0.1011E+01
     -1.740  0.2888E-01  0.1100E+00  0.9960E+00
     -1.671  0.2330E-01  0.6781E-01  0.1071E+01
     -1.601  0.4822E-01  0.1914E+00  0.1463E+01
     -1.532  0.1954E-01  0.1369E+00  0.1295E+01
     -1.463  0.2937E-01  0.2255E+00  0.1551E+01
     -1.393  0.3633E-01  0.1302E+00  0.1119E+01
     -1.324  0.2250E-01  0.1940E+00  0.1112E+01
     -1.255  0.9883E-02  0.6720E-01  0.6959E+00
     -1.185  0.1253E-01  0.1090E+00  0.1704E+01
     -1.116  0.1566E-01  0.1183E+00  0.2679E+01
     -1.047  0.5257E-02  0.3595E-01  0.7444E+00
     -0.977  0.1635E-01  0.1268E+00  0.2641E+01
     -0.908  0.1587E-01  0.1101E+00  0.2249E+01
     -0.839  0.1626E-01  0.1802E+00  0.2039E+01
     -0.769  0.1465E-01  0.1335E+00  0.1838E+01
     -0.700  0.5240E-02  0.4493E-01  0.8809E+00
     -0.631  0.1504E-01  0.1030E+00  0.2485E+01
     -0.561  0.1102E-01  0.8648E-01  0.2450E+01
     -0.492  0.2606E-02  0.2506E-01  0.9718E+00
     -0.423  0.2073E-01  0.1187E+00  0.3508E+01
     -0.353  0.8182E-02  0.5286E-01  0.2124E+01
     -0.284  0.1009E-01  0.6909E-01  0.3091E+01
     -0.215  0.1099E-01  0.7497E-01  0.3313E+01
     -0.145  0.1660E-01  0.3890E-01  0.2821E+01
     -0.076  0.8248E-02  0.5579E-01  0.3189E+01
     -0.007  0.6648E-02  0.3665E-01  0.2776E+01
      0.063  0.7443E-02  0.4473E-01  0.2609E+01
      0.132  0.1170E-01  0.1007E+00  0.2491E+01
      0.201  0.2571E-01  0.8210E-01  0.4001E+01
      0.271  0.1117E-01  0.3665E-01  0.1893E+01
      0.340  0.2116E-01  0.1023E+00  0.5124E+01
      0.409  0.4502E-02  0.3919E-01  0.1818E+01
      0.479  0.3102E-01  0.5412E-01  0.4062E+01
      0.548  0.1137E-01  0.3177E-01  0.4269E+01
      0.617  0.1010E-01  0.1664E-01  0.1833E+01
      0.687  0.1602E-01  0.2966E-01  0.2161E+01
      0.756  0.2096E-01  0.3953E-01  0.2164E+01
      0.825  0.1849E-01  0.3088E-01  0.1154E+01
      0.895  0.2729E-01  0.5095E-01  0.1449E+01
      0.964  0.1285E-01  0.3609E-01  0.9503E+00
      1.033  0.1860E-01  0.8175E-01  0.1890E+01
      1.103  0.4962E-02  0.2777E-01  0.4466E+00
      1.172  0.1392E-01  0.8035E-01  0.1348E+01
      1.241  0.9896E-02  0.2649E-01  0.4235E+00
      1.311  0.1168E-01  0.4407E-01  0.6751E+00
      1.380  0.2922E-01  0.5135E-01  0.9600E+00
      1.449  0.4072E-01  0.5075E-01  0.7578E+00
      1.519  0.1799E-01  0.4132E-01  0.8739E+00
      1.588  0.1129E-01  0.5555E-01  0.3762E+00
      1.657  0.3042E-01  0.9298E-01  0.1890E+01
      1.727  0.2326E-01  0.7089E-01  0.1113E+01
      1.796  0.2440E-01  0.8515E-01  0.9706E+00
      1.866  0.7683E-02  0.5029E-01  0.5075E+00
      1.935  0.4348E-02  0.1746E-01  0.3363E+00
      2.004  0.5059E-02  0.2479E-01  0.2665E+00
      2.074  0.1336E-01  0.4939E-01  0.5876E+00
      2.143  0.1115E-01  0.4333E-01  0.3682E+00
      2.212  0.1519E-01  0.2861E-01  0.3817E+00
      2.282  0.8930E-02  0.3122E-01  0.3531E+00
      2.351  0.1302E-01  0.5810E-01  0.6760E+00
      2.420  0.1516E-01  0.3790E-01  0.4551E+00
      2.490  0.7905E-02  0.2723E-01  0.3252E+00
      2.559  0.7938E-02  0.2457E-01  0.3375E+00
      2.628  0.2043E-01  0.4006E-01  0.4967E+00
      2.698  0.1221E-01  0.5124E-01  0.6652E+00
      2.767  0.1232E-01  0.4373E-01  0.5178E+00
      2.836  0.9431E-02  0.3505E-01  0.3910E+00
      2.906  0.1302E-01  0.3892E-01  0.4155E+00
      2.975  0.1853E-01  0.3813E-01  0.4500E+00
      3.044  0.1779E-01  0.6605E-01  0.6849E+00
      3.114  0.1354E-01  0.5515E-01  0.5861E+00
      3.183  0.1361E-01  0.5394E-01  0.5879E+00
      3.252  0.7846E-02  0.4284E-01  0.4503E+00
      3.322  0.7531E-02  0.4340E-01  0.4648E+00
      3.391  0.1340E-01  0.3805E-01  0.4628E+00
      3.460  0.1123E-01  0.3433E-01  0.4534E+00
      3.530  0.9648E-02  0.2683E-01  0.3605E+00
      3.599  0.1424E-01  0.3869E-01  0.4383E+00
      3.668  0.1774E-01  0.4568E-01  0.5793E+00
      3.738  0.9524E-02  0.2492E-01  0.4304E+00
      3.807  0.1280E-01  0.2761E-01  0.3745E+00
      3.876  0.1308E-01  0.3030E-01  0.3121E+00
      3.946  0.1404E-01  0.3932E-01  0.3226E+00
      4.015  0.3068E-01  0.3991E-01  0.5223E+00
      4.084  0.1743E-01  0.2595E-01  0.2774E+00
      4.154  0.1259E-01  0.2447E-01  0.3622E+00
      4.223  0.8999E-02  0.1974E-01  0.2723E+00
      4.292  0.8360E-02  0.1808E-01  0.1991E+00
      4.362  0.1504E-01  0.2481E-01  0.3629E+00
      4.431  0.2086E-01  0.2856E-01  0.3320E+00
      4.500  0.2256E-01  0.2541E-01  0.2775E+00
      4.570  0.3927E-01  0.2566E-01  0.3231E+00
      4.639  0.8611E-02  0.1121E-01  0.1362E+00
      4.708  0.1969E-01  0.1558E-01  0.2074E+00
      4.778  0.3615E-01  0.1953E-01  0.1982E+00
      4.847  0.9765E-02  0.1095E-01  0.1654E+00
      4.916  0.9409E-02  0.1210E-01  0.1635E+00
      4.986  0.1405E-01  0.1949E-01  0.2238E+00
      5.055  0.1555E-01  0.2101E-01  0.1911E+00
      5.124  0.3369E-01  0.4498E-01  0.3181E+00
      5.194  0.1160E-01  0.2085E-01  0.1178E+00
      5.263  0.8697E-02  0.1560E-01  0.8761E-01
      5.332  0.1152E-01  0.1809E-01  0.1189E+00
      5.402  0.1380E-01  0.1832E-01  0.1012E+00
      5.471  0.1352E-01  0.2376E-01  0.8734E-01
      5.540  0.1341E-01  0.1965E-01  0.7312E-01
      5.610  0.3025E-01  0.2282E-01  0.8743E-01
      5.679  0.1927E-01  0.2323E-01  0.9554E-01
      5.748  0.1307E-01  0.1349E-01  0.8701E-01
      5.818  0.2277E-01  0.1332E-01  0.8845E-01
      5.887  0.2188E-01  0.1074E-01  0.5284E-01
      5.956  0.3502E-01  0.1579E-01  0.4695E-01
      6.026  0.2246E-01  0.8186E-02  0.1784E-01
      6.095  0.1904E-01  0.6889E-02  0.1492E-01
      6.165  0.8297E-02  0.3493E-02  0.9546E-02
      6.234  0.1293E-01  0.4826E-02  0.1340E-01
      6.303  0.1828E-01  0.6232E-02  0.1664E-01
      6.373  0.1972E-01  0.6323E-02  0.1753E-01
      6.442  0.2301E-01  0.7557E-02  0.2256E-01
      6.511  0.1925E-01  0.5412E-02  0.1446E-01
      6.581  0.1686E-01  0.3575E-02  0.6807E-02
      6.650  0.8809E-02  0.1796E-02  0.3060E-02
      6.719  0.0000E+00  0.0000E+00  0.0000E+00
      6.789  0.0000E+00  0.0000E+00  0.0000E+00
      6.858  0.0000E+00  0.0000E+00  0.0000E+00
      6.927  0.0000E+00  0.0000E+00  0.0000E+00
      6.997  0.0000E+00  0.0000E+00  0.0000E+00
      7.066  0.0000E+00  0.0000E+00  0.0000E+00
      7.135  0.0000E+00  0.0000E+00  0.0000E+00
      7.205  0.0000E+00  0.0000E+00  0.0000E+00
      7.274  0.0000E+00  0.0000E+00  0.0000E+00
      7.343  0.0000E+00  0.0000E+00  0.0000E+00
      7.413  0.0000E+00  0.0000E+00  0.0000E+00
      7.482  0.0000E+00  0.0000E+00  0.0000E+00
      7.551  0.0000E+00  0.0000E+00  0.0000E+00
      7.621  0.0000E+00  0.0000E+00  0.0000E+00
      7.690  0.0000E+00  0.0000E+00  0.0000E+00
