    -13.112  0.0000E+00  0.0000E+00  0.0000E+00
    -13.042  0.0000E+00  0.0000E+00  0.0000E+00
    -12.973  0.0000E+00  0.0000E+00  0.0000E+00
    -12.904  0.0000E+00  0.0000E+00  0.0000E+00
    -12.834  0.0000E+00  0.0000E+00  0.0000E+00
    -12.765  0.0000E+00  0.0000E+00  0.0000E+00
    -12.696  0.0000E+00  0.0000E+00  0.0000E+00
    -12.626  0.0000E+00  0.0000E+00  0.0000E+00
    -12.557  0.0000E+00  0.0000E+00  0.0000E+00
    -12.488  0.0000E+00  0.0000E+00  0.0000E+00
    -12.418  0.0000E+00  0.0000E+00  0.0000E+00
    -12.349  0.0000E+00  0.0000E+00  0.0000E+00
    -12.280  0.0000E+00  0.0000E+00  0.0000E+00
    -12.210  0.0000E+00  0.0000E+00  0.0000E+00
    -12.141  0.0000E+00  0.0000E+00  0.0000E+00
    -12.072  0.1011E-01  0.5376E-03  0.1877E-03
    -12.002  0.1240E-01  0.8358E-03  0.2675E-03
    -11.933  0.1069E-01  0.9613E-03  0.2884E-03
    -11.864  0.1001E-01  0.1122E-02  0.3238E-03
    -11.794  0.1076E-01  0.1346E-02  0.4017E-03
    -11.725  0.1092E-01  0.1338E-02  0.4181E-03
    -11.656  0.1066E-01  0.1438E-02  0.4419E-03
    -11.586  0.1060E-01  0.1531E-02  0.4600E-03
    -11.517  0.5511E-01  0.2616E-02  0.1717E-02
    -11.448  0.2282E-01  0.2188E-02  0.8365E-03
    -11.378  0.4381E-01  0.3444E-02  0.1568E-02
    -11.309  0.5615E-01  0.7488E-02  0.2727E-02
    -11.240  0.6145E-01  0.9924E-02  0.3400E-02
    -11.170  0.2902E-01  0.3821E-02  0.1649E-02
    -11.101  0.3861E-01  0.5919E-02  0.2382E-02
    -11.032  0.4272E-01  0.7321E-02  0.2905E-02
    -10.962  0.4189E-01  0.7087E-02  0.2952E-02
    -10.893  0.4961E-01  0.8587E-02  0.3861E-02
    -10.823  0.4133E-01  0.1007E-01  0.4307E-02
    -10.754  0.4186E-01  0.1099E-01  0.3649E-02
    -10.685  0.4634E-01  0.2781E-01  0.7428E-02
    -10.615  0.2685E-01  0.1760E-01  0.6079E-02
    -10.546  0.3480E-01  0.1992E-01  0.7569E-02
    -10.477  0.3077E-01  0.2587E-01  0.9479E-02
    -10.407  0.4137E-01  0.4664E-01  0.1405E-01
    -10.338  0.7540E-01  0.6365E-01  0.2353E-01
    -10.269  0.2663E-01  0.2966E-01  0.1273E-01
    -10.199  0.5408E-01  0.4998E-01  0.2432E-01
    -10.130  0.3091E-01  0.4559E-01  0.1800E-01
    -10.061  0.2539E-01  0.6175E-01  0.3700E-01
     -9.991  0.3219E-01  0.6688E-01  0.3039E-01
     -9.922  0.2186E-01  0.5517E-01  0.3048E-01
     -9.853  0.1688E-01  0.4752E-01  0.2527E-01
     -9.783  0.1289E-01  0.3804E-01  0.1982E-01
     -9.714  0.8405E-02  0.9760E-02  0.1274E-01
     -9.645  0.7018E-02  0.7893E-02  0.1175E-01
     -9.575  0.4274E-02  0.7036E-02  0.9947E-02
     -9.506  0.3573E-02  0.6298E-02  0.1038E-01
     -9.437  0.3397E-02  0.7735E-02  0.1549E-01
     -9.367  0.1619E-02  0.4533E-02  0.9564E-02
     -9.298  0.0000E+00  0.0000E+00  0.0000E+00
     -9.229  0.6812E-02  0.3152E-03  0.2396E-02
     -9.159  0.1383E-01  0.1301E-02  0.5282E-02
     -9.090  0.1058E-01  0.1971E-02  0.4597E-02
     -9.021  0.1228E-01  0.2967E-02  0.6272E-02
     -8.951  0.1303E-01  0.5334E-02  0.7368E-02
     -8.882  0.1227E-01  0.8801E-02  0.8562E-02
     -8.813  0.1672E-01  0.2001E-01  0.1457E-01
     -8.743  0.4226E-02  0.9011E-02  0.6180E-02
     -8.674  0.2366E-02  0.5638E-02  0.4596E-02
     -8.605  0.8626E-02  0.6339E-02  0.8429E-02
     -8.535  0.6671E-02  0.5203E-02  0.6577E-02
     -8.466  0.4722E-02  0.4306E-02  0.4923E-02
     -8.397  0.4345E-01  0.2486E-01  0.2577E-01
     -8.327  0.3274E-01  0.2220E-01  0.2379E-01
     -8.258  0.3673E-01  0.2519E-01  0.2667E-01
     -8.189  0.4326E-01  0.3387E-01  0.3632E-01
     -8.119  0.4414E-01  0.3972E-01  0.4246E-01
     -8.050  0.6809E-01  0.4795E-01  0.5621E-01
     -7.981  0.5987E-01  0.5066E-01  0.6147E-01
     -7.911  0.5487E-01  0.5823E-01  0.8224E-01
     -7.842  0.2070E-01  0.4804E-01  0.6440E-01
     -7.773  0.6174E-01  0.6284E-01  0.7382E-01
     -7.703  0.2401E-01  0.3471E-01  0.4299E-01
     -7.634  0.6806E-01  0.8463E-01  0.8278E-01
     -7.565  0.3403E-01  0.4336E-01  0.5136E-01
     -7.495  0.2739E-01  0.4060E-01  0.4773E-01
     -7.426  0.2479E-01  0.6258E-01  0.6580E-01
     -7.357  0.1166E-01  0.1701E-01  0.2068E-01
     -7.287  0.2091E-01  0.2235E-01  0.3693E-01
     -7.218  0.2117E-01  0.1704E-01  0.4691E-01
     -7.149  0.1411E-01  0.1627E-01  0.3881E-01
     -7.079  0.1068E-01  0.1985E-01  0.2893E-01
     -7.010  0.7763E-02  0.1455E-01  0.1462E-01
     -6.941  0.0000E+00  0.0000E+00  0.0000E+00
     -6.871  0.0000E+00  0.0000E+00  0.0000E+00
     -6.802  0.0000E+00  0.0000E+00  0.0000E+00
     -6.732  0.0000E+00  0.0000E+00  0.0000E+00
     -6.663  0.0000E+00  0.0000E+00  0.0000E+00
     -6.594  0.0000E+00  0.0000E+00  0.0000E+00
     -6.524  0.0000E+00  0.0000E+00  0.0000E+00
     -6.455  0.0000E+00  0.0000E+00  0.0000E+00
     -6.386  0.0000E+00  0.0000E+00  0.0000E+00
     -6.316  0.0000E+00  0.0000E+00  0.0000E+00
     -6.247  0.0000E+00  0.0000E+00  0.0000E+00
     -6.178  0.0000E+00  0.0000E+00  0.0000E+00
     -6.108  0.0000E+00  0.0000E+00  0.0000E+00
     -6.039  0.0000E+00  0.0000E+00  0.0000E+00
     -5.970  0.0000E+00  0.0000E+00  0.0000E+00
     -5.900  0.0000E+00  0.0000E+00  0.0000E+00
     -5.831  0.0000E+00  0.0000E+00  0.0000E+00
     -5.762  0.0000E+00  0.0000E+00  0.0000E+00
     -5.692  0.0000E+00  0.0000E+00  0.0000E+00
     -5.623  0.0000E+00  0.0000E+00  0.0000E+00
     -5.554  0.0000E+00  0.0000E+00  0.0000E+00
     -5.484  0.0000E+00  0.0000E+00  0.0000E+00
     -5.415  0.0000E+00  0.0000E+00  0.0000E+00
     -5.346  0.0000E+00  0.0000E+00  0.0000E+00
     -5.276  0.0000E+00  0.0000E+00  0.0000E+00
     -5.207  0.0000E+00  0.0000E+00  0.0000E+00
     -5.138  0.0000E+00  0.0000E+00  0.0000E+00
     -5.068  0.5956E-02  0.2122E-02  0.9691E-02
     -4.999  0.9776E-02  0.2434E-02  0.7946E-02
     -4.930  0.1808E-01  0.3433E-02  0.9470E-02
     -4.860  0.7103E-01  0.8352E-02  0.2502E-01
     -4.791  0.8315E-01  0.1112E-01  0.2976E-01
     -4.722  0.8376E-01  0.1585E-01  0.3185E-01
     -4.652  0.9770E-01  0.2163E-01  0.3924E-01
     -4.583  0.2003E+00  0.6156E-01  0.9374E-01
     -4.514  0.1280E+00  0.3830E-01  0.4837E-01
     -4.444  0.2765E+00  0.4883E-01  0.1474E+00
     -4.375  0.7802E-01  0.3455E-01  0.4477E-01
     -4.306  0.5302E-01  0.5692E-01  0.1082E+00
     -4.236  0.7707E-01  0.6313E-01  0.1414E+00
     -4.167  0.3800E-01  0.2965E-01  0.6247E-01
     -4.098  0.1915E+00  0.1583E+00  0.3190E+00
     -4.028  0.2470E-01  0.8709E-02  0.1896E-01
     -3.959  0.6967E-01  0.3884E-01  0.7987E-01
     -3.890  0.1773E+00  0.9964E-01  0.2401E+00
     -3.820  0.5807E-01  0.2386E-01  0.7760E-01
     -3.751  0.2256E+00  0.1055E+00  0.3824E+00
     -3.682  0.6079E-01  0.4549E-01  0.1362E+00
     -3.612  0.1007E+00  0.6262E-01  0.2061E+00
     -3.543  0.7423E-01  0.6188E-01  0.2281E+00
     -3.474  0.9973E-01  0.6317E-01  0.3264E+00
     -3.404  0.7247E-01  0.4524E-01  0.1165E+00
     -3.335  0.1236E-01  0.1852E-01  0.4246E-01
     -3.266  0.8161E-01  0.5851E-01  0.2946E+00
     -3.196  0.1084E+00  0.6725E-01  0.3052E+00
     -3.127  0.8069E-01  0.6785E-01  0.2708E+00
     -3.058  0.3913E-01  0.2512E-01  0.1237E+00
     -2.988  0.6787E-01  0.3628E-01  0.3552E+00
     -2.919  0.5743E-01  0.3452E-01  0.2086E+00
     -2.850  0.5961E-01  0.6314E-01  0.3369E+00
     -2.780  0.7253E-01  0.4962E-01  0.3490E+00
     -2.711  0.8219E-01  0.4217E-01  0.6174E+00
     -2.642  0.1107E+00  0.8080E-01  0.5188E+00
     -2.572  0.6269E-01  0.6137E-01  0.4733E+00
     -2.503  0.5427E-01  0.7872E-01  0.5702E+00
     -2.433  0.6797E-01  0.7723E-01  0.6183E+00
     -2.364  0.9404E-01  0.1031E+00  0.9817E+00
     -2.295  0.4026E-01  0.6119E-01  0.5066E+00
     -2.225  0.7945E-01  0.4851E-01  0.7143E+00
     -2.156  0.2506E-01  0.2372E-01  0.3118E+00
     -2.087  0.9679E-01  0.1370E+00  0.1101E+01
     -2.017  0.5480E-01  0.1311E+00  0.1300E+01
     -1.948  0.4627E-01  0.9779E-01  0.9887E+00
     -1.879  0.4801E-01  0.7510E-01  0.8028E+00
     -1.809  0.3923E-01  0.9244E-01  0.1077E+01
     -1.740  0.1896E-01  0.9409E-01  0.8811E+00
     -1.671  0.4096E-01  0.1061E+00  0.1193E+01
     -1.601  0.6841E-01  0.1414E+00  0.1829E+01
     -1.532  0.4544E-01  0.9787E-01  0.7825E+00
     -1.463  0.3223E-01  0.1543E+00  0.1314E+01
     -1.393  0.2655E-01  0.1444E+00  0.7524E+00
     -1.324  0.3384E-01  0.1317E+00  0.1146E+01
     -1.255  0.1631E-01  0.6844E-01  0.6199E+00
     -1.185  0.1410E-01  0.6229E-01  0.5583E+00
     -1.116  0.2535E-01  0.8166E-01  0.7222E+00
     -1.047  0.7845E-02  0.4642E-01  0.3912E+00
     -0.977  0.1839E-01  0.7439E-01  0.1116E+01
     -0.908  0.2421E-01  0.1201E+00  0.2039E+01
     -0.839  0.2449E-01  0.1339E+00  0.1959E+01
     -0.769  0.2349E-01  0.1057E+00  0.1913E+01
     -0.700  0.2075E-01  0.1797E+00  0.2228E+01
     -0.631  0.3151E-01  0.1331E+00  0.2674E+01
     -0.561  0.1933E-01  0.6812E-01  0.1709E+01
     -0.492  0.8029E-02  0.2210E-01  0.7492E+00
     -0.423  0.1908E-01  0.7184E-01  0.1950E+01
     -0.353  0.2022E-01  0.4302E-01  0.2000E+01
     -0.284  0.3744E-01  0.6747E-01  0.3464E+01
     -0.215  0.1550E-01  0.1199E+00  0.3383E+01
     -0.145  0.1254E-01  0.6035E-01  0.3051E+01
     -0.076  0.8284E-02  0.6145E-01  0.2852E+01
     -0.007  0.1385E-01  0.5675E-01  0.3624E+01
      0.063  0.5923E-02  0.3551E-01  0.2346E+01
      0.132  0.2567E-01  0.9435E-01  0.5455E+01
      0.201  0.2301E-01  0.6924E-01  0.4662E+01
      0.271  0.6497E-02  0.3343E-01  0.1734E+01
      0.340  0.1282E-01  0.9958E-01  0.5542E+01
      0.409  0.2981E-02  0.2784E-01  0.1792E+01
      0.479  0.2529E-01  0.8518E-01  0.4365E+01
      0.548  0.6095E-02  0.4508E-01  0.2706E+01
      0.617  0.7608E-02  0.4652E-01  0.1766E+01
      0.687  0.1636E-01  0.6522E-01  0.2705E+01
      0.756  0.2499E-01  0.6399E-01  0.2536E+01
      0.825  0.3231E-01  0.4566E-01  0.1354E+01
      0.895  0.4811E-01  0.6625E-01  0.2305E+01
      0.964  0.5992E-01  0.5999E-01  0.2330E+01
      1.033  0.6109E-01  0.9512E-01  0.2682E+01
      1.103  0.1655E-01  0.3280E-01  0.6994E+00
      1.172  0.2497E-01  0.4693E-01  0.1198E+01
      1.241  0.8897E-02  0.3969E-01  0.6514E+00
      1.311  0.6157E-02  0.3988E-01  0.4034E+00
      1.380  0.2896E-01  0.7054E-01  0.8876E+00
      1.449  0.1819E-01  0.6270E-01  0.1009E+01
      1.519  0.1158E-01  0.5198E-01  0.5575E+00
      1.588  0.2505E-01  0.6010E-01  0.6872E+00
      1.657  0.2755E-01  0.1514E+00  0.1543E+01
      1.727  0.2972E-01  0.1001E+00  0.1160E+01
      1.796  0.2406E-01  0.1512E+00  0.1313E+01
      1.866  0.1033E-01  0.1028E+00  0.6785E+00
      1.935  0.3796E-02  0.4913E-01  0.3431E+00
      2.004  0.3915E-02  0.3962E-01  0.2915E+00
      2.074  0.2302E-01  0.8034E-01  0.5566E+00
      2.143  0.1290E-01  0.6890E-01  0.6758E+00
      2.212  0.5997E-02  0.5525E-01  0.3879E+00
      2.282  0.8349E-02  0.4533E-01  0.2735E+00
      2.351  0.1238E-01  0.6978E-01  0.5303E+00
      2.420  0.1113E-01  0.2747E-01  0.3233E+00
      2.490  0.8959E-02  0.1991E-01  0.2625E+00
      2.559  0.7571E-02  0.2326E-01  0.3032E+00
      2.628  0.1551E-01  0.4103E-01  0.4990E+00
      2.698  0.2422E-01  0.4912E-01  0.6673E+00
      2.767  0.1849E-01  0.3429E-01  0.4428E+00
      2.836  0.1776E-01  0.3367E-01  0.3531E+00
      2.906  0.1701E-01  0.4304E-01  0.4608E+00
      2.975  0.1911E-01  0.4125E-01  0.4706E+00
      3.044  0.2272E-01  0.5144E-01  0.5484E+00
      3.114  0.3066E-01  0.7092E-01  0.7670E+00
      3.183  0.2438E-01  0.6484E-01  0.5460E+00
      3.252  0.1666E-01  0.6138E-01  0.4200E+00
      3.322  0.1321E-01  0.4103E-01  0.3024E+00
      3.391  0.1177E-01  0.4275E-01  0.2697E+00
      3.460  0.1256E-01  0.3575E-01  0.2921E+00
      3.530  0.1607E-01  0.3330E-01  0.2099E+00
      3.599  0.1561E-01  0.4485E-01  0.2810E+00
      3.668  0.3211E-01  0.6972E-01  0.4092E+00
      3.738  0.1513E-01  0.3910E-01  0.2351E+00
      3.807  0.1855E-01  0.4233E-01  0.2218E+00
      3.876  0.2030E-01  0.3833E-01  0.2119E+00
      3.946  0.3159E-01  0.4491E-01  0.2543E+00
      4.015  0.4638E-01  0.6983E-01  0.4047E+00
      4.084  0.2183E-01  0.5118E-01  0.3008E+00
      4.154  0.1979E-01  0.4806E-01  0.2986E+00
      4.223  0.2078E-01  0.3502E-01  0.2825E+00
      4.292  0.1117E-01  0.3407E-01  0.2562E+00
      4.362  0.1623E-01  0.5579E-01  0.3374E+00
      4.431  0.1588E-01  0.5946E-01  0.3945E+00
      4.500  0.1291E-01  0.5631E-01  0.4289E+00
      4.570  0.1694E-01  0.4780E-01  0.4228E+00
      4.639  0.8286E-02  0.2315E-01  0.1806E+00
      4.708  0.1291E-01  0.3865E-01  0.2258E+00
      4.778  0.1778E-01  0.3651E-01  0.2249E+00
      4.847  0.9078E-02  0.2447E-01  0.1100E+00
      4.916  0.1164E-01  0.2134E-01  0.1216E+00
      4.986  0.2603E-01  0.3375E-01  0.1691E+00
      5.055  0.1356E-01  0.2583E-01  0.1577E+00
      5.124  0.2864E-01  0.6590E-01  0.3121E+00
      5.194  0.1694E-01  0.2387E-01  0.1465E+00
      5.263  0.1284E-01  0.2030E-01  0.1448E+00
      5.332  0.1651E-01  0.2836E-01  0.2167E+00
      5.402  0.1622E-01  0.3257E-01  0.1508E+00
      5.471  0.8883E-02  0.3968E-01  0.1394E+00
      5.540  0.8971E-02  0.3013E-01  0.1642E+00
      5.610  0.1302E-01  0.3099E-01  0.2240E+00
      5.679  0.1661E-01  0.3528E-01  0.2732E+00
      5.748  0.1011E-01  0.2846E-01  0.1585E+00
      5.818  0.8659E-02  0.1996E-01  0.1367E+00
      5.887  0.6260E-02  0.1792E-01  0.1162E+00
      5.956  0.7438E-02  0.1860E-01  0.1515E+00
      6.026  0.6227E-02  0.9038E-02  0.5598E-01
      6.095  0.5570E-02  0.5955E-02  0.4101E-01
      6.165  0.4134E-02  0.4310E-02  0.1656E-01
      6.234  0.5255E-02  0.6000E-02  0.2019E-01
      6.303  0.6161E-02  0.7227E-02  0.2202E-01
      6.373  0.6660E-02  0.7116E-02  0.2007E-01
      6.442  0.7898E-02  0.7720E-02  0.2060E-01
      6.511  0.4556E-02  0.4556E-02  0.1190E-01
      6.581  0.1865E-02  0.2236E-02  0.4865E-02
      6.650  0.7701E-03  0.9241E-03  0.2103E-02
      6.719  0.0000E+00  0.0000E+00  0.0000E+00
      6.789  0.0000E+00  0.0000E+00  0.0000E+00
      6.858  0.0000E+00  0.0000E+00  0.0000E+00
      6.927  0.0000E+00  0.0000E+00  0.0000E+00
      6.997  0.0000E+00  0.0000E+00  0.0000E+00
      7.066  0.0000E+00  0.0000E+00  0.0000E+00
      7.135  0.0000E+00  0.0000E+00  0.0000E+00
      7.205  0.0000E+00  0.0000E+00  0.0000E+00
      7.274  0.0000E+00  0.0000E+00  0.0000E+00
      7.343  0.0000E+00  0.0000E+00  0.0000E+00
      7.413  0.0000E+00  0.0000E+00  0.0000E+00
      7.482  0.0000E+00  0.0000E+00  0.0000E+00
      7.551  0.0000E+00  0.0000E+00  0.0000E+00
      7.621  0.0000E+00  0.0000E+00  0.0000E+00
      7.690  0.0000E+00  0.0000E+00  0.0000E+00
