    -13.112  0.0000E+00  0.0000E+00  0.0000E+00
    -13.042  0.0000E+00  0.0000E+00  0.0000E+00
    -12.973  0.0000E+00  0.0000E+00  0.0000E+00
    -12.904  0.0000E+00  0.0000E+00  0.0000E+00
    -12.834  0.0000E+00  0.0000E+00  0.0000E+00
    -12.765  0.0000E+00  0.0000E+00  0.0000E+00
    -12.696  0.0000E+00  0.0000E+00  0.0000E+00
    -12.626  0.0000E+00  0.0000E+00  0.0000E+00
    -12.557  0.0000E+00  0.0000E+00  0.0000E+00
    -12.488  0.0000E+00  0.0000E+00  0.0000E+00
    -12.418  0.0000E+00  0.0000E+00  0.0000E+00
    -12.349  0.0000E+00  0.0000E+00  0.0000E+00
    -12.280  0.0000E+00  0.0000E+00  0.0000E+00
    -12.210  0.0000E+00  0.0000E+00  0.0000E+00
    -12.141  0.0000E+00  0.0000E+00  0.0000E+00
    -12.072  0.1752E-01  0.3158E-03  0.2375E-03
    -12.002  0.2165E-01  0.6552E-03  0.3235E-03
    -11.933  0.1886E-01  0.9396E-03  0.3175E-03
    -11.864  0.1779E-01  0.1228E-02  0.3280E-03
    -11.794  0.1935E-01  0.1548E-02  0.3828E-03
    -11.725  0.1894E-01  0.1755E-02  0.4653E-03
    -11.656  0.1757E-01  0.2166E-02  0.5232E-03
    -11.586  0.1653E-01  0.2529E-02  0.5828E-03
    -11.517  0.3844E-01  0.7291E-02  0.1707E-02
    -11.448  0.1838E-01  0.4435E-02  0.1005E-02
    -11.378  0.2740E-01  0.7107E-02  0.1732E-02
    -11.309  0.5059E-01  0.8792E-02  0.2492E-02
    -11.240  0.6095E-01  0.1084E-01  0.3242E-02
    -11.170  0.2198E-01  0.5747E-02  0.1777E-02
    -11.101  0.2692E-01  0.7944E-02  0.2635E-02
    -11.032  0.3170E-01  0.9745E-02  0.3352E-02
    -10.962  0.2790E-01  0.9905E-02  0.3612E-02
    -10.893  0.2979E-01  0.1289E-01  0.4416E-02
    -10.823  0.3124E-01  0.1301E-01  0.4638E-02
    -10.754  0.2713E-01  0.1343E-01  0.4932E-02
    -10.685  0.7580E-01  0.1781E-01  0.9493E-02
    -10.615  0.4658E-01  0.1050E-01  0.5783E-02
    -10.546  0.4268E-01  0.1239E-01  0.6704E-02
    -10.477  0.6468E-01  0.1610E-01  0.8739E-02
    -10.407  0.6974E-01  0.3258E-01  0.1312E-01
    -10.338  0.6732E-01  0.5569E-01  0.2397E-01
    -10.269  0.3743E-01  0.2675E-01  0.1144E-01
    -10.199  0.4340E-01  0.5072E-01  0.2165E-01
    -10.130  0.2853E-01  0.3885E-01  0.1710E-01
    -10.061  0.9217E-01  0.4214E-01  0.2349E-01
     -9.991  0.3085E-01  0.4696E-01  0.2251E-01
     -9.922  0.2796E-01  0.4332E-01  0.2170E-01
     -9.853  0.2038E-01  0.3666E-01  0.1821E-01
     -9.783  0.1310E-01  0.2839E-01  0.1338E-01
     -9.714  0.7615E-02  0.1041E-01  0.4050E-02
     -9.645  0.5998E-02  0.9638E-02  0.3721E-02
     -9.575  0.5267E-02  0.9708E-02  0.4005E-02
     -9.506  0.3706E-02  0.9604E-02  0.3819E-02
     -9.437  0.2450E-02  0.1391E-01  0.5221E-02
     -9.367  0.9899E-03  0.8592E-02  0.3160E-02
     -9.298  0.0000E+00  0.0000E+00  0.0000E+00
     -9.229  0.3684E-03  0.9869E-02  0.1149E-02
     -9.159  0.8811E-03  0.2151E-01  0.3295E-02
     -9.090  0.9534E-03  0.1874E-01  0.4242E-02
     -9.021  0.1782E-02  0.2438E-01  0.5521E-02
     -8.951  0.3734E-02  0.2974E-01  0.9766E-02
     -8.882  0.8142E-02  0.3582E-01  0.1623E-01
     -8.813  0.3810E-01  0.6982E-01  0.3959E-01
     -8.743  0.1997E-01  0.2862E-01  0.1924E-01
     -8.674  0.2470E-01  0.2502E-01  0.1570E-01
     -8.605  0.2239E-01  0.1825E-01  0.3525E-01
     -8.535  0.1675E-01  0.1342E-01  0.2986E-01
     -8.466  0.1198E-01  0.1030E-01  0.2379E-01
     -8.397  0.5031E-01  0.2793E-01  0.3918E-01
     -8.327  0.4368E-01  0.2563E-01  0.3966E-01
     -8.258  0.4296E-01  0.2707E-01  0.4265E-01
     -8.189  0.5044E-01  0.3439E-01  0.5237E-01
     -8.119  0.4777E-01  0.3801E-01  0.6769E-01
     -8.050  0.4968E-01  0.4652E-01  0.7063E-01
     -7.981  0.5360E-01  0.4334E-01  0.7236E-01
     -7.911  0.3782E-01  0.4800E-01  0.8939E-01
     -7.842  0.2898E-01  0.3116E-01  0.7291E-01
     -7.773  0.3425E-01  0.4865E-01  0.7633E-01
     -7.703  0.2032E-01  0.2599E-01  0.4044E-01
     -7.634  0.5643E-01  0.6199E-01  0.8358E-01
     -7.565  0.1586E-01  0.3706E-01  0.2823E-01
     -7.495  0.1341E-01  0.3100E-01  0.2784E-01
     -7.426  0.1136E-01  0.5308E-01  0.4805E-01
     -7.357  0.5411E-02  0.1190E-01  0.9912E-02
     -7.287  0.8297E-02  0.1699E-01  0.1995E-01
     -7.218  0.8223E-02  0.1027E-01  0.1589E-01
     -7.149  0.4558E-02  0.8811E-02  0.1533E-01
     -7.079  0.1893E-02  0.7676E-02  0.1407E-01
     -7.010  0.6167E-03  0.3145E-02  0.4789E-02
     -6.941  0.0000E+00  0.0000E+00  0.0000E+00
     -6.871  0.0000E+00  0.0000E+00  0.0000E+00
     -6.802  0.0000E+00  0.0000E+00  0.0000E+00
     -6.732  0.0000E+00  0.0000E+00  0.0000E+00
     -6.663  0.0000E+00  0.0000E+00  0.0000E+00
     -6.594  0.0000E+00  0.0000E+00  0.0000E+00
     -6.524  0.0000E+00  0.0000E+00  0.0000E+00
     -6.455  0.0000E+00  0.0000E+00  0.0000E+00
     -6.386  0.0000E+00  0.0000E+00  0.0000E+00
     -6.316  0.0000E+00  0.0000E+00  0.0000E+00
     -6.247  0.0000E+00  0.0000E+00  0.0000E+00
     -6.178  0.0000E+00  0.0000E+00  0.0000E+00
     -6.108  0.0000E+00  0.0000E+00  0.0000E+00
     -6.039  0.0000E+00  0.0000E+00  0.0000E+00
     -5.970  0.0000E+00  0.0000E+00  0.0000E+00
     -5.900  0.0000E+00  0.0000E+00  0.0000E+00
     -5.831  0.0000E+00  0.0000E+00  0.0000E+00
     -5.762  0.0000E+00  0.0000E+00  0.0000E+00
     -5.692  0.0000E+00  0.0000E+00  0.0000E+00
     -5.623  0.0000E+00  0.0000E+00  0.0000E+00
     -5.554  0.0000E+00  0.0000E+00  0.0000E+00
     -5.484  0.0000E+00  0.0000E+00  0.0000E+00
     -5.415  0.0000E+00  0.0000E+00  0.0000E+00
     -5.346  0.0000E+00  0.0000E+00  0.0000E+00
     -5.276  0.0000E+00  0.0000E+00  0.0000E+00
     -5.207  0.0000E+00  0.0000E+00  0.0000E+00
     -5.138  0.0000E+00  0.0000E+00  0.0000E+00
     -5.068  0.1624E-01  0.5993E-02  0.1617E-01
     -4.999  0.1808E-01  0.6032E-02  0.1188E-01
     -4.930  0.2508E-01  0.7130E-02  0.1292E-01
     -4.860  0.6680E-01  0.1049E-01  0.2753E-01
     -4.791  0.7888E-01  0.1226E-01  0.3270E-01
     -4.722  0.8330E-01  0.1758E-01  0.3572E-01
     -4.652  0.1013E+00  0.2338E-01  0.4482E-01
     -4.583  0.2870E+00  0.6042E-01  0.1243E+00
     -4.514  0.1427E+00  0.3654E-01  0.7410E-01
     -4.444  0.3105E+00  0.5375E-01  0.1690E+00
     -4.375  0.1507E+00  0.4329E-01  0.7017E-01
     -4.306  0.1422E+00  0.6393E-01  0.1484E+00
     -4.236  0.1478E+00  0.6155E-01  0.1777E+00
     -4.167  0.5876E-01  0.3565E-01  0.8463E-01
     -4.098  0.2168E+00  0.1795E+00  0.4401E+00
     -4.028  0.2200E-01  0.9035E-02  0.1691E-01
     -3.959  0.6531E-01  0.3108E-01  0.1074E+00
     -3.890  0.1597E+00  0.7876E-01  0.2802E+00
     -3.820  0.3948E-01  0.2387E-01  0.8503E-01
     -3.751  0.1571E+00  0.9680E-01  0.3257E+00
     -3.682  0.6217E-01  0.3981E-01  0.1467E+00
     -3.612  0.8715E-01  0.5762E-01  0.2328E+00
     -3.543  0.7157E-01  0.5741E-01  0.1947E+00
     -3.474  0.9679E-01  0.8134E-01  0.3246E+00
     -3.404  0.3189E-01  0.4604E-01  0.1610E+00
     -3.335  0.1168E-01  0.9883E-02  0.3861E-01
     -3.266  0.4748E-01  0.6071E-01  0.2637E+00
     -3.196  0.6511E-01  0.5604E-01  0.3515E+00
     -3.127  0.7030E-01  0.5812E-01  0.2854E+00
     -3.058  0.2175E-01  0.3039E-01  0.1480E+00
     -2.988  0.6336E-01  0.5441E-01  0.2739E+00
     -2.919  0.4365E-01  0.4894E-01  0.2112E+00
     -2.850  0.9801E-01  0.6857E-01  0.3474E+00
     -2.780  0.4458E-01  0.6085E-01  0.3059E+00
     -2.711  0.4443E-01  0.6507E-01  0.2756E+00
     -2.642  0.9638E-01  0.7658E-01  0.3423E+00
     -2.572  0.4914E-01  0.5800E-01  0.3439E+00
     -2.503  0.7873E-01  0.5772E-01  0.4081E+00
     -2.433  0.5159E-01  0.4963E-01  0.5958E+00
     -2.364  0.1041E+00  0.9228E-01  0.8845E+00
     -2.295  0.4917E-01  0.5535E-01  0.4943E+00
     -2.225  0.6343E-01  0.5951E-01  0.8126E+00
     -2.156  0.2881E-01  0.2721E-01  0.2861E+00
     -2.087  0.6388E-01  0.1421E+00  0.1143E+01
     -2.017  0.7847E-01  0.1276E+00  0.1726E+01
     -1.948  0.5052E-01  0.9211E-01  0.9357E+00
     -1.879  0.3763E-01  0.8333E-01  0.7860E+00
     -1.809  0.3028E-01  0.1384E+00  0.9210E+00
     -1.740  0.3401E-01  0.7099E-01  0.1106E+01
     -1.671  0.2502E-01  0.9936E-01  0.1070E+01
     -1.601  0.7223E-01  0.1967E+00  0.1325E+01
     -1.532  0.3594E-01  0.1219E+00  0.7910E+00
     -1.463  0.8122E-01  0.2006E+00  0.1946E+01
     -1.393  0.4407E-01  0.1186E+00  0.1463E+01
     -1.324  0.4016E-01  0.1153E+00  0.1509E+01
     -1.255  0.1790E-01  0.5877E-01  0.7075E+00
     -1.185  0.3143E-01  0.9737E-01  0.8925E+00
     -1.116  0.2235E-01  0.1145E+00  0.1074E+01
     -1.047  0.8403E-02  0.5881E-01  0.4247E+00
     -0.977  0.1693E-01  0.7994E-01  0.1461E+01
     -0.908  0.2319E-01  0.1536E+00  0.2791E+01
     -0.839  0.2372E-01  0.1312E+00  0.1909E+01
     -0.769  0.1925E-01  0.1216E+00  0.1651E+01
     -0.700  0.1537E-01  0.1522E+00  0.1781E+01
     -0.631  0.1596E-01  0.1265E+00  0.2658E+01
     -0.561  0.1040E-01  0.9081E-01  0.1631E+01
     -0.492  0.6102E-02  0.2312E-01  0.6781E+00
     -0.423  0.1722E-01  0.7949E-01  0.2386E+01
     -0.353  0.1689E-01  0.6239E-01  0.1504E+01
     -0.284  0.1768E-01  0.6672E-01  0.2470E+01
     -0.215  0.1888E-01  0.6414E-01  0.3329E+01
     -0.145  0.2183E-01  0.3670E-01  0.2355E+01
     -0.076  0.2499E-01  0.4813E-01  0.2664E+01
     -0.007  0.2054E-01  0.4640E-01  0.3806E+01
      0.063  0.8329E-02  0.3401E-01  0.1793E+01
      0.132  0.3543E-01  0.6167E-01  0.6713E+01
      0.201  0.2102E-01  0.8811E-01  0.5605E+01
      0.271  0.6080E-02  0.3364E-01  0.1912E+01
      0.340  0.1990E-01  0.9413E-01  0.4354E+01
      0.409  0.6414E-02  0.2398E-01  0.1468E+01
      0.479  0.1402E-01  0.5724E-01  0.3960E+01
      0.548  0.1318E-01  0.3947E-01  0.1912E+01
      0.617  0.1207E-01  0.3330E-01  0.1944E+01
      0.687  0.3305E-01  0.5659E-01  0.2930E+01
      0.756  0.2944E-01  0.7406E-01  0.3459E+01
      0.825  0.1379E-01  0.4636E-01  0.1894E+01
      0.895  0.1329E-01  0.7510E-01  0.2734E+01
      0.964  0.1907E-01  0.7959E-01  0.1607E+01
      1.033  0.1925E-01  0.1204E+00  0.2287E+01
      1.103  0.6782E-02  0.5464E-01  0.9159E+00
      1.172  0.3825E-01  0.8691E-01  0.1789E+01
      1.241  0.1793E-01  0.5218E-01  0.6981E+00
      1.311  0.1484E-01  0.2788E-01  0.5007E+00
      1.380  0.2020E-01  0.8473E-01  0.1234E+01
      1.449  0.1670E-01  0.5578E-01  0.8944E+00
      1.519  0.6242E-02  0.5170E-01  0.7301E+00
      1.588  0.1669E-01  0.4725E-01  0.6696E+00
      1.657  0.4214E-01  0.7911E-01  0.1147E+01
      1.727  0.3040E-01  0.8328E-01  0.9783E+00
      1.796  0.4325E-01  0.9525E-01  0.9618E+00
      1.866  0.1920E-01  0.7742E-01  0.5093E+00
      1.935  0.1402E-01  0.2659E-01  0.4736E+00
      2.004  0.7798E-02  0.3059E-01  0.3137E+00
      2.074  0.1280E-01  0.7498E-01  0.7387E+00
      2.143  0.1071E-01  0.7941E-01  0.5786E+00
      2.212  0.5984E-02  0.4199E-01  0.3419E+00
      2.282  0.4982E-02  0.3050E-01  0.3020E+00
      2.351  0.1147E-01  0.4969E-01  0.4049E+00
      2.420  0.1086E-01  0.3138E-01  0.2822E+00
      2.490  0.7660E-02  0.3032E-01  0.2549E+00
      2.559  0.1379E-01  0.2710E-01  0.2656E+00
      2.628  0.1847E-01  0.4328E-01  0.3783E+00
      2.698  0.2791E-01  0.5783E-01  0.5484E+00
      2.767  0.2383E-01  0.4279E-01  0.4536E+00
      2.836  0.1591E-01  0.3401E-01  0.3479E+00
      2.906  0.1349E-01  0.4069E-01  0.4428E+00
      2.975  0.1452E-01  0.4346E-01  0.4722E+00
      3.044  0.2228E-01  0.5493E-01  0.5476E+00
      3.114  0.2931E-01  0.6918E-01  0.6857E+00
      3.183  0.2061E-01  0.6519E-01  0.5930E+00
      3.252  0.1217E-01  0.5640E-01  0.4770E+00
      3.322  0.1473E-01  0.4863E-01  0.3446E+00
      3.391  0.1441E-01  0.4282E-01  0.2994E+00
      3.460  0.1129E-01  0.3726E-01  0.3851E+00
      3.530  0.9734E-02  0.3149E-01  0.3169E+00
      3.599  0.1058E-01  0.4068E-01  0.3586E+00
      3.668  0.1407E-01  0.6038E-01  0.5320E+00
      3.738  0.8837E-02  0.3448E-01  0.3086E+00
      3.807  0.8608E-02  0.3741E-01  0.3141E+00
      3.876  0.9954E-02  0.3985E-01  0.2838E+00
      3.946  0.1563E-01  0.4440E-01  0.3771E+00
      4.015  0.3429E-01  0.6905E-01  0.4251E+00
      4.084  0.2609E-01  0.4414E-01  0.3660E+00
      4.154  0.1467E-01  0.4320E-01  0.3598E+00
      4.223  0.1495E-01  0.3535E-01  0.2933E+00
      4.292  0.1357E-01  0.2853E-01  0.2723E+00
      4.362  0.2321E-01  0.3808E-01  0.3310E+00
      4.431  0.2227E-01  0.4228E-01  0.3577E+00
      4.500  0.2622E-01  0.3652E-01  0.3610E+00
      4.570  0.6529E-01  0.3529E-01  0.4658E+00
      4.639  0.1248E-01  0.2090E-01  0.1691E+00
      4.708  0.1626E-01  0.2565E-01  0.2039E+00
      4.778  0.2202E-01  0.3031E-01  0.2296E+00
      4.847  0.9804E-02  0.1793E-01  0.1040E+00
      4.916  0.8210E-02  0.1890E-01  0.1274E+00
      4.986  0.1890E-01  0.2643E-01  0.2101E+00
      5.055  0.1771E-01  0.2862E-01  0.1969E+00
      5.124  0.3057E-01  0.5796E-01  0.3266E+00
      5.194  0.1062E-01  0.2762E-01  0.1404E+00
      5.263  0.1004E-01  0.1816E-01  0.1105E+00
      5.332  0.1464E-01  0.2174E-01  0.1323E+00
      5.402  0.1294E-01  0.2558E-01  0.1399E+00
      5.471  0.1426E-01  0.2232E-01  0.1420E+00
      5.540  0.7312E-02  0.1688E-01  0.1533E+00
      5.610  0.1283E-01  0.2444E-01  0.1444E+00
      5.679  0.1526E-01  0.2484E-01  0.1632E+00
      5.748  0.1177E-01  0.1972E-01  0.1134E+00
      5.818  0.6685E-02  0.2048E-01  0.1087E+00
      5.887  0.7508E-02  0.1696E-01  0.8521E-01
      5.956  0.1156E-01  0.2193E-01  0.1066E+00
      6.026  0.5905E-02  0.8176E-02  0.3986E-01
      6.095  0.7348E-02  0.5733E-02  0.3179E-01
      6.165  0.7052E-02  0.3808E-02  0.1528E-01
      6.234  0.9866E-02  0.4783E-02  0.1960E-01
      6.303  0.1142E-01  0.5368E-02  0.2120E-01
      6.373  0.1190E-01  0.5202E-02  0.1950E-01
      6.442  0.1090E-01  0.5860E-02  0.1989E-01
      6.511  0.5117E-02  0.4136E-02  0.1158E-01
      6.581  0.2397E-02  0.2123E-02  0.6364E-02
      6.650  0.9102E-03  0.9859E-03  0.2988E-02
      6.719  0.0000E+00  0.0000E+00  0.0000E+00
      6.789  0.0000E+00  0.0000E+00  0.0000E+00
      6.858  0.0000E+00  0.0000E+00  0.0000E+00
      6.927  0.0000E+00  0.0000E+00  0.0000E+00
      6.997  0.0000E+00  0.0000E+00  0.0000E+00
      7.066  0.0000E+00  0.0000E+00  0.0000E+00
      7.135  0.0000E+00  0.0000E+00  0.0000E+00
      7.205  0.0000E+00  0.0000E+00  0.0000E+00
      7.274  0.0000E+00  0.0000E+00  0.0000E+00
      7.343  0.0000E+00  0.0000E+00  0.0000E+00
      7.413  0.0000E+00  0.0000E+00  0.0000E+00
      7.482  0.0000E+00  0.0000E+00  0.0000E+00
      7.551  0.0000E+00  0.0000E+00  0.0000E+00
      7.621  0.0000E+00  0.0000E+00  0.0000E+00
      7.690  0.0000E+00  0.0000E+00  0.0000E+00
