    -13.112  0.0000E+00  0.0000E+00  0.0000E+00
    -13.042  0.0000E+00  0.0000E+00  0.0000E+00
    -12.973  0.0000E+00  0.0000E+00  0.0000E+00
    -12.904  0.0000E+00  0.0000E+00  0.0000E+00
    -12.834  0.0000E+00  0.0000E+00  0.0000E+00
    -12.765  0.0000E+00  0.0000E+00  0.0000E+00
    -12.696  0.0000E+00  0.0000E+00  0.0000E+00
    -12.626  0.0000E+00  0.0000E+00  0.0000E+00
    -12.557  0.0000E+00  0.0000E+00  0.0000E+00
    -12.488  0.0000E+00  0.0000E+00  0.0000E+00
    -12.418  0.0000E+00  0.0000E+00  0.0000E+00
    -12.349  0.0000E+00  0.0000E+00  0.0000E+00
    -12.280  0.0000E+00  0.0000E+00  0.0000E+00
    -12.210  0.0000E+00  0.0000E+00  0.0000E+00
    -12.141  0.0000E+00  0.0000E+00  0.0000E+00
    -12.072  0.1754E-01  0.3175E-03  0.2335E-03
    -12.002  0.2169E-01  0.6569E-03  0.3178E-03
    -11.933  0.1887E-01  0.9290E-03  0.3258E-03
    -11.864  0.1777E-01  0.1199E-02  0.3557E-03
    -11.794  0.1929E-01  0.1519E-02  0.4304E-03
    -11.725  0.1896E-01  0.1786E-02  0.4654E-03
    -11.656  0.1756E-01  0.2197E-02  0.5177E-03
    -11.586  0.1650E-01  0.2558E-02  0.5691E-03
    -11.517  0.3850E-01  0.7332E-02  0.1705E-02
    -11.448  0.1831E-01  0.4480E-02  0.1001E-02
    -11.378  0.2875E-01  0.7257E-02  0.1797E-02
    -11.309  0.5345E-01  0.8912E-02  0.2739E-02
    -11.240  0.6062E-01  0.1086E-01  0.3259E-02
    -11.170  0.1946E-01  0.5662E-02  0.1637E-02
    -11.101  0.2535E-01  0.7951E-02  0.2382E-02
    -11.032  0.2942E-01  0.9825E-02  0.3202E-02
    -10.962  0.2733E-01  0.1006E-01  0.3407E-02
    -10.893  0.3204E-01  0.1282E-01  0.4467E-02
    -10.823  0.3398E-01  0.1293E-01  0.4579E-02
    -10.754  0.2852E-01  0.1457E-01  0.5428E-02
    -10.685  0.7763E-01  0.1689E-01  0.9312E-02
    -10.615  0.5172E-01  0.1023E-01  0.5763E-02
    -10.546  0.5584E-01  0.1209E-01  0.6414E-02
    -10.477  0.5717E-01  0.1663E-01  0.8283E-02
    -10.407  0.5951E-01  0.3351E-01  0.1380E-01
    -10.338  0.6896E-01  0.5612E-01  0.2394E-01
    -10.269  0.3311E-01  0.2608E-01  0.1149E-01
    -10.199  0.3790E-01  0.5138E-01  0.2189E-01
    -10.130  0.2652E-01  0.3992E-01  0.1650E-01
    -10.061  0.9208E-01  0.4245E-01  0.2238E-01
     -9.991  0.3529E-01  0.4640E-01  0.2311E-01
     -9.922  0.2386E-01  0.4468E-01  0.2201E-01
     -9.853  0.1757E-01  0.3718E-01  0.1821E-01
     -9.783  0.1113E-01  0.2771E-01  0.1370E-01
     -9.714  0.7785E-02  0.1044E-01  0.4299E-02
     -9.645  0.6133E-02  0.9655E-02  0.3872E-02
     -9.575  0.4589E-02  0.9483E-02  0.3769E-02
     -9.506  0.3460E-02  0.9560E-02  0.3757E-02
     -9.437  0.2444E-02  0.1401E-01  0.5302E-02
     -9.367  0.9904E-03  0.8674E-02  0.3210E-02
     -9.298  0.0000E+00  0.0000E+00  0.0000E+00
     -9.229  0.3728E-03  0.9861E-02  0.1077E-02
     -9.159  0.8925E-03  0.2164E-01  0.3052E-02
     -9.090  0.9937E-03  0.1822E-01  0.4161E-02
     -9.021  0.1741E-02  0.2436E-01  0.6296E-02
     -8.951  0.5710E-02  0.3108E-01  0.9904E-02
     -8.882  0.1161E-01  0.3789E-01  0.1560E-01
     -8.813  0.3710E-01  0.7152E-01  0.3770E-01
     -8.743  0.2044E-01  0.3186E-01  0.1748E-01
     -8.674  0.1550E-01  0.1389E-01  0.2047E-01
     -8.605  0.2097E-01  0.1669E-01  0.3552E-01
     -8.535  0.1678E-01  0.1376E-01  0.2971E-01
     -8.466  0.1183E-01  0.1012E-01  0.2453E-01
     -8.397  0.5653E-01  0.2771E-01  0.4001E-01
     -8.327  0.4279E-01  0.2564E-01  0.4008E-01
     -8.258  0.4543E-01  0.2785E-01  0.4195E-01
     -8.189  0.4812E-01  0.3496E-01  0.5331E-01
     -8.119  0.4628E-01  0.3926E-01  0.6755E-01
     -8.050  0.5646E-01  0.4673E-01  0.7305E-01
     -7.981  0.4654E-01  0.4815E-01  0.6915E-01
     -7.911  0.4281E-01  0.4478E-01  0.9382E-01
     -7.842  0.2195E-01  0.3038E-01  0.7203E-01
     -7.773  0.3751E-01  0.4349E-01  0.7094E-01
     -7.703  0.1772E-01  0.2653E-01  0.4048E-01
     -7.634  0.6017E-01  0.6064E-01  0.7762E-01
     -7.565  0.1555E-01  0.3754E-01  0.2957E-01
     -7.495  0.1388E-01  0.3010E-01  0.2874E-01
     -7.426  0.1101E-01  0.5351E-01  0.4796E-01
     -7.357  0.5316E-02  0.1178E-01  0.9825E-02
     -7.287  0.7816E-02  0.1699E-01  0.2001E-01
     -7.218  0.8225E-02  0.1001E-01  0.1582E-01
     -7.149  0.4567E-02  0.8750E-02  0.1532E-01
     -7.079  0.1844E-02  0.7739E-02  0.1423E-01
     -7.010  0.5522E-03  0.3311E-02  0.4977E-02
     -6.941  0.0000E+00  0.0000E+00  0.0000E+00
     -6.871  0.0000E+00  0.0000E+00  0.0000E+00
     -6.802  0.0000E+00  0.0000E+00  0.0000E+00
     -6.732  0.0000E+00  0.0000E+00  0.0000E+00
     -6.663  0.0000E+00  0.0000E+00  0.0000E+00
     -6.594  0.0000E+00  0.0000E+00  0.0000E+00
     -6.524  0.0000E+00  0.0000E+00  0.0000E+00
     -6.455  0.0000E+00  0.0000E+00  0.0000E+00
     -6.386  0.0000E+00  0.0000E+00  0.0000E+00
     -6.316  0.0000E+00  0.0000E+00  0.0000E+00
     -6.247  0.0000E+00  0.0000E+00  0.0000E+00
     -6.178  0.0000E+00  0.0000E+00  0.0000E+00
     -6.108  0.0000E+00  0.0000E+00  0.0000E+00
     -6.039  0.0000E+00  0.0000E+00  0.0000E+00
     -5.970  0.0000E+00  0.0000E+00  0.0000E+00
     -5.900  0.0000E+00  0.0000E+00  0.0000E+00
     -5.831  0.0000E+00  0.0000E+00  0.0000E+00
     -5.762  0.0000E+00  0.0000E+00  0.0000E+00
     -5.692  0.0000E+00  0.0000E+00  0.0000E+00
     -5.623  0.0000E+00  0.0000E+00  0.0000E+00
     -5.554  0.0000E+00  0.0000E+00  0.0000E+00
     -5.484  0.0000E+00  0.0000E+00  0.0000E+00
     -5.415  0.0000E+00  0.0000E+00  0.0000E+00
     -5.346  0.0000E+00  0.0000E+00  0.0000E+00
     -5.276  0.0000E+00  0.0000E+00  0.0000E+00
     -5.207  0.0000E+00  0.0000E+00  0.0000E+00
     -5.138  0.0000E+00  0.0000E+00  0.0000E+00
     -5.068  0.1682E-01  0.5706E-02  0.1662E-01
     -4.999  0.1751E-01  0.6304E-02  0.1215E-01
     -4.930  0.2432E-01  0.7635E-02  0.1286E-01
     -4.860  0.6836E-01  0.1017E-01  0.2725E-01
     -4.791  0.8052E-01  0.1193E-01  0.3278E-01
     -4.722  0.8864E-01  0.1658E-01  0.3712E-01
     -4.652  0.1092E+00  0.2206E-01  0.4679E-01
     -4.583  0.2652E+00  0.6956E-01  0.1165E+00
     -4.514  0.1140E+00  0.4278E-01  0.6576E-01
     -4.444  0.3160E+00  0.5540E-01  0.1632E+00
     -4.375  0.1477E+00  0.4804E-01  0.6685E-01
     -4.306  0.1346E+00  0.6665E-01  0.1483E+00
     -4.236  0.1444E+00  0.6464E-01  0.1792E+00
     -4.167  0.6103E-01  0.3222E-01  0.8084E-01
     -4.098  0.2264E+00  0.1718E+00  0.4587E+00
     -4.028  0.1849E-01  0.1080E-01  0.1519E-01
     -3.959  0.6262E-01  0.3330E-01  0.1053E+00
     -3.890  0.1407E+00  0.8776E-01  0.2874E+00
     -3.820  0.4194E-01  0.2188E-01  0.8667E-01
     -3.751  0.1574E+00  0.1020E+00  0.3116E+00
     -3.682  0.5352E-01  0.3970E-01  0.1513E+00
     -3.612  0.8894E-01  0.5580E-01  0.2363E+00
     -3.543  0.7806E-01  0.5261E-01  0.1938E+00
     -3.474  0.9561E-01  0.8018E-01  0.3277E+00
     -3.404  0.3509E-01  0.2916E-01  0.1875E+00
     -3.335  0.1298E-01  0.9580E-02  0.4141E-01
     -3.266  0.4360E-01  0.5887E-01  0.2640E+00
     -3.196  0.6832E-01  0.5716E-01  0.3452E+00
     -3.127  0.6923E-01  0.5647E-01  0.3058E+00
     -3.058  0.2270E-01  0.3171E-01  0.1506E+00
     -2.988  0.6834E-01  0.5195E-01  0.2816E+00
     -2.919  0.3481E-01  0.5064E-01  0.2328E+00
     -2.850  0.6549E-01  0.7217E-01  0.3667E+00
     -2.780  0.5011E-01  0.5887E-01  0.2970E+00
     -2.711  0.5208E-01  0.6017E-01  0.2950E+00
     -2.642  0.9778E-01  0.7690E-01  0.3311E+00
     -2.572  0.5355E-01  0.5716E-01  0.3335E+00
     -2.503  0.7723E-01  0.5800E-01  0.4088E+00
     -2.433  0.6127E-01  0.4887E-01  0.5755E+00
     -2.364  0.9653E-01  0.1020E+00  0.8638E+00
     -2.295  0.4906E-01  0.5900E-01  0.5120E+00
     -2.225  0.8030E-01  0.6382E-01  0.8265E+00
     -2.156  0.2015E-01  0.2756E-01  0.3247E+00
     -2.087  0.8279E-01  0.1219E+00  0.1251E+01
     -2.017  0.6457E-01  0.1320E+00  0.1742E+01
     -1.948  0.6098E-01  0.9225E-01  0.9770E+00
     -1.879  0.5109E-01  0.7548E-01  0.7728E+00
     -1.809  0.3355E-01  0.1442E+00  0.1022E+01
     -1.740  0.3249E-01  0.7231E-01  0.1139E+01
     -1.671  0.2599E-01  0.1064E+00  0.1096E+01
     -1.601  0.6568E-01  0.1788E+00  0.1297E+01
     -1.532  0.3089E-01  0.1042E+00  0.8622E+00
     -1.463  0.8062E-01  0.2128E+00  0.1856E+01
     -1.393  0.3835E-01  0.1096E+00  0.1323E+01
     -1.324  0.3832E-01  0.1145E+00  0.1522E+01
     -1.255  0.1686E-01  0.6143E-01  0.6911E+00
     -1.185  0.2680E-01  0.8195E-01  0.8901E+00
     -1.116  0.2083E-01  0.1008E+00  0.1227E+01
     -1.047  0.7541E-02  0.5887E-01  0.4148E+00
     -0.977  0.1912E-01  0.7376E-01  0.1496E+01
     -0.908  0.2272E-01  0.1597E+00  0.2644E+01
     -0.839  0.2192E-01  0.1286E+00  0.1822E+01
     -0.769  0.2401E-01  0.1265E+00  0.1378E+01
     -0.700  0.1646E-01  0.1549E+00  0.1558E+01
     -0.631  0.1420E-01  0.1282E+00  0.2593E+01
     -0.561  0.1004E-01  0.8351E-01  0.1858E+01
     -0.492  0.5438E-02  0.2107E-01  0.7446E+00
     -0.423  0.1956E-01  0.8136E-01  0.2328E+01
     -0.353  0.1782E-01  0.6227E-01  0.1614E+01
     -0.284  0.1670E-01  0.6255E-01  0.2523E+01
     -0.215  0.1980E-01  0.7280E-01  0.2925E+01
     -0.145  0.2048E-01  0.3625E-01  0.2405E+01
     -0.076  0.2535E-01  0.4768E-01  0.2733E+01
     -0.007  0.2146E-01  0.4608E-01  0.3877E+01
      0.063  0.8332E-02  0.3256E-01  0.1774E+01
      0.132  0.3821E-01  0.6219E-01  0.6684E+01
      0.201  0.2066E-01  0.9226E-01  0.5693E+01
      0.271  0.6949E-02  0.3259E-01  0.1816E+01
      0.340  0.2019E-01  0.8933E-01  0.4535E+01
      0.409  0.3935E-02  0.2268E-01  0.1348E+01
      0.479  0.1364E-01  0.6298E-01  0.3851E+01
      0.548  0.1338E-01  0.3515E-01  0.2072E+01
      0.617  0.1303E-01  0.3204E-01  0.1976E+01
      0.687  0.2910E-01  0.6061E-01  0.2984E+01
      0.756  0.3011E-01  0.7033E-01  0.3294E+01
      0.825  0.1363E-01  0.4859E-01  0.1876E+01
      0.895  0.1200E-01  0.6646E-01  0.2770E+01
      0.964  0.1693E-01  0.7318E-01  0.1596E+01
      1.033  0.1940E-01  0.1278E+00  0.2044E+01
      1.103  0.8028E-02  0.6013E-01  0.9224E+00
      1.172  0.4039E-01  0.1066E+00  0.1732E+01
      1.241  0.1853E-01  0.5009E-01  0.7245E+00
      1.311  0.1400E-01  0.2795E-01  0.4903E+00
      1.380  0.1730E-01  0.7693E-01  0.1210E+01
      1.449  0.1499E-01  0.5904E-01  0.8733E+00
      1.519  0.6219E-02  0.4586E-01  0.7567E+00
      1.588  0.1456E-01  0.4846E-01  0.5915E+00
      1.657  0.3737E-01  0.8239E-01  0.1171E+01
      1.727  0.2734E-01  0.6917E-01  0.9192E+00
      1.796  0.3425E-01  0.1040E+00  0.8655E+00
      1.866  0.1697E-01  0.7807E-01  0.5116E+00
      1.935  0.1430E-01  0.2456E-01  0.4664E+00
      2.004  0.8832E-02  0.3361E-01  0.3300E+00
      2.074  0.1246E-01  0.7740E-01  0.7195E+00
      2.143  0.9992E-02  0.6331E-01  0.6272E+00
      2.212  0.5986E-02  0.4855E-01  0.3442E+00
      2.282  0.4900E-02  0.3120E-01  0.2918E+00
      2.351  0.1154E-01  0.5089E-01  0.4352E+00
      2.420  0.1063E-01  0.3098E-01  0.2730E+00
      2.490  0.7239E-02  0.3038E-01  0.2551E+00
      2.559  0.1158E-01  0.2656E-01  0.2653E+00
      2.628  0.2211E-01  0.3931E-01  0.3736E+00
      2.698  0.3190E-01  0.6329E-01  0.5786E+00
      2.767  0.2470E-01  0.4204E-01  0.4463E+00
      2.836  0.1581E-01  0.3393E-01  0.3347E+00
      2.906  0.1233E-01  0.3903E-01  0.4362E+00
      2.975  0.1504E-01  0.4263E-01  0.4645E+00
      3.044  0.1851E-01  0.5732E-01  0.5450E+00
      3.114  0.2947E-01  0.7254E-01  0.7756E+00
      3.183  0.2029E-01  0.6604E-01  0.5970E+00
      3.252  0.1233E-01  0.5617E-01  0.4275E+00
      3.322  0.1530E-01  0.5069E-01  0.3352E+00
      3.391  0.1630E-01  0.4337E-01  0.3275E+00
      3.460  0.1192E-01  0.3409E-01  0.4018E+00
      3.530  0.9569E-02  0.3125E-01  0.3295E+00
      3.599  0.1110E-01  0.3860E-01  0.3521E+00
      3.668  0.1683E-01  0.5860E-01  0.5053E+00
      3.738  0.6412E-02  0.3362E-01  0.3201E+00
      3.807  0.8206E-02  0.3891E-01  0.3164E+00
      3.876  0.9998E-02  0.4101E-01  0.2930E+00
      3.946  0.1566E-01  0.4252E-01  0.3770E+00
      4.015  0.3195E-01  0.5867E-01  0.4466E+00
      4.084  0.2499E-01  0.4536E-01  0.3620E+00
      4.154  0.1177E-01  0.4459E-01  0.3900E+00
      4.223  0.1410E-01  0.3260E-01  0.3045E+00
      4.292  0.1460E-01  0.2982E-01  0.2531E+00
      4.362  0.2192E-01  0.3652E-01  0.3394E+00
      4.431  0.2458E-01  0.4246E-01  0.3493E+00
      4.500  0.2463E-01  0.3877E-01  0.3527E+00
      4.570  0.6560E-01  0.3428E-01  0.4663E+00
      4.639  0.1386E-01  0.2089E-01  0.1505E+00
      4.708  0.1698E-01  0.2993E-01  0.2047E+00
      4.778  0.1813E-01  0.2780E-01  0.2405E+00
      4.847  0.1173E-01  0.1694E-01  0.1039E+00
      4.916  0.1246E-01  0.1814E-01  0.1282E+00
      4.986  0.1408E-01  0.2578E-01  0.2225E+00
      5.055  0.1430E-01  0.2646E-01  0.1909E+00
      5.124  0.2776E-01  0.5602E-01  0.3348E+00
      5.194  0.1191E-01  0.2633E-01  0.1472E+00
      5.263  0.9501E-02  0.1797E-01  0.1051E+00
      5.332  0.1262E-01  0.2543E-01  0.1283E+00
      5.402  0.1314E-01  0.2507E-01  0.1456E+00
      5.471  0.7739E-02  0.1982E-01  0.1682E+00
      5.540  0.9449E-02  0.2199E-01  0.1481E+00
      5.610  0.1688E-01  0.2212E-01  0.1256E+00
      5.679  0.1613E-01  0.2802E-01  0.1752E+00
      5.748  0.1251E-01  0.1992E-01  0.1278E+00
      5.818  0.8324E-02  0.2150E-01  0.1330E+00
      5.887  0.7188E-02  0.1834E-01  0.9563E-01
      5.956  0.1415E-01  0.2203E-01  0.1140E+00
      6.026  0.6720E-02  0.1095E-01  0.5172E-01
      6.095  0.6829E-02  0.6352E-02  0.2915E-01
      6.165  0.5504E-02  0.3715E-02  0.1163E-01
      6.234  0.7553E-02  0.4875E-02  0.1618E-01
      6.303  0.9150E-02  0.5735E-02  0.1949E-01
      6.373  0.1032E-01  0.5649E-02  0.1894E-01
      6.442  0.1039E-01  0.6500E-02  0.2077E-01
      6.511  0.5176E-02  0.4127E-02  0.1192E-01
      6.581  0.2279E-02  0.1656E-02  0.6524E-02
      6.650  0.8709E-03  0.7106E-03  0.3130E-02
      6.719  0.0000E+00  0.0000E+00  0.0000E+00
      6.789  0.0000E+00  0.0000E+00  0.0000E+00
      6.858  0.0000E+00  0.0000E+00  0.0000E+00
      6.927  0.0000E+00  0.0000E+00  0.0000E+00
      6.997  0.0000E+00  0.0000E+00  0.0000E+00
      7.066  0.0000E+00  0.0000E+00  0.0000E+00
      7.135  0.0000E+00  0.0000E+00  0.0000E+00
      7.205  0.0000E+00  0.0000E+00  0.0000E+00
      7.274  0.0000E+00  0.0000E+00  0.0000E+00
      7.343  0.0000E+00  0.0000E+00  0.0000E+00
      7.413  0.0000E+00  0.0000E+00  0.0000E+00
      7.482  0.0000E+00  0.0000E+00  0.0000E+00
      7.551  0.0000E+00  0.0000E+00  0.0000E+00
      7.621  0.0000E+00  0.0000E+00  0.0000E+00
      7.690  0.0000E+00  0.0000E+00  0.0000E+00
