    -13.112  0.0000E+00  0.0000E+00  0.0000E+00
    -13.042  0.0000E+00  0.0000E+00  0.0000E+00
    -12.973  0.0000E+00  0.0000E+00  0.0000E+00
    -12.904  0.0000E+00  0.0000E+00  0.0000E+00
    -12.834  0.0000E+00  0.0000E+00  0.0000E+00
    -12.765  0.0000E+00  0.0000E+00  0.0000E+00
    -12.696  0.0000E+00  0.0000E+00  0.0000E+00
    -12.626  0.0000E+00  0.0000E+00  0.0000E+00
    -12.557  0.0000E+00  0.0000E+00  0.0000E+00
    -12.488  0.0000E+00  0.0000E+00  0.0000E+00
    -12.418  0.0000E+00  0.0000E+00  0.0000E+00
    -12.349  0.0000E+00  0.0000E+00  0.0000E+00
    -12.280  0.0000E+00  0.0000E+00  0.0000E+00
    -12.210  0.0000E+00  0.0000E+00  0.0000E+00
    -12.141  0.0000E+00  0.0000E+00  0.0000E+00
    -12.072  0.1011E-01  0.5376E-03  0.1877E-03
    -12.002  0.1240E-01  0.8358E-03  0.2675E-03
    -11.933  0.1119E-01  0.9461E-03  0.2993E-03
    -11.864  0.1142E-01  0.1079E-02  0.3546E-03
    -11.794  0.1212E-01  0.1306E-02  0.4314E-03
    -11.725  0.9563E-02  0.1380E-02  0.3886E-03
    -11.656  0.9604E-02  0.1471E-02  0.4188E-03
    -11.586  0.1000E-01  0.1551E-02  0.4464E-03
    -11.517  0.5515E-01  0.2618E-02  0.1716E-02
    -11.448  0.2305E-01  0.2186E-02  0.8397E-03
    -11.378  0.4334E-01  0.3469E-02  0.1654E-02
    -11.309  0.5505E-01  0.7535E-02  0.2885E-02
    -11.240  0.6094E-01  0.9923E-02  0.3386E-02
    -11.170  0.2945E-01  0.3790E-02  0.1543E-02
    -11.101  0.3914E-01  0.6487E-02  0.2331E-02
    -11.032  0.4298E-01  0.7402E-02  0.2873E-02
    -10.962  0.4205E-01  0.6778E-02  0.2919E-02
    -10.893  0.4969E-01  0.8457E-02  0.3844E-02
    -10.823  0.4135E-01  0.1003E-01  0.4302E-02
    -10.754  0.4106E-01  0.1092E-01  0.3841E-02
    -10.685  0.4717E-01  0.2787E-01  0.7229E-02
    -10.615  0.2682E-01  0.1755E-01  0.6072E-02
    -10.546  0.3412E-01  0.1899E-01  0.7444E-02
    -10.477  0.3247E-01  0.2817E-01  0.9774E-02
    -10.407  0.4137E-01  0.4664E-01  0.1405E-01
    -10.338  0.7541E-01  0.6366E-01  0.2353E-01
    -10.269  0.2662E-01  0.2965E-01  0.1273E-01
    -10.199  0.5395E-01  0.4977E-01  0.2432E-01
    -10.130  0.3070E-01  0.4525E-01  0.1801E-01
    -10.061  0.2579E-01  0.6241E-01  0.3698E-01
     -9.991  0.3200E-01  0.6660E-01  0.2949E-01
     -9.922  0.2188E-01  0.5653E-01  0.2995E-01
     -9.853  0.1673E-01  0.4743E-01  0.2519E-01
     -9.783  0.1221E-01  0.3685E-01  0.1971E-01
     -9.714  0.7295E-02  0.9999E-02  0.1167E-01
     -9.645  0.5762E-02  0.8199E-02  0.1066E-01
     -9.575  0.6128E-02  0.6844E-02  0.1192E-01
     -9.506  0.4392E-02  0.6187E-02  0.1121E-01
     -9.437  0.3397E-02  0.7734E-02  0.1549E-01
     -9.367  0.1619E-02  0.4533E-02  0.9564E-02
     -9.298  0.0000E+00  0.0000E+00  0.0000E+00
     -9.229  0.6812E-02  0.3152E-03  0.2396E-02
     -9.159  0.1383E-01  0.1301E-02  0.5282E-02
     -9.090  0.1232E-01  0.1877E-02  0.5649E-02
     -9.021  0.1114E-01  0.3045E-02  0.5591E-02
     -8.951  0.1194E-01  0.5401E-02  0.6714E-02
     -8.882  0.1218E-01  0.9082E-02  0.8545E-02
     -8.813  0.1670E-01  0.2001E-01  0.1455E-01
     -8.743  0.4226E-02  0.9011E-02  0.6180E-02
     -8.674  0.2403E-02  0.5641E-02  0.4670E-02
     -8.605  0.8551E-02  0.6332E-02  0.8279E-02
     -8.535  0.6459E-02  0.5184E-02  0.6156E-02
     -8.466  0.4675E-02  0.4270E-02  0.4714E-02
     -8.397  0.4355E-01  0.2480E-01  0.2571E-01
     -8.327  0.3268E-01  0.2224E-01  0.2383E-01
     -8.258  0.3666E-01  0.2523E-01  0.2671E-01
     -8.189  0.4365E-01  0.3383E-01  0.3605E-01
     -8.119  0.4408E-01  0.3973E-01  0.4255E-01
     -8.050  0.6698E-01  0.4812E-01  0.5724E-01
     -7.981  0.6138E-01  0.4968E-01  0.6663E-01
     -7.911  0.5390E-01  0.5886E-01  0.7896E-01
     -7.842  0.2248E-01  0.4464E-01  0.6684E-01
     -7.773  0.5754E-01  0.6535E-01  0.7644E-01
     -7.703  0.2439E-01  0.3511E-01  0.4273E-01
     -7.634  0.7115E-01  0.8582E-01  0.7779E-01
     -7.565  0.3198E-01  0.4295E-01  0.5222E-01
     -7.495  0.3183E-01  0.4118E-01  0.4803E-01
     -7.426  0.2465E-01  0.6251E-01  0.6574E-01
     -7.357  0.1161E-01  0.1699E-01  0.2067E-01
     -7.287  0.2078E-01  0.2226E-01  0.3714E-01
     -7.218  0.2144E-01  0.1720E-01  0.4662E-01
     -7.149  0.1411E-01  0.1627E-01  0.3881E-01
     -7.079  0.1068E-01  0.1985E-01  0.2893E-01
     -7.010  0.7763E-02  0.1455E-01  0.1462E-01
     -6.941  0.0000E+00  0.0000E+00  0.0000E+00
     -6.871  0.0000E+00  0.0000E+00  0.0000E+00
     -6.802  0.0000E+00  0.0000E+00  0.0000E+00
     -6.732  0.0000E+00  0.0000E+00  0.0000E+00
     -6.663  0.0000E+00  0.0000E+00  0.0000E+00
     -6.594  0.0000E+00  0.0000E+00  0.0000E+00
     -6.524  0.0000E+00  0.0000E+00  0.0000E+00
     -6.455  0.0000E+00  0.0000E+00  0.0000E+00
     -6.386  0.0000E+00  0.0000E+00  0.0000E+00
     -6.316  0.0000E+00  0.0000E+00  0.0000E+00
     -6.247  0.0000E+00  0.0000E+00  0.0000E+00
     -6.178  0.0000E+00  0.0000E+00  0.0000E+00
     -6.108  0.0000E+00  0.0000E+00  0.0000E+00
     -6.039  0.0000E+00  0.0000E+00  0.0000E+00
     -5.970  0.0000E+00  0.0000E+00  0.0000E+00
     -5.900  0.0000E+00  0.0000E+00  0.0000E+00
     -5.831  0.0000E+00  0.0000E+00  0.0000E+00
     -5.762  0.0000E+00  0.0000E+00  0.0000E+00
     -5.692  0.0000E+00  0.0000E+00  0.0000E+00
     -5.623  0.0000E+00  0.0000E+00  0.0000E+00
     -5.554  0.0000E+00  0.0000E+00  0.0000E+00
     -5.484  0.0000E+00  0.0000E+00  0.0000E+00
     -5.415  0.0000E+00  0.0000E+00  0.0000E+00
     -5.346  0.0000E+00  0.0000E+00  0.0000E+00
     -5.276  0.0000E+00  0.0000E+00  0.0000E+00
     -5.207  0.0000E+00  0.0000E+00  0.0000E+00
     -5.138  0.0000E+00  0.0000E+00  0.0000E+00
     -5.068  0.9347E-02  0.1816E-02  0.1050E-01
     -4.999  0.1048E-01  0.2370E-02  0.8114E-02
     -4.930  0.1655E-01  0.3571E-02  0.9102E-02
     -4.860  0.6965E-01  0.8477E-02  0.2469E-01
     -4.791  0.8305E-01  0.1107E-01  0.2977E-01
     -4.722  0.8558E-01  0.1542E-01  0.3245E-01
     -4.652  0.1009E+00  0.2087E-01  0.4029E-01
     -4.583  0.1976E+00  0.6097E-01  0.8978E-01
     -4.514  0.1247E+00  0.3905E-01  0.4735E-01
     -4.444  0.2914E+00  0.4914E-01  0.1427E+00
     -4.375  0.7802E-01  0.3455E-01  0.4477E-01
     -4.306  0.5301E-01  0.5897E-01  0.1076E+00
     -4.236  0.7536E-01  0.6153E-01  0.1420E+00
     -4.167  0.4135E-01  0.2925E-01  0.6235E-01
     -4.098  0.1919E+00  0.1583E+00  0.3152E+00
     -4.028  0.2470E-01  0.8709E-02  0.1896E-01
     -3.959  0.7274E-01  0.3811E-01  0.7975E-01
     -3.890  0.1741E+00  0.9987E-01  0.2403E+00
     -3.820  0.5778E-01  0.2392E-01  0.7741E-01
     -3.751  0.2302E+00  0.1022E+00  0.3793E+00
     -3.682  0.5996E-01  0.4586E-01  0.1389E+00
     -3.612  0.1011E+00  0.6344E-01  0.2120E+00
     -3.543  0.7316E-01  0.5961E-01  0.2211E+00
     -3.474  0.1030E+00  0.6397E-01  0.3214E+00
     -3.404  0.6421E-01  0.2852E-01  0.1585E+00
     -3.335  0.1101E-01  0.1595E-01  0.5122E-01
     -3.266  0.8155E-01  0.5875E-01  0.2932E+00
     -3.196  0.1111E+00  0.6679E-01  0.3042E+00
     -3.127  0.8018E-01  0.6790E-01  0.2711E+00
     -3.058  0.3915E-01  0.2525E-01  0.1239E+00
     -2.988  0.6881E-01  0.3686E-01  0.3301E+00
     -2.919  0.6583E-01  0.3406E-01  0.2099E+00
     -2.850  0.5704E-01  0.6325E-01  0.3375E+00
     -2.780  0.7090E-01  0.5061E-01  0.3573E+00
     -2.711  0.8494E-01  0.4004E-01  0.6018E+00
     -2.642  0.1074E+00  0.8136E-01  0.5142E+00
     -2.572  0.6559E-01  0.6003E-01  0.4812E+00
     -2.503  0.5394E-01  0.7960E-01  0.5690E+00
     -2.433  0.6916E-01  0.7729E-01  0.6179E+00
     -2.364  0.9315E-01  0.1036E+00  0.9901E+00
     -2.295  0.4217E-01  0.6260E-01  0.4919E+00
     -2.225  0.7947E-01  0.4828E-01  0.7134E+00
     -2.156  0.2506E-01  0.2371E-01  0.3118E+00
     -2.087  0.9582E-01  0.1409E+00  0.1098E+01
     -2.017  0.5250E-01  0.1232E+00  0.1338E+01
     -1.948  0.4491E-01  0.9779E-01  0.9911E+00
     -1.879  0.4801E-01  0.7492E-01  0.8052E+00
     -1.809  0.3858E-01  0.9299E-01  0.1074E+01
     -1.740  0.1853E-01  0.9275E-01  0.8722E+00
     -1.671  0.4136E-01  0.1058E+00  0.1195E+01
     -1.601  0.6992E-01  0.1422E+00  0.1846E+01
     -1.532  0.3892E-01  0.9631E-01  0.7852E+00
     -1.463  0.3388E-01  0.1523E+00  0.1318E+01
     -1.393  0.2714E-01  0.1414E+00  0.7439E+00
     -1.324  0.3430E-01  0.1344E+00  0.1171E+01
     -1.255  0.1652E-01  0.6682E-01  0.6086E+00
     -1.185  0.1424E-01  0.6165E-01  0.5541E+00
     -1.116  0.2611E-01  0.8237E-01  0.7198E+00
     -1.047  0.7829E-02  0.4645E-01  0.3932E+00
     -0.977  0.1869E-01  0.7360E-01  0.1120E+01
     -0.908  0.2628E-01  0.1405E+00  0.2384E+01
     -0.839  0.2433E-01  0.1337E+00  0.2002E+01
     -0.769  0.2209E-01  0.1038E+00  0.1895E+01
     -0.700  0.2073E-01  0.1795E+00  0.2243E+01
     -0.631  0.3094E-01  0.1329E+00  0.2682E+01
     -0.561  0.1985E-01  0.6881E-01  0.1712E+01
     -0.492  0.8166E-02  0.1952E-01  0.7342E+00
     -0.423  0.1951E-01  0.7144E-01  0.1966E+01
     -0.353  0.2055E-01  0.4304E-01  0.2008E+01
     -0.284  0.3853E-01  0.6774E-01  0.3463E+01
     -0.215  0.1569E-01  0.1244E+00  0.3408E+01
     -0.145  0.1251E-01  0.6040E-01  0.3054E+01
     -0.076  0.8084E-02  0.5983E-01  0.2919E+01
     -0.007  0.1377E-01  0.5591E-01  0.3544E+01
      0.063  0.5925E-02  0.3561E-01  0.2351E+01
      0.132  0.2467E-01  0.9480E-01  0.5419E+01
      0.201  0.2333E-01  0.7404E-01  0.4731E+01
      0.271  0.6471E-02  0.3254E-01  0.1793E+01
      0.340  0.1232E-01  0.9884E-01  0.5493E+01
      0.409  0.2784E-02  0.2787E-01  0.1841E+01
      0.479  0.2463E-01  0.8587E-01  0.4400E+01
      0.548  0.6021E-02  0.4352E-01  0.2716E+01
      0.617  0.8709E-02  0.4625E-01  0.1776E+01
      0.687  0.1620E-01  0.6376E-01  0.2743E+01
      0.756  0.2532E-01  0.6526E-01  0.2551E+01
      0.825  0.3215E-01  0.4953E-01  0.1373E+01
      0.895  0.4845E-01  0.6527E-01  0.2325E+01
      0.964  0.6118E-01  0.6559E-01  0.2371E+01
      1.033  0.6139E-01  0.9739E-01  0.2551E+01
      1.103  0.1642E-01  0.3163E-01  0.7035E+00
      1.172  0.2464E-01  0.4685E-01  0.1206E+01
      1.241  0.9648E-02  0.3927E-01  0.6510E+00
      1.311  0.6120E-02  0.4016E-01  0.4089E+00
      1.380  0.2896E-01  0.6873E-01  0.8605E+00
      1.449  0.1827E-01  0.6251E-01  0.1013E+01
      1.519  0.1183E-01  0.5200E-01  0.5517E+00
      1.588  0.2632E-01  0.6084E-01  0.6917E+00
      1.657  0.2664E-01  0.1469E+00  0.1523E+01
      1.727  0.2973E-01  0.1003E+00  0.1160E+01
      1.796  0.2425E-01  0.1530E+00  0.1287E+01
      1.866  0.1026E-01  0.1022E+00  0.6745E+00
      1.935  0.3992E-02  0.4888E-01  0.3360E+00
      2.004  0.3905E-02  0.3807E-01  0.2716E+00
      2.074  0.2335E-01  0.8145E-01  0.5678E+00
      2.143  0.1388E-01  0.6908E-01  0.6671E+00
      2.212  0.5592E-02  0.5577E-01  0.3892E+00
      2.282  0.8637E-02  0.4565E-01  0.2762E+00
      2.351  0.1350E-01  0.7274E-01  0.5564E+00
      2.420  0.1086E-01  0.2723E-01  0.3200E+00
      2.490  0.9360E-02  0.2072E-01  0.2608E+00
      2.559  0.7532E-02  0.2306E-01  0.3044E+00
      2.628  0.1549E-01  0.3985E-01  0.5126E+00
      2.698  0.2506E-01  0.4861E-01  0.6669E+00
      2.767  0.1755E-01  0.3464E-01  0.4405E+00
      2.836  0.1777E-01  0.3392E-01  0.3560E+00
      2.906  0.1728E-01  0.4389E-01  0.4644E+00
      2.975  0.1900E-01  0.4057E-01  0.4601E+00
      3.044  0.2260E-01  0.5072E-01  0.5388E+00
      3.114  0.3056E-01  0.7144E-01  0.7684E+00
      3.183  0.2412E-01  0.6570E-01  0.5437E+00
      3.252  0.1624E-01  0.6260E-01  0.4149E+00
      3.322  0.1355E-01  0.4370E-01  0.2958E+00
      3.391  0.1158E-01  0.4020E-01  0.2707E+00
      3.460  0.1227E-01  0.3725E-01  0.2984E+00
      3.530  0.1646E-01  0.3286E-01  0.2072E+00
      3.599  0.1596E-01  0.4438E-01  0.2783E+00
      3.668  0.3201E-01  0.6966E-01  0.4094E+00
      3.738  0.1538E-01  0.3932E-01  0.2345E+00
      3.807  0.1861E-01  0.4248E-01  0.2217E+00
      3.876  0.2127E-01  0.3847E-01  0.2112E+00
      3.946  0.3022E-01  0.4472E-01  0.2545E+00
      4.015  0.4906E-01  0.6861E-01  0.4000E+00
      4.084  0.2122E-01  0.5219E-01  0.3028E+00
      4.154  0.1977E-01  0.4803E-01  0.2973E+00
      4.223  0.2058E-01  0.3461E-01  0.2855E+00
      4.292  0.1169E-01  0.3450E-01  0.2561E+00
      4.362  0.1640E-01  0.5737E-01  0.3403E+00
      4.431  0.1607E-01  0.5945E-01  0.3931E+00
      4.500  0.1260E-01  0.5687E-01  0.4333E+00
      4.570  0.1691E-01  0.4782E-01  0.4231E+00
      4.639  0.8539E-02  0.2108E-01  0.1834E+00
      4.708  0.1276E-01  0.3566E-01  0.2365E+00
      4.778  0.1782E-01  0.3619E-01  0.2201E+00
      4.847  0.9212E-02  0.2501E-01  0.1071E+00
      4.916  0.1188E-01  0.2163E-01  0.1220E+00
      4.986  0.2491E-01  0.3351E-01  0.1666E+00
      5.055  0.1400E-01  0.2509E-01  0.1510E+00
      5.124  0.2604E-01  0.6700E-01  0.3415E+00
      5.194  0.1826E-01  0.2422E-01  0.1473E+00
      5.263  0.1256E-01  0.2008E-01  0.1431E+00
      5.332  0.1210E-01  0.2720E-01  0.1908E+00
      5.402  0.1893E-01  0.3341E-01  0.1689E+00
      5.471  0.4654E-02  0.3354E-01  0.1578E+00
      5.540  0.1090E-01  0.3196E-01  0.1585E+00
      5.610  0.1456E-01  0.3268E-01  0.2327E+00
      5.679  0.1357E-01  0.3161E-01  0.2227E+00
      5.748  0.1450E-01  0.3265E-01  0.1829E+00
      5.818  0.9135E-02  0.1784E-01  0.1383E+00
      5.887  0.6450E-02  0.1628E-01  0.1037E+00
      5.956  0.1317E-01  0.2244E-01  0.1456E+00
      6.026  0.6830E-02  0.8369E-02  0.6262E-01
      6.095  0.6399E-02  0.6773E-02  0.4197E-01
      6.165  0.4394E-02  0.4240E-02  0.1690E-01
      6.234  0.5740E-02  0.5413E-02  0.2058E-01
      6.303  0.6710E-02  0.6186E-02  0.2174E-01
      6.373  0.7053E-02  0.6227E-02  0.1943E-01
      6.442  0.7938E-02  0.6674E-02  0.1910E-01
      6.511  0.4550E-02  0.4358E-02  0.1218E-01
      6.581  0.2749E-02  0.2373E-02  0.6333E-02
      6.650  0.1305E-02  0.1133E-02  0.2828E-02
      6.719  0.0000E+00  0.0000E+00  0.0000E+00
      6.789  0.0000E+00  0.0000E+00  0.0000E+00
      6.858  0.0000E+00  0.0000E+00  0.0000E+00
      6.927  0.0000E+00  0.0000E+00  0.0000E+00
      6.997  0.0000E+00  0.0000E+00  0.0000E+00
      7.066  0.0000E+00  0.0000E+00  0.0000E+00
      7.135  0.0000E+00  0.0000E+00  0.0000E+00
      7.205  0.0000E+00  0.0000E+00  0.0000E+00
      7.274  0.0000E+00  0.0000E+00  0.0000E+00
      7.343  0.0000E+00  0.0000E+00  0.0000E+00
      7.413  0.0000E+00  0.0000E+00  0.0000E+00
      7.482  0.0000E+00  0.0000E+00  0.0000E+00
      7.551  0.0000E+00  0.0000E+00  0.0000E+00
      7.621  0.0000E+00  0.0000E+00  0.0000E+00
      7.690  0.0000E+00  0.0000E+00  0.0000E+00
