    -13.112  0.0000E+00  0.0000E+00  0.0000E+00
    -13.042  0.0000E+00  0.0000E+00  0.0000E+00
    -12.973  0.0000E+00  0.0000E+00  0.0000E+00
    -12.904  0.0000E+00  0.0000E+00  0.0000E+00
    -12.834  0.0000E+00  0.0000E+00  0.0000E+00
    -12.765  0.0000E+00  0.0000E+00  0.0000E+00
    -12.696  0.0000E+00  0.0000E+00  0.0000E+00
    -12.626  0.0000E+00  0.0000E+00  0.0000E+00
    -12.557  0.0000E+00  0.0000E+00  0.0000E+00
    -12.488  0.0000E+00  0.0000E+00  0.0000E+00
    -12.418  0.0000E+00  0.0000E+00  0.0000E+00
    -12.349  0.0000E+00  0.0000E+00  0.0000E+00
    -12.280  0.0000E+00  0.0000E+00  0.0000E+00
    -12.210  0.0000E+00  0.0000E+00  0.0000E+00
    -12.141  0.0000E+00  0.0000E+00  0.0000E+00
    -12.072  0.1008E-01  0.5294E-03  0.1935E-03
    -12.002  0.1236E-01  0.8248E-03  0.2757E-03
    -11.933  0.1062E-01  0.9491E-03  0.2886E-03
    -11.864  0.9876E-02  0.1103E-02  0.3176E-03
    -11.794  0.1064E-01  0.1339E-02  0.3657E-03
    -11.725  0.1100E-01  0.1354E-02  0.3828E-03
    -11.656  0.1073E-01  0.1442E-02  0.4184E-03
    -11.586  0.1063E-01  0.1519E-02  0.4544E-03
    -11.517  0.5496E-01  0.2588E-02  0.1699E-02
    -11.448  0.2276E-01  0.2153E-02  0.8279E-03
    -11.378  0.4079E-01  0.3566E-02  0.1530E-02
    -11.309  0.5044E-01  0.7829E-02  0.2586E-02
    -11.240  0.6162E-01  0.9872E-02  0.3338E-02
    -11.170  0.3269E-01  0.3549E-02  0.1670E-02
    -11.101  0.4116E-01  0.5465E-02  0.2387E-02
    -11.032  0.4428E-01  0.7085E-02  0.2874E-02
    -10.962  0.4255E-01  0.7087E-02  0.3106E-02
    -10.893  0.4904E-01  0.8763E-02  0.3888E-02
    -10.823  0.4008E-01  0.1020E-01  0.4465E-02
    -10.754  0.3495E-01  0.1133E-01  0.3552E-02
    -10.685  0.5233E-01  0.2730E-01  0.7492E-02
    -10.615  0.1868E-01  0.1925E-01  0.5649E-02
    -10.546  0.1749E-01  0.2190E-01  0.6941E-02
    -10.477  0.3199E-01  0.2882E-01  0.9433E-02
    -10.407  0.6194E-01  0.4101E-01  0.1548E-01
    -10.338  0.7163E-01  0.6215E-01  0.2384E-01
    -10.269  0.3258E-01  0.3070E-01  0.1210E-01
    -10.199  0.6170E-01  0.4763E-01  0.2533E-01
    -10.130  0.3224E-01  0.4459E-01  0.1877E-01
    -10.061  0.2557E-01  0.5820E-01  0.3810E-01
     -9.991  0.3397E-01  0.6485E-01  0.2986E-01
     -9.922  0.2482E-01  0.5837E-01  0.2886E-01
     -9.853  0.1825E-01  0.4941E-01  0.2503E-01
     -9.783  0.1326E-01  0.3991E-01  0.1940E-01
     -9.714  0.7171E-02  0.1021E-01  0.1135E-01
     -9.645  0.5621E-02  0.8316E-02  0.1048E-01
     -9.575  0.6547E-02  0.6583E-02  0.1217E-01
     -9.506  0.4561E-02  0.6096E-02  0.1125E-01
     -9.437  0.3372E-02  0.7781E-02  0.1532E-01
     -9.367  0.1575E-02  0.4565E-02  0.9443E-02
     -9.298  0.0000E+00  0.0000E+00  0.0000E+00
     -9.229  0.6946E-02  0.3009E-03  0.2425E-02
     -9.159  0.1405E-01  0.1199E-02  0.5383E-02
     -9.090  0.1037E-01  0.2202E-02  0.4750E-02
     -9.021  0.1217E-01  0.3110E-02  0.5819E-02
     -8.951  0.1297E-01  0.5116E-02  0.7269E-02
     -8.882  0.1200E-01  0.8561E-02  0.8792E-02
     -8.813  0.1619E-01  0.2020E-01  0.1420E-01
     -8.743  0.4821E-02  0.8710E-02  0.5708E-02
     -8.674  0.3095E-02  0.6216E-02  0.4857E-02
     -8.605  0.8383E-02  0.6482E-02  0.8636E-02
     -8.535  0.6472E-02  0.5266E-02  0.6465E-02
     -8.466  0.4762E-02  0.4322E-02  0.4774E-02
     -8.397  0.3647E-01  0.2398E-01  0.2612E-01
     -8.327  0.3358E-01  0.2187E-01  0.2380E-01
     -8.258  0.3526E-01  0.2371E-01  0.2744E-01
     -8.189  0.4477E-01  0.3240E-01  0.3688E-01
     -8.119  0.4620E-01  0.3785E-01  0.4329E-01
     -8.050  0.5916E-01  0.4931E-01  0.5198E-01
     -7.981  0.6584E-01  0.4908E-01  0.6436E-01
     -7.911  0.4969E-01  0.5647E-01  0.8345E-01
     -7.842  0.2892E-01  0.4974E-01  0.6028E-01
     -7.773  0.6894E-01  0.7216E-01  0.7375E-01
     -7.703  0.2147E-01  0.3653E-01  0.4421E-01
     -7.634  0.8568E-01  0.8490E-01  0.7797E-01
     -7.565  0.3226E-01  0.4169E-01  0.5045E-01
     -7.495  0.2766E-01  0.4339E-01  0.4973E-01
     -7.426  0.2260E-01  0.6088E-01  0.6502E-01
     -7.357  0.1274E-01  0.1779E-01  0.2092E-01
     -7.287  0.1984E-01  0.2116E-01  0.3634E-01
     -7.218  0.2106E-01  0.1747E-01  0.4658E-01
     -7.149  0.1377E-01  0.1626E-01  0.3915E-01
     -7.079  0.9795E-02  0.1909E-01  0.2835E-01
     -7.010  0.7208E-02  0.1366E-01  0.1344E-01
     -6.941  0.0000E+00  0.0000E+00  0.0000E+00
     -6.871  0.0000E+00  0.0000E+00  0.0000E+00
     -6.802  0.0000E+00  0.0000E+00  0.0000E+00
     -6.732  0.0000E+00  0.0000E+00  0.0000E+00
     -6.663  0.0000E+00  0.0000E+00  0.0000E+00
     -6.594  0.0000E+00  0.0000E+00  0.0000E+00
     -6.524  0.0000E+00  0.0000E+00  0.0000E+00
     -6.455  0.0000E+00  0.0000E+00  0.0000E+00
     -6.386  0.0000E+00  0.0000E+00  0.0000E+00
     -6.316  0.0000E+00  0.0000E+00  0.0000E+00
     -6.247  0.0000E+00  0.0000E+00  0.0000E+00
     -6.178  0.0000E+00  0.0000E+00  0.0000E+00
     -6.108  0.0000E+00  0.0000E+00  0.0000E+00
     -6.039  0.0000E+00  0.0000E+00  0.0000E+00
     -5.970  0.0000E+00  0.0000E+00  0.0000E+00
     -5.900  0.0000E+00  0.0000E+00  0.0000E+00
     -5.831  0.0000E+00  0.0000E+00  0.0000E+00
     -5.762  0.0000E+00  0.0000E+00  0.0000E+00
     -5.692  0.0000E+00  0.0000E+00  0.0000E+00
     -5.623  0.0000E+00  0.0000E+00  0.0000E+00
     -5.554  0.0000E+00  0.0000E+00  0.0000E+00
     -5.484  0.0000E+00  0.0000E+00  0.0000E+00
     -5.415  0.0000E+00  0.0000E+00  0.0000E+00
     -5.346  0.0000E+00  0.0000E+00  0.0000E+00
     -5.276  0.0000E+00  0.0000E+00  0.0000E+00
     -5.207  0.0000E+00  0.0000E+00  0.0000E+00
     -5.138  0.0000E+00  0.0000E+00  0.0000E+00
     -5.068  0.8126E-02  0.1847E-02  0.9454E-02
     -4.999  0.1066E-01  0.2228E-02  0.7700E-02
     -4.930  0.1745E-01  0.3480E-02  0.9374E-02
     -4.860  0.6922E-01  0.8629E-02  0.2532E-01
     -4.791  0.8182E-01  0.1132E-01  0.2937E-01
     -4.722  0.8201E-01  0.1639E-01  0.2936E-01
     -4.652  0.9484E-01  0.2267E-01  0.3502E-01
     -4.583  0.2030E+00  0.5830E-01  0.9456E-01
     -4.514  0.1186E+00  0.3148E-01  0.6232E-01
     -4.444  0.2829E+00  0.4802E-01  0.1517E+00
     -4.375  0.7007E-01  0.3565E-01  0.4813E-01
     -4.306  0.6780E-01  0.5866E-01  0.1142E+00
     -4.236  0.7616E-01  0.6401E-01  0.1411E+00
     -4.167  0.4127E-01  0.2723E-01  0.6271E-01
     -4.098  0.1816E+00  0.1552E+00  0.3089E+00
     -4.028  0.2443E-01  0.1071E-01  0.1731E-01
     -3.959  0.7266E-01  0.4142E-01  0.7139E-01
     -3.890  0.1780E+00  0.8354E-01  0.2636E+00
     -3.820  0.5167E-01  0.2574E-01  0.8113E-01
     -3.751  0.2512E+00  0.1047E+00  0.3739E+00
     -3.682  0.7062E-01  0.4478E-01  0.1410E+00
     -3.612  0.9800E-01  0.6059E-01  0.2038E+00
     -3.543  0.7487E-01  0.6400E-01  0.2263E+00
     -3.474  0.9378E-01  0.6565E-01  0.3327E+00
     -3.404  0.2112E-01  0.5905E-01  0.8634E-01
     -3.335  0.1346E-01  0.1503E-01  0.4031E-01
     -3.266  0.8015E-01  0.5573E-01  0.2865E+00
     -3.196  0.1102E+00  0.6904E-01  0.3016E+00
     -3.127  0.8225E-01  0.6481E-01  0.2510E+00
     -3.058  0.4880E-01  0.2620E-01  0.1180E+00
     -2.988  0.6715E-01  0.3655E-01  0.3492E+00
     -2.919  0.7349E-01  0.3256E-01  0.2050E+00
     -2.850  0.5141E-01  0.6824E-01  0.3254E+00
     -2.780  0.6088E-01  0.5009E-01  0.3475E+00
     -2.711  0.7668E-01  0.3825E-01  0.6222E+00
     -2.642  0.1022E+00  0.7818E-01  0.5616E+00
     -2.572  0.6907E-01  0.6240E-01  0.4585E+00
     -2.503  0.5636E-01  0.8199E-01  0.5784E+00
     -2.433  0.6040E-01  0.7591E-01  0.6203E+00
     -2.364  0.7986E-01  0.1027E+00  0.1003E+01
     -2.295  0.4791E-01  0.5876E-01  0.5030E+00
     -2.225  0.8137E-01  0.5373E-01  0.7224E+00
     -2.156  0.2460E-01  0.2205E-01  0.2689E+00
     -2.087  0.1200E+00  0.1307E+00  0.1070E+01
     -2.017  0.6282E-01  0.1315E+00  0.1277E+01
     -1.948  0.5068E-01  0.9248E-01  0.1032E+01
     -1.879  0.4350E-01  0.7815E-01  0.8512E+00
     -1.809  0.3237E-01  0.9615E-01  0.1105E+01
     -1.740  0.1791E-01  0.9792E-01  0.8058E+00
     -1.671  0.4101E-01  0.1009E+00  0.1235E+01
     -1.601  0.8251E-01  0.1454E+00  0.1750E+01
     -1.532  0.4968E-01  0.9334E-01  0.8914E+00
     -1.463  0.3327E-01  0.1495E+00  0.1257E+01
     -1.393  0.2532E-01  0.1378E+00  0.7704E+00
     -1.324  0.3350E-01  0.1271E+00  0.1165E+01
     -1.255  0.1766E-01  0.6765E-01  0.6192E+00
     -1.185  0.1525E-01  0.7092E-01  0.5826E+00
     -1.116  0.2600E-01  0.8466E-01  0.7476E+00
     -1.047  0.9118E-02  0.4507E-01  0.3809E+00
     -0.977  0.2067E-01  0.7018E-01  0.1063E+01
     -0.908  0.2984E-01  0.1342E+00  0.2057E+01
     -0.839  0.2586E-01  0.1287E+00  0.2148E+01
     -0.769  0.3229E-01  0.1094E+00  0.2039E+01
     -0.700  0.2046E-01  0.1795E+00  0.2447E+01
     -0.631  0.3425E-01  0.1302E+00  0.2475E+01
     -0.561  0.2865E-01  0.7823E-01  0.1575E+01
     -0.492  0.7162E-02  0.2078E-01  0.7360E+00
     -0.423  0.1459E-01  0.8022E-01  0.1984E+01
     -0.353  0.1929E-01  0.4095E-01  0.1945E+01
     -0.284  0.4499E-01  0.6772E-01  0.3530E+01
     -0.215  0.1764E-01  0.1211E+00  0.3399E+01
     -0.145  0.1215E-01  0.5754E-01  0.3024E+01
     -0.076  0.8568E-02  0.6004E-01  0.2956E+01
     -0.007  0.1353E-01  0.5661E-01  0.3372E+01
      0.063  0.6090E-02  0.3531E-01  0.2346E+01
      0.132  0.2597E-01  0.9375E-01  0.5572E+01
      0.201  0.2021E-01  0.7309E-01  0.4703E+01
      0.271  0.8297E-02  0.3199E-01  0.1771E+01
      0.340  0.1357E-01  0.9137E-01  0.5493E+01
      0.409  0.3334E-02  0.3334E-01  0.1844E+01
      0.479  0.2581E-01  0.8643E-01  0.4158E+01
      0.548  0.7333E-02  0.3244E-01  0.2533E+01
      0.617  0.7921E-02  0.5012E-01  0.1754E+01
      0.687  0.1646E-01  0.6291E-01  0.2900E+01
      0.756  0.2392E-01  0.6617E-01  0.2586E+01
      0.825  0.3300E-01  0.4661E-01  0.1433E+01
      0.895  0.4667E-01  0.7089E-01  0.2219E+01
      0.964  0.6002E-01  0.6562E-01  0.2272E+01
      1.033  0.5357E-01  0.9822E-01  0.2661E+01
      1.103  0.1227E-01  0.4729E-01  0.6007E+00
      1.172  0.2002E-01  0.4715E-01  0.1268E+01
      1.241  0.1003E-01  0.3644E-01  0.6891E+00
      1.311  0.5845E-02  0.3942E-01  0.4228E+00
      1.380  0.2702E-01  0.6928E-01  0.9244E+00
      1.449  0.1863E-01  0.5454E-01  0.1034E+01
      1.519  0.1235E-01  0.5904E-01  0.5680E+00
      1.588  0.2097E-01  0.6193E-01  0.6872E+00
      1.657  0.2433E-01  0.1290E+00  0.1534E+01
      1.727  0.3035E-01  0.9855E-01  0.1210E+01
      1.796  0.2539E-01  0.1296E+00  0.1299E+01
      1.866  0.9424E-02  0.1003E+00  0.6766E+00
      1.935  0.4093E-02  0.4783E-01  0.3681E+00
      2.004  0.6276E-02  0.3784E-01  0.2824E+00
      2.074  0.2186E-01  0.8629E-01  0.5911E+00
      2.143  0.1207E-01  0.7843E-01  0.7069E+00
      2.212  0.8757E-02  0.4730E-01  0.3544E+00
      2.282  0.7494E-02  0.4461E-01  0.2713E+00
      2.351  0.1458E-01  0.6290E-01  0.4927E+00
      2.420  0.9871E-02  0.2953E-01  0.3399E+00
      2.490  0.7759E-02  0.2145E-01  0.2763E+00
      2.559  0.7714E-02  0.2430E-01  0.2922E+00
      2.628  0.1742E-01  0.3911E-01  0.5263E+00
      2.698  0.2532E-01  0.4848E-01  0.6739E+00
      2.767  0.1694E-01  0.3496E-01  0.4568E+00
      2.836  0.1692E-01  0.3427E-01  0.3584E+00
      2.906  0.1748E-01  0.4207E-01  0.4607E+00
      2.975  0.1746E-01  0.3860E-01  0.4693E+00
      3.044  0.2330E-01  0.5176E-01  0.5259E+00
      3.114  0.3874E-01  0.6767E-01  0.7604E+00
      3.183  0.1756E-01  0.6833E-01  0.5393E+00
      3.252  0.1934E-01  0.5857E-01  0.4210E+00
      3.322  0.1397E-01  0.4486E-01  0.3160E+00
      3.391  0.1259E-01  0.4018E-01  0.2887E+00
      3.460  0.1298E-01  0.3621E-01  0.2818E+00
      3.530  0.1635E-01  0.3399E-01  0.2116E+00
      3.599  0.1647E-01  0.4382E-01  0.2745E+00
      3.668  0.2835E-01  0.6891E-01  0.4074E+00
      3.738  0.1689E-01  0.3934E-01  0.2344E+00
      3.807  0.1885E-01  0.4151E-01  0.2238E+00
      3.876  0.2022E-01  0.3761E-01  0.2064E+00
      3.946  0.3137E-01  0.4651E-01  0.2550E+00
      4.015  0.4417E-01  0.8163E-01  0.4095E+00
      4.084  0.2472E-01  0.4972E-01  0.3008E+00
      4.154  0.1862E-01  0.4596E-01  0.2769E+00
      4.223  0.1927E-01  0.4482E-01  0.2839E+00
      4.292  0.1295E-01  0.3282E-01  0.2487E+00
      4.362  0.1508E-01  0.6152E-01  0.3483E+00
      4.431  0.1585E-01  0.5405E-01  0.4159E+00
      4.500  0.1228E-01  0.5622E-01  0.4212E+00
      4.570  0.1653E-01  0.4617E-01  0.4268E+00
      4.639  0.7557E-02  0.2048E-01  0.2005E+00
      4.708  0.1516E-01  0.3435E-01  0.2209E+00
      4.778  0.1790E-01  0.4744E-01  0.2214E+00
      4.847  0.8576E-02  0.2318E-01  0.1160E+00
      4.916  0.9543E-02  0.2159E-01  0.1268E+00
      4.986  0.1865E-01  0.2646E-01  0.1692E+00
      5.055  0.1331E-01  0.2636E-01  0.1516E+00
      5.124  0.3357E-01  0.6531E-01  0.3465E+00
      5.194  0.1455E-01  0.2730E-01  0.1428E+00
      5.263  0.1159E-01  0.2109E-01  0.1476E+00
      5.332  0.1448E-01  0.3192E-01  0.2077E+00
      5.402  0.1874E-01  0.3028E-01  0.1496E+00
      5.471  0.5988E-02  0.3760E-01  0.1599E+00
      5.540  0.1143E-01  0.3456E-01  0.1670E+00
      5.610  0.1213E-01  0.2795E-01  0.1939E+00
      5.679  0.1530E-01  0.3579E-01  0.2499E+00
      5.748  0.1007E-01  0.2724E-01  0.2028E+00
      5.818  0.7837E-02  0.1670E-01  0.1422E+00
      5.887  0.8130E-02  0.1458E-01  0.1223E+00
      5.956  0.1094E-01  0.1882E-01  0.1502E+00
      6.026  0.4562E-02  0.1013E-01  0.6065E-01
      6.095  0.4608E-02  0.8374E-02  0.3391E-01
      6.165  0.3626E-02  0.4735E-02  0.1388E-01
      6.234  0.4574E-02  0.5922E-02  0.1784E-01
      6.303  0.5080E-02  0.6556E-02  0.2008E-01
      6.373  0.5283E-02  0.6241E-02  0.1909E-01
      6.442  0.6355E-02  0.6078E-02  0.2005E-01
      6.511  0.4512E-02  0.3905E-02  0.1282E-01
      6.581  0.2293E-02  0.2245E-02  0.6505E-02
      6.650  0.1020E-02  0.1090E-02  0.3131E-02
      6.719  0.0000E+00  0.0000E+00  0.0000E+00
      6.789  0.0000E+00  0.0000E+00  0.0000E+00
      6.858  0.0000E+00  0.0000E+00  0.0000E+00
      6.927  0.0000E+00  0.0000E+00  0.0000E+00
      6.997  0.0000E+00  0.0000E+00  0.0000E+00
      7.066  0.0000E+00  0.0000E+00  0.0000E+00
      7.135  0.0000E+00  0.0000E+00  0.0000E+00
      7.205  0.0000E+00  0.0000E+00  0.0000E+00
      7.274  0.0000E+00  0.0000E+00  0.0000E+00
      7.343  0.0000E+00  0.0000E+00  0.0000E+00
      7.413  0.0000E+00  0.0000E+00  0.0000E+00
      7.482  0.0000E+00  0.0000E+00  0.0000E+00
      7.551  0.0000E+00  0.0000E+00  0.0000E+00
      7.621  0.0000E+00  0.0000E+00  0.0000E+00
      7.690  0.0000E+00  0.0000E+00  0.0000E+00
