    -13.112  0.0000E+00  0.0000E+00  0.0000E+00
    -13.042  0.0000E+00  0.0000E+00  0.0000E+00
    -12.973  0.0000E+00  0.0000E+00  0.0000E+00
    -12.904  0.0000E+00  0.0000E+00  0.0000E+00
    -12.834  0.0000E+00  0.0000E+00  0.0000E+00
    -12.765  0.0000E+00  0.0000E+00  0.0000E+00
    -12.696  0.0000E+00  0.0000E+00  0.0000E+00
    -12.626  0.0000E+00  0.0000E+00  0.0000E+00
    -12.557  0.0000E+00  0.0000E+00  0.0000E+00
    -12.488  0.0000E+00  0.0000E+00  0.0000E+00
    -12.418  0.0000E+00  0.0000E+00  0.0000E+00
    -12.349  0.0000E+00  0.0000E+00  0.0000E+00
    -12.280  0.0000E+00  0.0000E+00  0.0000E+00
    -12.210  0.0000E+00  0.0000E+00  0.0000E+00
    -12.141  0.0000E+00  0.0000E+00  0.0000E+00
    -12.072  0.1754E-01  0.3175E-03  0.2336E-03
    -12.002  0.2169E-01  0.6569E-03  0.3178E-03
    -11.933  0.1985E-01  0.8995E-03  0.3359E-03
    -11.864  0.2053E-01  0.1116E-02  0.3840E-03
    -11.794  0.2195E-01  0.1441E-02  0.4577E-03
    -11.725  0.1630E-01  0.1868E-02  0.4382E-03
    -11.656  0.1549E-01  0.2261E-02  0.4965E-03
    -11.586  0.1518E-01  0.2642E-02  0.5580E-03
    -11.517  0.3819E-01  0.7451E-02  0.1708E-02
    -11.448  0.1828E-01  0.4615E-02  0.1008E-02
    -11.378  0.2857E-01  0.7396E-02  0.1740E-02
    -11.309  0.5314E-01  0.9039E-02  0.2624E-02
    -11.240  0.6061E-01  0.1056E-01  0.3245E-02
    -11.170  0.1964E-01  0.5425E-02  0.1701E-02
    -11.101  0.3051E-01  0.7854E-02  0.2526E-02
    -11.032  0.3027E-01  0.9798E-02  0.3241E-02
    -10.962  0.2476E-01  0.1008E-01  0.3381E-02
    -10.893  0.3096E-01  0.1283E-01  0.4459E-02
    -10.823  0.3369E-01  0.1294E-01  0.4577E-02
    -10.754  0.2852E-01  0.1438E-01  0.5508E-02
    -10.685  0.7763E-01  0.1708E-01  0.9227E-02
    -10.615  0.5162E-01  0.1023E-01  0.5742E-02
    -10.546  0.5391E-01  0.1220E-01  0.6023E-02
    -10.477  0.6191E-01  0.1637E-01  0.9236E-02
    -10.407  0.5953E-01  0.3350E-01  0.1380E-01
    -10.338  0.6925E-01  0.5624E-01  0.2402E-01
    -10.269  0.3276E-01  0.2589E-01  0.1139E-01
    -10.199  0.3790E-01  0.5124E-01  0.2189E-01
    -10.130  0.2652E-01  0.3969E-01  0.1651E-01
    -10.061  0.9210E-01  0.4289E-01  0.2237E-01
     -9.991  0.3335E-01  0.4647E-01  0.2277E-01
     -9.922  0.2378E-01  0.4514E-01  0.2276E-01
     -9.853  0.1785E-01  0.3698E-01  0.1824E-01
     -9.783  0.1157E-01  0.2692E-01  0.1311E-01
     -9.714  0.7589E-02  0.1024E-01  0.4328E-02
     -9.645  0.5970E-02  0.9530E-02  0.3912E-02
     -9.575  0.5164E-02  0.9973E-02  0.3768E-02
     -9.506  0.3680E-02  0.9743E-02  0.3751E-02
     -9.437  0.2444E-02  0.1401E-01  0.5302E-02
     -9.367  0.9904E-03  0.8674E-02  0.3210E-02
     -9.298  0.0000E+00  0.0000E+00  0.0000E+00
     -9.229  0.3728E-03  0.9861E-02  0.1077E-02
     -9.159  0.8926E-03  0.2165E-01  0.3052E-02
     -9.090  0.1197E-02  0.2191E-01  0.4549E-02
     -9.021  0.1618E-02  0.2201E-01  0.6057E-02
     -8.951  0.5590E-02  0.2881E-01  0.9671E-02
     -8.882  0.1183E-01  0.3900E-01  0.1570E-01
     -8.813  0.3710E-01  0.7148E-01  0.3769E-01
     -8.743  0.2044E-01  0.3186E-01  0.1748E-01
     -8.674  0.1565E-01  0.1390E-01  0.2077E-01
     -8.605  0.2068E-01  0.1667E-01  0.3493E-01
     -8.535  0.1596E-01  0.1371E-01  0.2803E-01
     -8.466  0.1245E-01  0.1054E-01  0.2426E-01
     -8.397  0.5874E-01  0.2872E-01  0.4105E-01
     -8.327  0.4133E-01  0.2497E-01  0.3939E-01
     -8.258  0.4378E-01  0.2709E-01  0.4116E-01
     -8.189  0.4811E-01  0.3497E-01  0.5256E-01
     -8.119  0.4633E-01  0.3928E-01  0.6741E-01
     -8.050  0.5617E-01  0.4658E-01  0.7355E-01
     -7.981  0.4734E-01  0.4821E-01  0.7082E-01
     -7.911  0.4231E-01  0.4476E-01  0.9273E-01
     -7.842  0.2365E-01  0.3174E-01  0.6886E-01
     -7.773  0.3730E-01  0.4300E-01  0.7647E-01
     -7.703  0.1664E-01  0.2605E-01  0.4096E-01
     -7.634  0.6289E-01  0.5575E-01  0.8133E-01
     -7.565  0.1531E-01  0.3847E-01  0.2884E-01
     -7.495  0.1303E-01  0.3012E-01  0.2881E-01
     -7.426  0.1098E-01  0.5352E-01  0.4801E-01
     -7.357  0.5313E-02  0.1178E-01  0.9834E-02
     -7.287  0.7840E-02  0.1694E-01  0.1992E-01
     -7.218  0.8190E-02  0.1008E-01  0.1593E-01
     -7.149  0.4567E-02  0.8750E-02  0.1532E-01
     -7.079  0.1844E-02  0.7739E-02  0.1423E-01
     -7.010  0.5521E-03  0.3311E-02  0.4977E-02
     -6.941  0.0000E+00  0.0000E+00  0.0000E+00
     -6.871  0.0000E+00  0.0000E+00  0.0000E+00
     -6.802  0.0000E+00  0.0000E+00  0.0000E+00
     -6.732  0.0000E+00  0.0000E+00  0.0000E+00
     -6.663  0.0000E+00  0.0000E+00  0.0000E+00
     -6.594  0.0000E+00  0.0000E+00  0.0000E+00
     -6.524  0.0000E+00  0.0000E+00  0.0000E+00
     -6.455  0.0000E+00  0.0000E+00  0.0000E+00
     -6.386  0.0000E+00  0.0000E+00  0.0000E+00
     -6.316  0.0000E+00  0.0000E+00  0.0000E+00
     -6.247  0.0000E+00  0.0000E+00  0.0000E+00
     -6.178  0.0000E+00  0.0000E+00  0.0000E+00
     -6.108  0.0000E+00  0.0000E+00  0.0000E+00
     -6.039  0.0000E+00  0.0000E+00  0.0000E+00
     -5.970  0.0000E+00  0.0000E+00  0.0000E+00
     -5.900  0.0000E+00  0.0000E+00  0.0000E+00
     -5.831  0.0000E+00  0.0000E+00  0.0000E+00
     -5.762  0.0000E+00  0.0000E+00  0.0000E+00
     -5.692  0.0000E+00  0.0000E+00  0.0000E+00
     -5.623  0.0000E+00  0.0000E+00  0.0000E+00
     -5.554  0.0000E+00  0.0000E+00  0.0000E+00
     -5.484  0.0000E+00  0.0000E+00  0.0000E+00
     -5.415  0.0000E+00  0.0000E+00  0.0000E+00
     -5.346  0.0000E+00  0.0000E+00  0.0000E+00
     -5.276  0.0000E+00  0.0000E+00  0.0000E+00
     -5.207  0.0000E+00  0.0000E+00  0.0000E+00
     -5.138  0.0000E+00  0.0000E+00  0.0000E+00
     -5.068  0.1943E-01  0.5925E-02  0.1771E-01
     -4.999  0.1805E-01  0.6350E-02  0.1238E-01
     -4.930  0.2313E-01  0.7537E-02  0.1237E-01
     -4.860  0.6728E-01  0.1008E-01  0.2681E-01
     -4.791  0.7993E-01  0.1193E-01  0.3268E-01
     -4.722  0.8779E-01  0.1674E-01  0.3741E-01
     -4.652  0.1077E+00  0.2234E-01  0.4729E-01
     -4.583  0.2207E+00  0.6999E-01  0.1188E+00
     -4.514  0.1155E+00  0.4248E-01  0.6528E-01
     -4.444  0.3228E+00  0.5394E-01  0.1644E+00
     -4.375  0.1477E+00  0.4804E-01  0.6686E-01
     -4.306  0.1305E+00  0.6879E-01  0.1517E+00
     -4.236  0.1482E+00  0.6273E-01  0.1751E+00
     -4.167  0.6065E-01  0.3230E-01  0.8295E-01
     -4.098  0.2266E+00  0.1700E+00  0.4571E+00
     -4.028  0.1849E-01  0.1080E-01  0.1519E-01
     -3.959  0.6508E-01  0.3370E-01  0.1139E+00
     -3.890  0.1426E+00  0.8534E-01  0.2859E+00
     -3.820  0.4133E-01  0.2201E-01  0.8552E-01
     -3.751  0.1520E+00  0.1045E+00  0.3368E+00
     -3.682  0.5741E-01  0.3736E-01  0.1528E+00
     -3.612  0.9192E-01  0.5588E-01  0.2357E+00
     -3.543  0.7502E-01  0.5306E-01  0.1931E+00
     -3.474  0.9237E-01  0.7912E-01  0.3280E+00
     -3.404  0.3485E-01  0.4361E-01  0.1761E+00
     -3.335  0.8112E-02  0.9954E-02  0.3961E-01
     -3.266  0.4384E-01  0.5875E-01  0.2641E+00
     -3.196  0.6592E-01  0.5847E-01  0.3509E+00
     -3.127  0.6964E-01  0.5627E-01  0.3050E+00
     -3.058  0.2292E-01  0.3164E-01  0.1509E+00
     -2.988  0.5809E-01  0.5214E-01  0.2758E+00
     -2.919  0.3493E-01  0.4892E-01  0.2278E+00
     -2.850  0.6533E-01  0.7266E-01  0.3670E+00
     -2.780  0.5016E-01  0.5895E-01  0.2950E+00
     -2.711  0.5184E-01  0.6014E-01  0.2960E+00
     -2.642  0.9695E-01  0.7710E-01  0.3327E+00
     -2.572  0.5343E-01  0.5659E-01  0.3320E+00
     -2.503  0.7652E-01  0.5783E-01  0.4048E+00
     -2.433  0.6299E-01  0.4868E-01  0.5771E+00
     -2.364  0.9711E-01  0.1007E+00  0.8320E+00
     -2.295  0.4506E-01  0.5716E-01  0.5048E+00
     -2.225  0.7984E-01  0.6349E-01  0.8232E+00
     -2.156  0.2014E-01  0.2755E-01  0.3246E+00
     -2.087  0.8230E-01  0.1208E+00  0.1232E+01
     -2.017  0.6214E-01  0.1377E+00  0.1817E+01
     -1.948  0.6089E-01  0.9241E-01  0.9651E+00
     -1.879  0.5093E-01  0.7543E-01  0.7825E+00
     -1.809  0.3390E-01  0.1449E+00  0.1030E+01
     -1.740  0.3190E-01  0.7381E-01  0.1140E+01
     -1.671  0.2600E-01  0.1061E+00  0.1093E+01
     -1.601  0.6851E-01  0.1727E+00  0.1373E+01
     -1.532  0.2482E-01  0.1123E+00  0.8640E+00
     -1.463  0.8102E-01  0.2061E+00  0.1851E+01
     -1.393  0.3815E-01  0.1099E+00  0.1326E+01
     -1.324  0.3766E-01  0.1134E+00  0.1534E+01
     -1.255  0.1685E-01  0.6397E-01  0.6759E+00
     -1.185  0.2524E-01  0.8221E-01  0.8581E+00
     -1.116  0.2009E-01  0.1017E+00  0.1225E+01
     -1.047  0.7426E-02  0.5893E-01  0.4141E+00
     -0.977  0.1856E-01  0.7283E-01  0.1508E+01
     -0.908  0.2066E-01  0.1810E+00  0.3002E+01
     -0.839  0.2203E-01  0.1285E+00  0.1803E+01
     -0.769  0.2437E-01  0.1254E+00  0.1380E+01
     -0.700  0.1645E-01  0.1550E+00  0.1568E+01
     -0.631  0.1347E-01  0.1287E+00  0.2636E+01
     -0.561  0.1040E-01  0.8414E-01  0.1830E+01
     -0.492  0.5271E-02  0.2220E-01  0.7265E+00
     -0.423  0.2069E-01  0.8295E-01  0.2331E+01
     -0.353  0.1805E-01  0.6280E-01  0.1619E+01
     -0.284  0.1690E-01  0.6473E-01  0.2644E+01
     -0.215  0.2058E-01  0.7193E-01  0.2930E+01
     -0.145  0.2077E-01  0.3614E-01  0.2408E+01
     -0.076  0.2471E-01  0.4771E-01  0.2754E+01
     -0.007  0.2054E-01  0.4697E-01  0.3789E+01
      0.063  0.8315E-02  0.3296E-01  0.1774E+01
      0.132  0.3845E-01  0.6279E-01  0.6716E+01
      0.201  0.2367E-01  0.9201E-01  0.5877E+01
      0.271  0.7098E-02  0.3265E-01  0.1795E+01
      0.340  0.2006E-01  0.8825E-01  0.4585E+01
      0.409  0.4157E-02  0.2043E-01  0.1079E+01
      0.479  0.1350E-01  0.6210E-01  0.3806E+01
      0.548  0.1456E-01  0.3690E-01  0.2028E+01
      0.617  0.1320E-01  0.3250E-01  0.1988E+01
      0.687  0.2844E-01  0.5972E-01  0.2949E+01
      0.756  0.3037E-01  0.7083E-01  0.3297E+01
      0.825  0.1509E-01  0.5105E-01  0.1869E+01
      0.895  0.1190E-01  0.6637E-01  0.2761E+01
      0.964  0.1673E-01  0.7964E-01  0.1662E+01
      1.033  0.2122E-01  0.1287E+00  0.2209E+01
      1.103  0.8322E-02  0.5538E-01  0.9889E+00
      1.172  0.4079E-01  0.1073E+00  0.1709E+01
      1.241  0.1752E-01  0.5179E-01  0.6977E+00
      1.311  0.1409E-01  0.2786E-01  0.4877E+00
      1.380  0.1805E-01  0.7716E-01  0.1211E+01
      1.449  0.1493E-01  0.5888E-01  0.8743E+00
      1.519  0.6263E-02  0.4554E-01  0.7473E+00
      1.588  0.1734E-01  0.5161E-01  0.5896E+00
      1.657  0.3722E-01  0.8174E-01  0.1162E+01
      1.727  0.2768E-01  0.6851E-01  0.9174E+00
      1.796  0.3430E-01  0.1083E+00  0.8678E+00
      1.866  0.1692E-01  0.7748E-01  0.5095E+00
      1.935  0.1282E-01  0.2506E-01  0.4636E+00
      2.004  0.8754E-02  0.3570E-01  0.3429E+00
      2.074  0.1215E-01  0.7542E-01  0.7119E+00
      2.143  0.9862E-02  0.6314E-01  0.6309E+00
      2.212  0.6006E-02  0.4861E-01  0.3488E+00
      2.282  0.4915E-02  0.3164E-01  0.3011E+00
      2.351  0.1153E-01  0.5060E-01  0.4137E+00
      2.420  0.1077E-01  0.3091E-01  0.2777E+00
      2.490  0.7235E-02  0.2781E-01  0.2535E+00
      2.559  0.1144E-01  0.2756E-01  0.2671E+00
      2.628  0.2290E-01  0.4020E-01  0.3585E+00
      2.698  0.3188E-01  0.6317E-01  0.5839E+00
      2.767  0.2487E-01  0.4211E-01  0.4417E+00
      2.836  0.1575E-01  0.3385E-01  0.3362E+00
      2.906  0.1238E-01  0.3871E-01  0.4399E+00
      2.975  0.1534E-01  0.4283E-01  0.4603E+00
      3.044  0.1877E-01  0.5751E-01  0.5413E+00
      3.114  0.2933E-01  0.7237E-01  0.7763E+00
      3.183  0.2035E-01  0.6542E-01  0.6114E+00
      3.252  0.1217E-01  0.5601E-01  0.4544E+00
      3.322  0.1483E-01  0.5054E-01  0.3514E+00
      3.391  0.1726E-01  0.4223E-01  0.3225E+00
      3.460  0.1106E-01  0.3536E-01  0.3927E+00
      3.530  0.9514E-02  0.3191E-01  0.3303E+00
      3.599  0.1104E-01  0.3929E-01  0.3536E+00
      3.668  0.1677E-01  0.5873E-01  0.5075E+00
      3.738  0.6500E-02  0.3316E-01  0.3152E+00
      3.807  0.7922E-02  0.3889E-01  0.3171E+00
      3.876  0.1026E-01  0.4089E-01  0.2914E+00
      3.946  0.1581E-01  0.4234E-01  0.3742E+00
      4.015  0.2962E-01  0.5912E-01  0.4654E+00
      4.084  0.2616E-01  0.4549E-01  0.3593E+00
      4.154  0.1189E-01  0.4419E-01  0.3859E+00
      4.223  0.1412E-01  0.3184E-01  0.3043E+00
      4.292  0.1442E-01  0.3143E-01  0.2639E+00
      4.362  0.2301E-01  0.3685E-01  0.3422E+00
      4.431  0.2477E-01  0.4321E-01  0.3485E+00
      4.500  0.2483E-01  0.3846E-01  0.3574E+00
      4.570  0.6557E-01  0.3424E-01  0.4666E+00
      4.639  0.1405E-01  0.2101E-01  0.1545E+00
      4.708  0.1552E-01  0.2821E-01  0.2082E+00
      4.778  0.1864E-01  0.2840E-01  0.2397E+00
      4.847  0.1193E-01  0.1724E-01  0.1033E+00
      4.916  0.1204E-01  0.1762E-01  0.1283E+00
      4.986  0.1454E-01  0.2603E-01  0.2218E+00
      5.055  0.1487E-01  0.2718E-01  0.1858E+00
      5.124  0.2906E-01  0.5555E-01  0.3606E+00
      5.194  0.1245E-01  0.2617E-01  0.1424E+00
      5.263  0.1018E-01  0.1744E-01  0.1047E+00
      5.332  0.1435E-01  0.2285E-01  0.1349E+00
      5.402  0.1194E-01  0.2673E-01  0.1513E+00
      5.471  0.8575E-02  0.1799E-01  0.1307E+00
      5.540  0.1045E-01  0.2250E-01  0.1530E+00
      5.610  0.1293E-01  0.2073E-01  0.1486E+00
      5.679  0.1553E-01  0.2777E-01  0.1772E+00
      5.748  0.1105E-01  0.1952E-01  0.1268E+00
      5.818  0.8663E-02  0.2308E-01  0.1154E+00
      5.887  0.1146E-01  0.1695E-01  0.9544E-01
      5.956  0.1710E-01  0.1779E-01  0.1144E+00
      6.026  0.7288E-02  0.7995E-02  0.4336E-01
      6.095  0.6114E-02  0.5343E-02  0.2954E-01
      6.165  0.5377E-02  0.3791E-02  0.1328E-01
      6.234  0.8187E-02  0.4912E-02  0.1833E-01
      6.303  0.1037E-01  0.5662E-02  0.2117E-01
      6.373  0.1159E-01  0.5511E-02  0.2089E-01
      6.442  0.1199E-01  0.5147E-02  0.2143E-01
      6.511  0.4804E-02  0.2964E-02  0.1295E-01
      6.581  0.1773E-02  0.1526E-02  0.7433E-02
      6.650  0.7792E-03  0.6649E-03  0.3473E-02
      6.719  0.0000E+00  0.0000E+00  0.0000E+00
      6.789  0.0000E+00  0.0000E+00  0.0000E+00
      6.858  0.0000E+00  0.0000E+00  0.0000E+00
      6.927  0.0000E+00  0.0000E+00  0.0000E+00
      6.997  0.0000E+00  0.0000E+00  0.0000E+00
      7.066  0.0000E+00  0.0000E+00  0.0000E+00
      7.135  0.0000E+00  0.0000E+00  0.0000E+00
      7.205  0.0000E+00  0.0000E+00  0.0000E+00
      7.274  0.0000E+00  0.0000E+00  0.0000E+00
      7.343  0.0000E+00  0.0000E+00  0.0000E+00
      7.413  0.0000E+00  0.0000E+00  0.0000E+00
      7.482  0.0000E+00  0.0000E+00  0.0000E+00
      7.551  0.0000E+00  0.0000E+00  0.0000E+00
      7.621  0.0000E+00  0.0000E+00  0.0000E+00
      7.690  0.0000E+00  0.0000E+00  0.0000E+00
