    -13.112  0.0000E+00  0.0000E+00  0.0000E+00
    -13.042  0.0000E+00  0.0000E+00  0.0000E+00
    -12.973  0.0000E+00  0.0000E+00  0.0000E+00
    -12.904  0.0000E+00  0.0000E+00  0.0000E+00
    -12.834  0.0000E+00  0.0000E+00  0.0000E+00
    -12.765  0.0000E+00  0.0000E+00  0.0000E+00
    -12.696  0.0000E+00  0.0000E+00  0.0000E+00
    -12.626  0.0000E+00  0.0000E+00  0.0000E+00
    -12.557  0.0000E+00  0.0000E+00  0.0000E+00
    -12.488  0.0000E+00  0.0000E+00  0.0000E+00
    -12.418  0.0000E+00  0.0000E+00  0.0000E+00
    -12.349  0.0000E+00  0.0000E+00  0.0000E+00
    -12.280  0.0000E+00  0.0000E+00  0.0000E+00
    -12.210  0.0000E+00  0.0000E+00  0.0000E+00
    -12.141  0.0000E+00  0.0000E+00  0.0000E+00
    -12.072  0.2697E-02  0.1598E-03  0.5558E-04
    -12.002  0.3302E-02  0.2389E-03  0.7404E-04
    -11.933  0.2979E-02  0.2616E-03  0.7659E-04
    -11.864  0.3044E-02  0.2946E-03  0.8685E-04
    -11.794  0.3229E-02  0.3477E-03  0.1011E-03
    -11.725  0.2368E-02  0.3737E-03  0.8826E-04
    -11.656  0.2215E-02  0.4168E-03  0.9649E-04
    -11.586  0.2148E-02  0.4606E-03  0.1055E-03
    -11.517  0.4148E-01  0.1532E-02  0.1440E-02
    -11.448  0.1424E-01  0.1222E-02  0.5611E-03
    -11.378  0.3197E-01  0.2365E-02  0.1364E-02
    -11.309  0.4655E-01  0.3939E-02  0.2055E-02
    -11.240  0.5299E-01  0.5517E-02  0.2277E-02
    -11.170  0.2353E-01  0.2761E-02  0.1179E-02
    -11.101  0.3176E-01  0.4657E-02  0.1719E-02
    -11.032  0.3032E-01  0.6159E-02  0.2080E-02
    -10.962  0.2357E-01  0.7387E-02  0.2097E-02
    -10.893  0.2623E-01  0.9208E-02  0.2660E-02
    -10.823  0.3046E-01  0.7396E-02  0.2794E-02
    -10.754  0.2530E-01  0.1045E-01  0.3296E-02
    -10.685  0.7841E-01  0.1700E-01  0.1103E-01
    -10.615  0.5196E-01  0.1029E-01  0.7728E-02
    -10.546  0.5486E-01  0.1264E-01  0.8725E-02
    -10.477  0.6040E-01  0.1921E-01  0.1105E-01
    -10.407  0.5610E-01  0.3315E-01  0.1298E-01
    -10.338  0.7359E-01  0.3688E-01  0.1564E-01
    -10.269  0.3363E-01  0.1920E-01  0.1068E-01
    -10.199  0.3975E-01  0.2532E-01  0.1275E-01
    -10.130  0.3129E-01  0.2928E-01  0.1563E-01
    -10.061  0.1252E+00  0.5781E-01  0.3293E-01
     -9.991  0.6740E-01  0.8996E-01  0.4508E-01
     -9.922  0.4432E-01  0.6969E-01  0.3524E-01
     -9.853  0.3505E-01  0.6377E-01  0.3122E-01
     -9.783  0.2592E-01  0.5971E-01  0.2902E-01
     -9.714  0.1403E-01  0.2910E-01  0.1737E-01
     -9.645  0.9885E-02  0.2367E-01  0.1424E-01
     -9.575  0.8132E-02  0.2014E-01  0.1339E-01
     -9.506  0.5472E-02  0.1719E-01  0.1168E-01
     -9.437  0.3376E-02  0.2001E-01  0.1421E-01
     -9.367  0.1415E-02  0.1158E-01  0.8419E-02
     -9.298  0.0000E+00  0.0000E+00  0.0000E+00
     -9.229  0.7130E-04  0.2541E-02  0.6622E-03
     -9.159  0.1488E-03  0.5582E-02  0.1628E-02
     -9.090  0.1129E-03  0.5323E-02  0.1791E-02
     -9.021  0.1445E-03  0.5552E-02  0.2270E-02
     -8.951  0.5842E-03  0.6414E-02  0.2921E-02
     -8.882  0.1577E-02  0.7169E-02  0.3605E-02
     -8.813  0.6629E-02  0.1007E-01  0.5406E-02
     -8.743  0.2947E-02  0.4657E-02  0.1780E-02
     -8.674  0.1870E-02  0.1357E-02  0.9382E-03
     -8.605  0.3280E-02  0.1977E-02  0.3400E-02
     -8.535  0.2408E-02  0.1598E-02  0.2774E-02
     -8.466  0.1641E-02  0.1250E-02  0.2330E-02
     -8.397  0.1358E-01  0.8367E-02  0.7348E-02
     -8.327  0.1131E-01  0.7920E-02  0.6973E-02
     -8.258  0.1128E-01  0.8670E-02  0.7713E-02
     -8.189  0.1266E-01  0.1165E-01  0.1023E-01
     -8.119  0.1250E-01  0.1380E-01  0.1208E-01
     -8.050  0.1724E-01  0.1688E-01  0.1351E-01
     -7.981  0.1752E-01  0.2052E-01  0.1505E-01
     -7.911  0.1714E-01  0.2942E-01  0.1478E-01
     -7.842  0.1223E-01  0.2651E-01  0.9342E-02
     -7.773  0.1605E+00  0.8306E-01  0.8521E-01
     -7.703  0.4602E-01  0.3952E-01  0.4353E-01
     -7.634  0.1722E+00  0.1164E+00  0.1265E+00
     -7.565  0.8767E-01  0.6704E-01  0.1077E+00
     -7.495  0.7790E-01  0.6294E-01  0.9550E-01
     -7.426  0.4118E-01  0.4692E-01  0.8589E-01
     -7.357  0.2977E-01  0.3401E-01  0.5432E-01
     -7.287  0.4019E-01  0.5611E-01  0.9465E-01
     -7.218  0.2449E-01  0.5289E-01  0.1149E+00
     -7.149  0.1609E-01  0.5236E-01  0.9096E-01
     -7.079  0.9681E-02  0.5906E-01  0.7520E-01
     -7.010  0.4822E-02  0.6071E-01  0.4238E-01
     -6.941  0.0000E+00  0.0000E+00  0.0000E+00
     -6.871  0.0000E+00  0.0000E+00  0.0000E+00
     -6.802  0.0000E+00  0.0000E+00  0.0000E+00
     -6.732  0.0000E+00  0.0000E+00  0.0000E+00
     -6.663  0.0000E+00  0.0000E+00  0.0000E+00
     -6.594  0.0000E+00  0.0000E+00  0.0000E+00
     -6.524  0.0000E+00  0.0000E+00  0.0000E+00
     -6.455  0.0000E+00  0.0000E+00  0.0000E+00
     -6.386  0.0000E+00  0.0000E+00  0.0000E+00
     -6.316  0.0000E+00  0.0000E+00  0.0000E+00
     -6.247  0.0000E+00  0.0000E+00  0.0000E+00
     -6.178  0.0000E+00  0.0000E+00  0.0000E+00
     -6.108  0.0000E+00  0.0000E+00  0.0000E+00
     -6.039  0.0000E+00  0.0000E+00  0.0000E+00
     -5.970  0.0000E+00  0.0000E+00  0.0000E+00
     -5.900  0.0000E+00  0.0000E+00  0.0000E+00
     -5.831  0.0000E+00  0.0000E+00  0.0000E+00
     -5.762  0.0000E+00  0.0000E+00  0.0000E+00
     -5.692  0.0000E+00  0.0000E+00  0.0000E+00
     -5.623  0.0000E+00  0.0000E+00  0.0000E+00
     -5.554  0.0000E+00  0.0000E+00  0.0000E+00
     -5.484  0.0000E+00  0.0000E+00  0.0000E+00
     -5.415  0.0000E+00  0.0000E+00  0.0000E+00
     -5.346  0.0000E+00  0.0000E+00  0.0000E+00
     -5.276  0.0000E+00  0.0000E+00  0.0000E+00
     -5.207  0.0000E+00  0.0000E+00  0.0000E+00
     -5.138  0.0000E+00  0.0000E+00  0.0000E+00
     -5.068  0.1222E-02  0.5829E-03  0.1753E-02
     -4.999  0.1573E-02  0.8820E-03  0.1621E-02
     -4.930  0.4040E-02  0.1476E-02  0.2855E-02
     -4.860  0.2416E-01  0.5107E-02  0.1529E-01
     -4.791  0.2819E-01  0.6983E-02  0.1817E-01
     -4.722  0.2935E-01  0.9623E-02  0.1945E-01
     -4.652  0.3611E-01  0.1310E-01  0.2457E-01
     -4.583  0.6001E-01  0.3741E-01  0.5795E-01
     -4.514  0.5594E-01  0.1968E-01  0.3898E-01
     -4.444  0.6654E-01  0.3266E-01  0.5675E-01
     -4.375  0.1633E+00  0.1959E-01  0.5128E-01
     -4.306  0.1910E+00  0.2799E-01  0.7981E-01
     -4.236  0.1920E+00  0.3011E-01  0.7877E-01
     -4.167  0.5744E-01  0.1463E-01  0.3284E-01
     -4.098  0.1899E+00  0.7234E-01  0.2214E+00
     -4.028  0.8658E-02  0.6441E-02  0.1338E-01
     -3.959  0.5490E-01  0.2463E-01  0.6948E-01
     -3.890  0.1769E+00  0.6847E-01  0.1696E+00
     -3.820  0.4496E-01  0.1575E-01  0.5572E-01
     -3.751  0.2308E+00  0.6695E-01  0.3459E+00
     -3.682  0.8642E-01  0.3982E-01  0.1002E+00
     -3.612  0.1117E+00  0.4506E-01  0.1686E+00
     -3.543  0.1373E+00  0.6143E-01  0.1984E+00
     -3.474  0.1465E+00  0.5717E-01  0.2508E+00
     -3.404  0.5859E-01  0.2620E-01  0.1574E+00
     -3.335  0.2294E-01  0.1300E-01  0.5582E-01
     -3.266  0.1408E+00  0.7334E-01  0.2801E+00
     -3.196  0.1262E+00  0.6469E-01  0.2911E+00
     -3.127  0.8252E-01  0.5766E-01  0.2650E+00
     -3.058  0.3192E-01  0.4088E-01  0.1369E+00
     -2.988  0.6585E-01  0.7058E-01  0.2173E+00
     -2.919  0.3864E-01  0.4216E-01  0.1662E+00
     -2.850  0.5670E-01  0.7958E-01  0.2673E+00
     -2.780  0.6241E-01  0.6366E-01  0.2395E+00
     -2.711  0.1021E+00  0.7503E-01  0.2372E+00
     -2.642  0.1499E+00  0.1084E+00  0.5089E+00
     -2.572  0.6394E-01  0.5768E-01  0.4242E+00
     -2.503  0.8994E-01  0.8181E-01  0.4219E+00
     -2.433  0.5331E-01  0.6545E-01  0.4591E+00
     -2.364  0.7111E-01  0.9423E-01  0.5931E+00
     -2.295  0.4054E-01  0.4735E-01  0.3978E+00
     -2.225  0.4876E-01  0.7992E-01  0.8394E+00
     -2.156  0.1684E-01  0.2944E-01  0.2458E+00
     -2.087  0.3363E-01  0.8801E-01  0.1217E+01
     -2.017  0.1072E+00  0.1567E+00  0.1291E+01
     -1.948  0.2361E-01  0.7161E-01  0.9128E+00
     -1.879  0.2544E-01  0.7210E-01  0.9408E+00
     -1.809  0.3436E-01  0.9201E-01  0.1011E+01
     -1.740  0.3554E-01  0.6662E-01  0.1014E+01
     -1.671  0.2957E-01  0.1260E+00  0.1161E+01
     -1.601  0.3839E-01  0.2673E+00  0.1927E+01
     -1.532  0.2744E-01  0.1481E+00  0.1416E+01
     -1.463  0.2399E-01  0.1639E+00  0.1279E+01
     -1.393  0.2023E-01  0.1173E+00  0.8566E+00
     -1.324  0.2164E-01  0.1948E+00  0.1550E+01
     -1.255  0.8572E-02  0.7687E-01  0.6163E+00
     -1.185  0.9935E-02  0.5769E-01  0.6767E+00
     -1.116  0.3159E-01  0.3725E-01  0.8140E+00
     -1.047  0.2057E-01  0.1808E-01  0.6638E+00
     -0.977  0.1302E-01  0.4377E-01  0.7086E+00
     -0.908  0.6786E-01  0.7905E-01  0.2285E+01
     -0.839  0.4297E-01  0.7359E-01  0.1816E+01
     -0.769  0.4238E-01  0.1038E+00  0.2100E+01
     -0.700  0.5455E-01  0.1714E+00  0.3009E+01
     -0.631  0.4498E-01  0.2258E+00  0.3765E+01
     -0.561  0.1968E-01  0.1331E+00  0.1963E+01
     -0.492  0.9823E-02  0.2615E-01  0.9392E+00
     -0.423  0.1926E-01  0.7450E-01  0.1799E+01
     -0.353  0.2488E-01  0.6151E-01  0.1715E+01
     -0.284  0.2292E-01  0.9623E-01  0.2590E+01
     -0.215  0.2205E-01  0.5570E-01  0.2369E+01
     -0.145  0.1407E-01  0.4816E-01  0.1714E+01
     -0.076  0.2120E-01  0.5190E-01  0.1658E+01
     -0.007  0.2272E-01  0.6895E-01  0.2639E+01
      0.063  0.1830E-01  0.4907E-01  0.1730E+01
      0.132  0.3913E-01  0.8290E-01  0.6228E+01
      0.201  0.3552E-01  0.9421E-01  0.5995E+01
      0.271  0.8722E-02  0.3135E-01  0.1913E+01
      0.340  0.1627E-01  0.6234E-01  0.4465E+01
      0.409  0.5598E-02  0.2093E-01  0.1465E+01
      0.479  0.2543E-01  0.9295E-01  0.4439E+01
      0.548  0.1411E-01  0.4483E-01  0.2613E+01
      0.617  0.1572E-01  0.3734E-01  0.3171E+01
      0.687  0.1759E-01  0.7082E-01  0.3810E+01
      0.756  0.2258E-01  0.7412E-01  0.3679E+01
      0.825  0.1702E-01  0.3262E-01  0.1521E+01
      0.895  0.2702E-01  0.6637E-01  0.2099E+01
      0.964  0.2604E-01  0.5551E-01  0.1978E+01
      1.033  0.2704E-01  0.5387E-01  0.1621E+01
      1.103  0.8534E-02  0.5076E-01  0.9269E+00
      1.172  0.3411E-01  0.1219E+00  0.1979E+01
      1.241  0.2264E-01  0.7729E-01  0.1283E+01
      1.311  0.1797E-01  0.5852E-01  0.9513E+00
      1.380  0.2741E-01  0.7104E-01  0.1422E+01
      1.449  0.1653E-01  0.7688E-01  0.9939E+00
      1.519  0.2593E-01  0.3616E-01  0.6652E+00
      1.588  0.2358E-01  0.8360E-01  0.8115E+00
      1.657  0.3964E-01  0.1095E+00  0.1187E+01
      1.727  0.2887E-01  0.1007E+00  0.1118E+01
      1.796  0.2053E-01  0.1385E+00  0.1939E+01
      1.866  0.2707E-01  0.6715E-01  0.8990E+00
      1.935  0.7693E-02  0.3089E-01  0.5949E+00
      2.004  0.1103E-01  0.3857E-01  0.3301E+00
      2.074  0.2993E-01  0.1261E+00  0.1063E+01
      2.143  0.1346E-01  0.9491E-01  0.8540E+00
      2.212  0.9367E-02  0.4632E-01  0.4281E+00
      2.282  0.6247E-02  0.6545E-01  0.3255E+00
      2.351  0.1720E-01  0.9183E-01  0.6033E+00
      2.420  0.1073E-01  0.4286E-01  0.3329E+00
      2.490  0.5773E-02  0.3510E-01  0.2698E+00
      2.559  0.4274E-02  0.2867E-01  0.2506E+00
      2.628  0.1355E-01  0.3180E-01  0.2631E+00
      2.698  0.1052E-01  0.5131E-01  0.4112E+00
      2.767  0.9605E-02  0.3973E-01  0.3194E+00
      2.836  0.9261E-02  0.3593E-01  0.3037E+00
      2.906  0.1342E-01  0.4333E-01  0.3584E+00
      2.975  0.1329E-01  0.3450E-01  0.3143E+00
      3.044  0.2149E-01  0.5870E-01  0.4896E+00
      3.114  0.2175E-01  0.8164E-01  0.6475E+00
      3.183  0.1899E-01  0.6751E-01  0.5658E+00
      3.252  0.1321E-01  0.5010E-01  0.4654E+00
      3.322  0.1048E-01  0.4381E-01  0.3575E+00
      3.391  0.1214E-01  0.3927E-01  0.3636E+00
      3.460  0.1238E-01  0.3755E-01  0.3694E+00
      3.530  0.9706E-02  0.2970E-01  0.3123E+00
      3.599  0.1121E-01  0.4428E-01  0.3803E+00
      3.668  0.1498E-01  0.8429E-01  0.6431E+00
      3.738  0.9426E-02  0.3967E-01  0.3076E+00
      3.807  0.8863E-02  0.3481E-01  0.3645E+00
      3.876  0.7680E-02  0.2669E-01  0.2569E+00
      3.946  0.9285E-02  0.3280E-01  0.2490E+00
      4.015  0.2500E-01  0.5864E-01  0.4817E+00
      4.084  0.1552E-01  0.4442E-01  0.3591E+00
      4.154  0.1584E-01  0.5066E-01  0.3922E+00
      4.223  0.1137E-01  0.3562E-01  0.3254E+00
      4.292  0.1153E-01  0.3166E-01  0.2313E+00
      4.362  0.1080E-01  0.3001E-01  0.2837E+00
      4.431  0.1392E-01  0.5556E-01  0.3958E+00
      4.500  0.1532E-01  0.4679E-01  0.3203E+00
      4.570  0.1152E-01  0.3550E-01  0.2988E+00
      4.639  0.4642E-02  0.2178E-01  0.1704E+00
      4.708  0.9218E-02  0.2089E-01  0.2894E+00
      4.778  0.9681E-02  0.2298E-01  0.2333E+00
      4.847  0.4670E-02  0.1254E-01  0.1126E+00
      4.916  0.6434E-02  0.1260E-01  0.9097E-01
      4.986  0.9993E-02  0.2029E-01  0.1265E+00
      5.055  0.8168E-02  0.1845E-01  0.1099E+00
      5.124  0.8506E-02  0.3583E-01  0.2742E+00
      5.194  0.4380E-02  0.1861E-01  0.1265E+00
      5.263  0.3306E-02  0.1678E-01  0.1301E+00
      5.332  0.5231E-02  0.2511E-01  0.1976E+00
      5.402  0.7687E-02  0.2274E-01  0.1509E+00
      5.471  0.5732E-02  0.1978E-01  0.1429E+00
      5.540  0.1448E-01  0.2401E-01  0.1362E+00
      5.610  0.1316E-01  0.2408E-01  0.2161E+00
      5.679  0.1632E-01  0.2899E-01  0.2183E+00
      5.748  0.6729E-02  0.2672E-01  0.2175E+00
      5.818  0.1056E-01  0.1501E-01  0.1728E+00
      5.887  0.1929E-01  0.1375E-01  0.1075E+00
      5.956  0.2878E-01  0.2230E-01  0.1220E+00
      6.026  0.1679E-01  0.1502E-01  0.4027E-01
      6.095  0.1222E-01  0.1046E-01  0.2296E-01
      6.165  0.4773E-02  0.6278E-02  0.1220E-01
      6.234  0.7055E-02  0.8742E-02  0.1560E-01
      6.303  0.9107E-02  0.1055E-01  0.1727E-01
      6.373  0.9275E-02  0.1079E-01  0.1620E-01
      6.442  0.1676E-01  0.1289E-01  0.1941E-01
      6.511  0.1009E-01  0.8098E-02  0.1202E-01
      6.581  0.3788E-02  0.4485E-02  0.4840E-02
      6.650  0.2135E-02  0.2162E-02  0.2134E-02
      6.719  0.0000E+00  0.0000E+00  0.0000E+00
      6.789  0.0000E+00  0.0000E+00  0.0000E+00
      6.858  0.0000E+00  0.0000E+00  0.0000E+00
      6.927  0.0000E+00  0.0000E+00  0.0000E+00
      6.997  0.0000E+00  0.0000E+00  0.0000E+00
      7.066  0.0000E+00  0.0000E+00  0.0000E+00
      7.135  0.0000E+00  0.0000E+00  0.0000E+00
      7.205  0.0000E+00  0.0000E+00  0.0000E+00
      7.274  0.0000E+00  0.0000E+00  0.0000E+00
      7.343  0.0000E+00  0.0000E+00  0.0000E+00
      7.413  0.0000E+00  0.0000E+00  0.0000E+00
      7.482  0.0000E+00  0.0000E+00  0.0000E+00
      7.551  0.0000E+00  0.0000E+00  0.0000E+00
      7.621  0.0000E+00  0.0000E+00  0.0000E+00
      7.690  0.0000E+00  0.0000E+00  0.0000E+00
