    -13.112  0.0000E+00  0.0000E+00  0.0000E+00
    -13.042  0.0000E+00  0.0000E+00  0.0000E+00
    -12.973  0.0000E+00  0.0000E+00  0.0000E+00
    -12.904  0.0000E+00  0.0000E+00  0.0000E+00
    -12.834  0.0000E+00  0.0000E+00  0.0000E+00
    -12.765  0.0000E+00  0.0000E+00  0.0000E+00
    -12.696  0.0000E+00  0.0000E+00  0.0000E+00
    -12.626  0.0000E+00  0.0000E+00  0.0000E+00
    -12.557  0.0000E+00  0.0000E+00  0.0000E+00
    -12.488  0.0000E+00  0.0000E+00  0.0000E+00
    -12.418  0.0000E+00  0.0000E+00  0.0000E+00
    -12.349  0.0000E+00  0.0000E+00  0.0000E+00
    -12.280  0.0000E+00  0.0000E+00  0.0000E+00
    -12.210  0.0000E+00  0.0000E+00  0.0000E+00
    -12.141  0.0000E+00  0.0000E+00  0.0000E+00
    -12.072  0.1231E-02  0.1941E-03  0.4442E-04
    -12.002  0.1500E-02  0.2600E-03  0.6220E-04
    -11.933  0.1344E-02  0.2603E-03  0.6667E-04
    -11.864  0.1367E-02  0.2829E-03  0.7586E-04
    -11.794  0.1438E-02  0.3198E-03  0.9078E-04
    -11.725  0.1100E-02  0.2818E-03  0.8234E-04
    -11.656  0.1091E-02  0.2898E-03  0.8469E-04
    -11.586  0.1126E-02  0.3013E-03  0.8669E-04
    -11.517  0.2728E-01  0.3813E-02  0.1421E-02
    -11.448  0.9432E-02  0.1687E-02  0.6116E-03
    -11.378  0.2124E-01  0.3860E-02  0.1417E-02
    -11.309  0.2904E-01  0.6177E-02  0.2362E-02
    -11.240  0.3282E-01  0.7663E-02  0.2932E-02
    -11.170  0.1522E-01  0.3699E-02  0.1444E-02
    -11.101  0.2085E-01  0.5589E-02  0.2142E-02
    -11.032  0.2241E-01  0.6226E-02  0.2447E-02
    -10.962  0.2188E-01  0.6050E-02  0.2274E-02
    -10.893  0.2556E-01  0.7325E-02  0.2822E-02
    -10.823  0.2057E-01  0.7834E-02  0.3141E-02
    -10.754  0.2731E-01  0.8543E-02  0.3665E-02
    -10.685  0.1004E+00  0.1612E-01  0.1057E-01
    -10.615  0.6318E-01  0.1120E-01  0.7162E-02
    -10.546  0.6519E-01  0.1362E-01  0.7829E-02
    -10.477  0.7882E-01  0.1830E-01  0.1129E-01
    -10.407  0.7713E-01  0.2711E-01  0.1461E-01
    -10.338  0.7074E-01  0.3490E-01  0.1769E-01
    -10.269  0.4502E-01  0.1830E-01  0.1004E-01
    -10.199  0.3986E-01  0.2323E-01  0.1262E-01
    -10.130  0.6482E-01  0.2503E-01  0.1439E-01
    -10.061  0.8364E-01  0.8243E-01  0.4082E-01
     -9.991  0.9664E-01  0.9410E-01  0.5224E-01
     -9.922  0.4092E-01  0.7563E-01  0.4287E-01
     -9.853  0.3235E-01  0.6899E-01  0.3940E-01
     -9.783  0.2520E-01  0.6451E-01  0.3820E-01
     -9.714  0.1505E-01  0.3559E-01  0.2172E-01
     -9.645  0.1058E-01  0.2903E-01  0.1792E-01
     -9.575  0.9534E-02  0.2662E-01  0.1472E-01
     -9.506  0.6324E-02  0.2273E-01  0.1314E-01
     -9.437  0.3837E-02  0.2679E-01  0.1619E-01
     -9.367  0.1561E-02  0.1570E-01  0.9513E-02
     -9.298  0.0000E+00  0.0000E+00  0.0000E+00
     -9.229  0.3247E-02  0.3090E-03  0.8879E-03
     -9.159  0.6283E-02  0.9686E-03  0.1948E-02
     -9.090  0.5217E-02  0.1175E-02  0.1834E-02
     -9.021  0.4614E-02  0.1570E-02  0.2027E-02
     -8.951  0.4521E-02  0.2156E-02  0.2235E-02
     -8.882  0.4151E-02  0.2705E-02  0.2357E-02
     -8.813  0.4517E-02  0.4347E-02  0.3096E-02
     -8.743  0.6883E-03  0.2077E-02  0.1287E-02
     -8.674  0.3349E-03  0.6718E-03  0.6548E-03
     -8.605  0.1937E-02  0.8756E-03  0.1292E-02
     -8.535  0.1540E-02  0.7640E-03  0.9968E-03
     -8.466  0.1145E-02  0.6609E-03  0.7665E-03
     -8.397  0.5881E-02  0.3493E-02  0.2300E-02
     -8.327  0.3754E-02  0.3118E-02  0.2193E-02
     -8.258  0.3482E-02  0.3299E-02  0.2463E-02
     -8.189  0.3009E-02  0.4351E-02  0.3439E-02
     -8.119  0.3219E-02  0.4906E-02  0.4226E-02
     -8.050  0.7233E-02  0.6192E-02  0.5375E-02
     -7.981  0.9086E-02  0.5743E-02  0.6839E-02
     -7.911  0.1334E-01  0.7041E-02  0.1275E-01
     -7.842  0.8343E-02  0.7075E-02  0.1224E-01
     -7.773  0.1607E+00  0.8742E-01  0.8545E-01
     -7.703  0.4675E-01  0.3583E-01  0.4750E-01
     -7.634  0.1670E+00  0.1318E+00  0.1388E+00
     -7.565  0.9485E-01  0.7821E-01  0.1205E+00
     -7.495  0.7626E-01  0.8794E-01  0.9062E-01
     -7.426  0.3516E-01  0.5219E-01  0.9013E-01
     -7.357  0.2764E-01  0.3858E-01  0.6624E-01
     -7.287  0.3755E-01  0.7224E-01  0.1087E+00
     -7.218  0.2143E-01  0.7724E-01  0.1237E+00
     -7.149  0.1449E-01  0.7056E-01  0.1001E+00
     -7.079  0.1033E-01  0.7392E-01  0.8685E-01
     -7.010  0.5896E-02  0.7391E-01  0.5183E-01
     -6.941  0.0000E+00  0.0000E+00  0.0000E+00
     -6.871  0.0000E+00  0.0000E+00  0.0000E+00
     -6.802  0.0000E+00  0.0000E+00  0.0000E+00
     -6.732  0.0000E+00  0.0000E+00  0.0000E+00
     -6.663  0.0000E+00  0.0000E+00  0.0000E+00
     -6.594  0.0000E+00  0.0000E+00  0.0000E+00
     -6.524  0.0000E+00  0.0000E+00  0.0000E+00
     -6.455  0.0000E+00  0.0000E+00  0.0000E+00
     -6.386  0.0000E+00  0.0000E+00  0.0000E+00
     -6.316  0.0000E+00  0.0000E+00  0.0000E+00
     -6.247  0.0000E+00  0.0000E+00  0.0000E+00
     -6.178  0.0000E+00  0.0000E+00  0.0000E+00
     -6.108  0.0000E+00  0.0000E+00  0.0000E+00
     -6.039  0.0000E+00  0.0000E+00  0.0000E+00
     -5.970  0.0000E+00  0.0000E+00  0.0000E+00
     -5.900  0.0000E+00  0.0000E+00  0.0000E+00
     -5.831  0.0000E+00  0.0000E+00  0.0000E+00
     -5.762  0.0000E+00  0.0000E+00  0.0000E+00
     -5.692  0.0000E+00  0.0000E+00  0.0000E+00
     -5.623  0.0000E+00  0.0000E+00  0.0000E+00
     -5.554  0.0000E+00  0.0000E+00  0.0000E+00
     -5.484  0.0000E+00  0.0000E+00  0.0000E+00
     -5.415  0.0000E+00  0.0000E+00  0.0000E+00
     -5.346  0.0000E+00  0.0000E+00  0.0000E+00
     -5.276  0.0000E+00  0.0000E+00  0.0000E+00
     -5.207  0.0000E+00  0.0000E+00  0.0000E+00
     -5.138  0.0000E+00  0.0000E+00  0.0000E+00
     -5.068  0.6027E-03  0.1608E-03  0.9009E-03
     -4.999  0.1038E-02  0.2613E-03  0.1035E-02
     -4.930  0.2320E-02  0.5527E-03  0.1900E-02
     -4.860  0.1042E-01  0.2094E-02  0.9500E-02
     -4.791  0.1236E-01  0.2929E-02  0.1210E-01
     -4.722  0.1457E-01  0.4406E-02  0.1438E-01
     -4.652  0.1949E-01  0.6385E-02  0.1937E-01
     -4.583  0.4197E-01  0.1922E-01  0.5800E-01
     -4.514  0.4791E-01  0.1376E-01  0.3955E-01
     -4.444  0.5266E-01  0.1820E-01  0.6876E-01
     -4.375  0.1479E+00  0.2551E-01  0.5294E-01
     -4.306  0.1568E+00  0.3302E-01  0.7893E-01
     -4.236  0.1406E+00  0.3295E-01  0.1018E+00
     -4.167  0.4679E-01  0.1362E-01  0.3262E-01
     -4.098  0.1689E+00  0.5097E-01  0.1430E+00
     -4.028  0.8637E-02  0.4594E-02  0.9786E-02
     -3.959  0.4632E-01  0.2131E-01  0.5194E-01
     -3.890  0.1356E+00  0.6291E-01  0.1348E+00
     -3.820  0.2703E-01  0.1878E-01  0.3808E-01
     -3.751  0.1828E+00  0.7757E-01  0.2044E+00
     -3.682  0.6806E-01  0.3069E-01  0.9382E-01
     -3.612  0.1150E+00  0.4327E-01  0.1599E+00
     -3.543  0.1261E+00  0.5277E-01  0.1523E+00
     -3.474  0.1317E+00  0.6273E-01  0.1761E+00
     -3.404  0.9364E-01  0.2213E-01  0.1291E+00
     -3.335  0.2049E-01  0.1180E-01  0.3835E-01
     -3.266  0.1088E+00  0.7388E-01  0.2392E+00
     -3.196  0.8854E-01  0.7112E-01  0.2328E+00
     -3.127  0.8382E-01  0.5374E-01  0.2573E+00
     -3.058  0.8046E-01  0.2917E-01  0.1222E+00
     -2.988  0.1144E+00  0.4349E-01  0.2501E+00
     -2.919  0.4733E-01  0.3701E-01  0.1828E+00
     -2.850  0.9879E-01  0.5206E-01  0.3124E+00
     -2.780  0.7396E-01  0.3200E-01  0.2787E+00
     -2.711  0.8758E-01  0.4761E-01  0.3360E+00
     -2.642  0.1720E+00  0.7837E-01  0.6157E+00
     -2.572  0.7054E-01  0.5629E-01  0.3277E+00
     -2.503  0.6292E-01  0.6360E-01  0.4307E+00
     -2.433  0.7237E-01  0.4578E-01  0.4247E+00
     -2.364  0.1096E+00  0.7202E-01  0.5938E+00
     -2.295  0.4472E-01  0.4452E-01  0.3204E+00
     -2.225  0.1375E+00  0.5046E-01  0.4614E+00
     -2.156  0.1850E-01  0.1807E-01  0.1446E+00
     -2.087  0.9313E-01  0.7707E-01  0.7516E+00
     -2.017  0.1258E+00  0.1461E+00  0.7312E+00
     -1.948  0.7369E-01  0.5273E-01  0.5481E+00
     -1.879  0.6900E-01  0.7400E-01  0.6569E+00
     -1.809  0.4998E-01  0.7143E-01  0.7267E+00
     -1.740  0.5272E-01  0.1146E+00  0.7567E+00
     -1.671  0.3312E-01  0.1008E+00  0.8749E+00
     -1.601  0.4154E-01  0.1959E+00  0.2118E+01
     -1.532  0.4473E-01  0.1478E+00  0.9942E+00
     -1.463  0.5592E-01  0.1225E+00  0.1188E+01
     -1.393  0.3446E-01  0.7515E-01  0.7243E+00
     -1.324  0.4338E-01  0.1035E+00  0.7492E+00
     -1.255  0.2082E-01  0.7702E-01  0.3903E+00
     -1.185  0.1717E-01  0.3766E-01  0.2664E+00
     -1.116  0.1206E-01  0.3590E-01  0.3545E+00
     -1.047  0.1308E-01  0.1804E-01  0.3902E+00
     -0.977  0.1347E-01  0.4308E-01  0.5199E+00
     -0.908  0.3643E-01  0.7352E-01  0.1519E+01
     -0.839  0.2377E-01  0.7541E-01  0.1233E+01
     -0.769  0.2141E-01  0.1117E+00  0.2167E+01
     -0.700  0.1759E-01  0.1752E+00  0.2754E+01
     -0.631  0.1815E-01  0.2119E+00  0.3667E+01
     -0.561  0.6558E-02  0.1247E+00  0.1847E+01
     -0.492  0.6924E-02  0.3783E-01  0.8281E+00
     -0.423  0.1395E-01  0.6627E-01  0.1274E+01
     -0.353  0.8755E-02  0.8040E-01  0.8807E+00
     -0.284  0.1831E-01  0.8833E-01  0.1839E+01
     -0.215  0.1074E-01  0.8706E-01  0.1751E+01
     -0.145  0.1323E-01  0.5052E-01  0.1169E+01
     -0.076  0.6973E-02  0.4171E-01  0.1177E+01
     -0.007  0.9373E-02  0.7811E-01  0.2135E+01
      0.063  0.5487E-02  0.4603E-01  0.1433E+01
      0.132  0.1584E-01  0.1045E+00  0.5304E+01
      0.201  0.1507E-01  0.1010E+00  0.4096E+01
      0.271  0.6347E-02  0.3196E-01  0.1301E+01
      0.340  0.4283E-01  0.9762E-01  0.6186E+01
      0.409  0.1743E-01  0.2511E-01  0.2034E+01
      0.479  0.4553E-01  0.8605E-01  0.6525E+01
      0.548  0.3251E-01  0.6090E-01  0.3171E+01
      0.617  0.3242E-01  0.8264E-01  0.2978E+01
      0.687  0.3155E-01  0.5984E-01  0.3021E+01
      0.756  0.3214E-01  0.7002E-01  0.3526E+01
      0.825  0.1498E-01  0.3486E-01  0.1992E+01
      0.895  0.3934E-01  0.4509E-01  0.3656E+01
      0.964  0.7887E-01  0.4864E-01  0.5016E+01
      1.033  0.7451E-01  0.1218E+00  0.4452E+01
      1.103  0.1704E-01  0.6533E-01  0.1907E+01
      1.172  0.5302E-01  0.1251E+00  0.3320E+01
      1.241  0.2551E-01  0.1080E+00  0.3085E+01
      1.311  0.2141E-01  0.5813E-01  0.1516E+01
      1.380  0.3784E-01  0.8836E-01  0.1861E+01
      1.449  0.2668E-01  0.1020E+00  0.1419E+01
      1.519  0.2130E-01  0.2059E-01  0.8218E+00
      1.588  0.2476E-01  0.5512E-01  0.9323E+00
      1.657  0.4498E-01  0.6830E-01  0.1505E+01
      1.727  0.3060E-01  0.7333E-01  0.1177E+01
      1.796  0.3632E-01  0.1080E+00  0.1423E+01
      1.866  0.3434E-01  0.5658E-01  0.9574E+00
      1.935  0.1959E-01  0.2379E-01  0.4329E+00
      2.004  0.1093E-01  0.2918E-01  0.3761E+00
      2.074  0.3535E-01  0.1215E+00  0.1245E+01
      2.143  0.2871E-01  0.7470E-01  0.8676E+00
      2.212  0.1030E-01  0.2971E-01  0.4679E+00
      2.282  0.2184E-01  0.3714E-01  0.4035E+00
      2.351  0.2009E-01  0.7645E-01  0.8896E+00
      2.420  0.1348E-01  0.3323E-01  0.3611E+00
      2.490  0.1006E-01  0.2901E-01  0.2436E+00
      2.559  0.1167E-01  0.2078E-01  0.2065E+00
      2.628  0.1705E-01  0.2979E-01  0.2801E+00
      2.698  0.1989E-01  0.4096E-01  0.3825E+00
      2.767  0.1664E-01  0.3555E-01  0.2857E+00
      2.836  0.2058E-01  0.3278E-01  0.3123E+00
      2.906  0.2056E-01  0.4330E-01  0.3543E+00
      2.975  0.1788E-01  0.4365E-01  0.2457E+00
      3.044  0.2745E-01  0.7223E-01  0.3925E+00
      3.114  0.3456E-01  0.8305E-01  0.5660E+00
      3.183  0.2476E-01  0.6902E-01  0.4292E+00
      3.252  0.2737E-01  0.6444E-01  0.3232E+00
      3.322  0.1982E-01  0.5444E-01  0.2982E+00
      3.391  0.1921E-01  0.5365E-01  0.3075E+00
      3.460  0.1730E-01  0.6075E-01  0.2898E+00
      3.530  0.1368E-01  0.5857E-01  0.2963E+00
      3.599  0.1465E-01  0.8692E-01  0.3551E+00
      3.668  0.2401E-01  0.1146E+00  0.5160E+00
      3.738  0.1286E-01  0.5557E-01  0.2947E+00
      3.807  0.1554E-01  0.8054E-01  0.3381E+00
      3.876  0.8726E-02  0.5804E-01  0.2233E+00
      3.946  0.9589E-02  0.5111E-01  0.2073E+00
      4.015  0.1283E-01  0.8210E-01  0.4668E+00
      4.084  0.1321E-01  0.6341E-01  0.3474E+00
      4.154  0.2352E-01  0.6576E-01  0.3348E+00
      4.223  0.2259E-01  0.6142E-01  0.2751E+00
      4.292  0.1563E-01  0.4698E-01  0.2141E+00
      4.362  0.1514E-01  0.8813E-01  0.2484E+00
      4.431  0.1714E-01  0.8282E-01  0.3542E+00
      4.500  0.1398E-01  0.7140E-01  0.2920E+00
      4.570  0.1809E-01  0.6896E-01  0.2520E+00
      4.639  0.8428E-02  0.5582E-01  0.1588E+00
      4.708  0.1028E-01  0.5478E-01  0.1420E+00
      4.778  0.8471E-02  0.4650E-01  0.1278E+00
      4.847  0.5082E-02  0.2295E-01  0.6516E-01
      4.916  0.5477E-02  0.2248E-01  0.8091E-01
      4.986  0.1108E-01  0.3073E-01  0.1249E+00
      5.055  0.9318E-02  0.3513E-01  0.9912E-01
      5.124  0.1665E-01  0.1006E+00  0.1914E+00
      5.194  0.1277E-01  0.4892E-01  0.8769E-01
      5.263  0.2003E-01  0.3972E-01  0.6111E-01
      5.332  0.4488E-01  0.6617E-01  0.1061E+00
      5.402  0.1472E-01  0.6106E-01  0.1019E+00
      5.471  0.1213E-01  0.5964E-01  0.1125E+00
      5.540  0.1169E-01  0.6446E-01  0.1001E+00
      5.610  0.1592E-01  0.7751E-01  0.1339E+00
      5.679  0.1894E-01  0.7390E-01  0.1587E+00
      5.748  0.1322E-01  0.5655E-01  0.1406E+00
      5.818  0.8022E-02  0.3151E-01  0.1303E+00
      5.887  0.8064E-02  0.3123E-01  0.1589E+00
      5.956  0.8187E-02  0.4122E-01  0.2591E+00
      6.026  0.4402E-02  0.1792E-01  0.1193E+00
      6.095  0.3497E-02  0.1025E-01  0.6467E-01
      6.165  0.3985E-02  0.6156E-02  0.2818E-01
      6.234  0.5390E-02  0.8098E-02  0.3325E-01
      6.303  0.6336E-02  0.9577E-02  0.3500E-01
      6.373  0.6602E-02  0.1012E-01  0.3159E-01
      6.442  0.1046E-01  0.1577E-01  0.3733E-01
      6.511  0.6258E-02  0.1006E-01  0.2275E-01
      6.581  0.1752E-02  0.3219E-02  0.7806E-02
      6.650  0.6615E-03  0.1397E-02  0.3411E-02
      6.719  0.0000E+00  0.0000E+00  0.0000E+00
      6.789  0.0000E+00  0.0000E+00  0.0000E+00
      6.858  0.0000E+00  0.0000E+00  0.0000E+00
      6.927  0.0000E+00  0.0000E+00  0.0000E+00
      6.997  0.0000E+00  0.0000E+00  0.0000E+00
      7.066  0.0000E+00  0.0000E+00  0.0000E+00
      7.135  0.0000E+00  0.0000E+00  0.0000E+00
      7.205  0.0000E+00  0.0000E+00  0.0000E+00
      7.274  0.0000E+00  0.0000E+00  0.0000E+00
      7.343  0.0000E+00  0.0000E+00  0.0000E+00
      7.413  0.0000E+00  0.0000E+00  0.0000E+00
      7.482  0.0000E+00  0.0000E+00  0.0000E+00
      7.551  0.0000E+00  0.0000E+00  0.0000E+00
      7.621  0.0000E+00  0.0000E+00  0.0000E+00
      7.690  0.0000E+00  0.0000E+00  0.0000E+00
