    -13.112  0.0000E+00  0.0000E+00  0.0000E+00
    -13.042  0.0000E+00  0.0000E+00  0.0000E+00
    -12.973  0.0000E+00  0.0000E+00  0.0000E+00
    -12.904  0.0000E+00  0.0000E+00  0.0000E+00
    -12.834  0.0000E+00  0.0000E+00  0.0000E+00
    -12.765  0.0000E+00  0.0000E+00  0.0000E+00
    -12.696  0.0000E+00  0.0000E+00  0.0000E+00
    -12.626  0.0000E+00  0.0000E+00  0.0000E+00
    -12.557  0.0000E+00  0.0000E+00  0.0000E+00
    -12.488  0.0000E+00  0.0000E+00  0.0000E+00
    -12.418  0.0000E+00  0.0000E+00  0.0000E+00
    -12.349  0.0000E+00  0.0000E+00  0.0000E+00
    -12.280  0.0000E+00  0.0000E+00  0.0000E+00
    -12.210  0.0000E+00  0.0000E+00  0.0000E+00
    -12.141  0.0000E+00  0.0000E+00  0.0000E+00
    -12.072  0.1223E-02  0.1934E-03  0.4584E-04
    -12.002  0.1490E-02  0.2591E-03  0.6412E-04
    -11.933  0.1275E-02  0.2529E-03  0.6478E-04
    -11.864  0.1189E-02  0.2636E-03  0.6868E-04
    -11.794  0.1273E-02  0.3000E-03  0.7816E-04
    -11.725  0.1267E-02  0.2973E-03  0.8200E-04
    -11.656  0.1218E-02  0.3025E-03  0.8555E-04
    -11.586  0.1194E-02  0.3093E-03  0.8923E-04
    -11.517  0.2716E-01  0.3797E-02  0.1414E-02
    -11.448  0.9363E-02  0.1679E-02  0.6105E-03
    -11.378  0.1971E-01  0.3713E-02  0.1354E-02
    -11.309  0.2633E-01  0.5889E-02  0.2145E-02
    -11.240  0.3286E-01  0.7627E-02  0.2886E-02
    -11.170  0.1696E-01  0.3837E-02  0.1454E-02
    -11.101  0.2185E-01  0.5574E-02  0.2181E-02
    -11.032  0.2299E-01  0.6250E-02  0.2385E-02
    -10.962  0.2197E-01  0.6195E-02  0.2494E-02
    -10.893  0.2533E-01  0.7405E-02  0.2989E-02
    -10.823  0.2003E-01  0.7836E-02  0.3369E-02
    -10.754  0.2394E-01  0.8114E-02  0.3554E-02
    -10.685  0.1032E+00  0.1643E-01  0.1062E-01
    -10.615  0.5935E-01  0.1115E-01  0.7166E-02
    -10.546  0.5457E-01  0.1343E-01  0.8096E-02
    -10.477  0.8624E-01  0.1847E-01  0.1098E-01
    -10.407  0.8691E-01  0.2650E-01  0.1416E-01
    -10.338  0.6741E-01  0.3344E-01  0.1771E-01
    -10.269  0.4742E-01  0.1929E-01  0.1019E-01
    -10.199  0.4331E-01  0.2324E-01  0.1248E-01
    -10.130  0.6365E-01  0.2538E-01  0.1435E-01
    -10.061  0.6986E-01  0.8118E-01  0.4228E-01
     -9.991  0.9058E-01  0.9424E-01  0.5228E-01
     -9.922  0.5450E-01  0.7549E-01  0.4270E-01
     -9.853  0.3880E-01  0.6906E-01  0.3994E-01
     -9.783  0.2910E-01  0.6472E-01  0.3741E-01
     -9.714  0.1628E-01  0.3478E-01  0.1954E-01
     -9.645  0.1164E-01  0.2826E-01  0.1591E-01
     -9.575  0.8613E-02  0.2785E-01  0.1740E-01
     -9.506  0.5964E-02  0.2320E-01  0.1420E-01
     -9.437  0.4075E-02  0.2672E-01  0.1594E-01
     -9.367  0.1718E-02  0.1569E-01  0.9362E-02
     -9.298  0.0000E+00  0.0000E+00  0.0000E+00
     -9.229  0.3193E-02  0.2406E-03  0.8911E-03
     -9.159  0.6223E-02  0.8861E-03  0.1975E-02
     -9.090  0.4382E-02  0.1198E-02  0.1599E-02
     -9.021  0.5050E-02  0.1576E-02  0.2064E-02
     -8.951  0.5032E-02  0.2096E-02  0.2368E-02
     -8.882  0.4231E-02  0.2617E-02  0.2387E-02
     -8.813  0.4120E-02  0.4345E-02  0.3111E-02
     -8.743  0.5916E-03  0.1901E-02  0.1267E-02
     -8.674  0.4404E-03  0.9820E-03  0.6161E-03
     -8.605  0.1981E-02  0.9420E-03  0.1293E-02
     -8.535  0.1576E-02  0.7651E-03  0.9993E-03
     -8.466  0.1143E-02  0.6674E-03  0.7579E-03
     -8.397  0.6021E-02  0.3507E-02  0.2319E-02
     -8.327  0.3509E-02  0.3060E-02  0.2208E-02
     -8.258  0.3192E-02  0.3343E-02  0.2492E-02
     -8.189  0.2960E-02  0.4378E-02  0.3441E-02
     -8.119  0.2700E-02  0.4969E-02  0.4159E-02
     -8.050  0.7047E-02  0.6150E-02  0.4974E-02
     -7.981  0.8794E-02  0.5792E-02  0.6643E-02
     -7.911  0.1282E-01  0.7351E-02  0.1263E-01
     -7.842  0.9547E-02  0.5725E-02  0.1274E-01
     -7.773  0.1354E+00  0.7816E-01  0.9642E-01
     -7.703  0.5438E-01  0.3786E-01  0.4405E-01
     -7.634  0.1430E+00  0.1104E+00  0.1587E+00
     -7.565  0.1024E+00  0.8616E-01  0.1089E+00
     -7.495  0.7693E-01  0.8614E-01  0.9861E-01
     -7.426  0.4378E-01  0.5410E-01  0.8936E-01
     -7.357  0.2503E-01  0.3847E-01  0.6461E-01
     -7.287  0.4100E-01  0.7395E-01  0.1066E+00
     -7.218  0.2264E-01  0.7720E-01  0.1239E+00
     -7.149  0.1614E-01  0.6950E-01  0.9993E-01
     -7.079  0.1241E-01  0.7525E-01  0.8596E-01
     -7.010  0.5781E-02  0.7605E-01  0.5140E-01
     -6.941  0.0000E+00  0.0000E+00  0.0000E+00
     -6.871  0.0000E+00  0.0000E+00  0.0000E+00
     -6.802  0.0000E+00  0.0000E+00  0.0000E+00
     -6.732  0.0000E+00  0.0000E+00  0.0000E+00
     -6.663  0.0000E+00  0.0000E+00  0.0000E+00
     -6.594  0.0000E+00  0.0000E+00  0.0000E+00
     -6.524  0.0000E+00  0.0000E+00  0.0000E+00
     -6.455  0.0000E+00  0.0000E+00  0.0000E+00
     -6.386  0.0000E+00  0.0000E+00  0.0000E+00
     -6.316  0.0000E+00  0.0000E+00  0.0000E+00
     -6.247  0.0000E+00  0.0000E+00  0.0000E+00
     -6.178  0.0000E+00  0.0000E+00  0.0000E+00
     -6.108  0.0000E+00  0.0000E+00  0.0000E+00
     -6.039  0.0000E+00  0.0000E+00  0.0000E+00
     -5.970  0.0000E+00  0.0000E+00  0.0000E+00
     -5.900  0.0000E+00  0.0000E+00  0.0000E+00
     -5.831  0.0000E+00  0.0000E+00  0.0000E+00
     -5.762  0.0000E+00  0.0000E+00  0.0000E+00
     -5.692  0.0000E+00  0.0000E+00  0.0000E+00
     -5.623  0.0000E+00  0.0000E+00  0.0000E+00
     -5.554  0.0000E+00  0.0000E+00  0.0000E+00
     -5.484  0.0000E+00  0.0000E+00  0.0000E+00
     -5.415  0.0000E+00  0.0000E+00  0.0000E+00
     -5.346  0.0000E+00  0.0000E+00  0.0000E+00
     -5.276  0.0000E+00  0.0000E+00  0.0000E+00
     -5.207  0.0000E+00  0.0000E+00  0.0000E+00
     -5.138  0.0000E+00  0.0000E+00  0.0000E+00
     -5.068  0.4945E-03  0.1682E-03  0.8450E-03
     -4.999  0.1090E-02  0.2754E-03  0.9758E-03
     -4.930  0.2407E-02  0.5555E-03  0.1915E-02
     -4.860  0.1029E-01  0.2071E-02  0.9571E-02
     -4.791  0.1188E-01  0.2984E-02  0.1192E-01
     -4.722  0.1293E-01  0.4704E-02  0.1377E-01
     -4.652  0.1680E-01  0.6869E-02  0.1831E-01
     -4.583  0.4314E-01  0.1966E-01  0.5435E-01
     -4.514  0.5941E-01  0.1058E-01  0.3571E-01
     -4.444  0.5647E-01  0.1730E-01  0.7048E-01
     -4.375  0.1485E+00  0.2431E-01  0.5199E-01
     -4.306  0.1511E+00  0.3055E-01  0.8621E-01
     -4.236  0.1358E+00  0.3376E-01  0.1015E+00
     -4.167  0.5596E-01  0.1228E-01  0.3262E-01
     -4.098  0.1794E+00  0.5054E-01  0.1403E+00
     -4.028  0.8561E-02  0.4981E-02  0.9477E-02
     -3.959  0.4456E-01  0.2164E-01  0.5249E-01
     -3.890  0.1470E+00  0.6565E-01  0.1253E+00
     -3.820  0.2965E-01  0.1782E-01  0.3697E-01
     -3.751  0.1905E+00  0.7791E-01  0.1998E+00
     -3.682  0.7941E-01  0.3017E-01  0.9620E-01
     -3.612  0.1090E+00  0.3643E-01  0.1662E+00
     -3.543  0.1324E+00  0.5505E-01  0.1435E+00
     -3.474  0.1060E+00  0.6335E-01  0.1899E+00
     -3.404  0.7860E-01  0.3451E-01  0.1193E+00
     -3.335  0.2453E-01  0.1092E-01  0.3295E-01
     -3.266  0.1159E+00  0.6295E-01  0.2313E+00
     -3.196  0.8022E-01  0.6839E-01  0.2350E+00
     -3.127  0.8926E-01  0.5423E-01  0.2509E+00
     -3.058  0.7484E-01  0.2751E-01  0.1202E+00
     -2.988  0.1206E+00  0.4662E-01  0.2299E+00
     -2.919  0.3327E-01  0.3447E-01  0.1740E+00
     -2.850  0.1308E+00  0.5064E-01  0.2717E+00
     -2.780  0.7536E-01  0.3676E-01  0.2715E+00
     -2.711  0.7291E-01  0.5061E-01  0.3128E+00
     -2.642  0.1690E+00  0.7479E-01  0.5506E+00
     -2.572  0.7710E-01  0.5430E-01  0.3449E+00
     -2.503  0.6401E-01  0.6181E-01  0.4332E+00
     -2.433  0.8085E-01  0.4393E-01  0.4235E+00
     -2.364  0.1122E+00  0.6333E-01  0.6252E+00
     -2.295  0.4032E-01  0.4739E-01  0.3219E+00
     -2.225  0.9976E-01  0.6513E-01  0.5292E+00
     -2.156  0.2216E-01  0.1908E-01  0.1249E+00
     -2.087  0.1122E+00  0.6120E-01  0.6337E+00
     -2.017  0.1431E+00  0.1518E+00  0.7629E+00
     -1.948  0.5932E-01  0.5613E-01  0.5424E+00
     -1.879  0.7262E-01  0.6318E-01  0.6293E+00
     -1.809  0.5088E-01  0.6881E-01  0.6955E+00
     -1.740  0.4681E-01  0.1096E+00  0.7534E+00
     -1.671  0.3491E-01  0.1069E+00  0.9099E+00
     -1.601  0.3698E-01  0.1980E+00  0.2084E+01
     -1.532  0.4786E-01  0.1357E+00  0.1026E+01
     -1.463  0.6759E-01  0.1243E+00  0.1352E+01
     -1.393  0.2908E-01  0.7131E-01  0.6323E+00
     -1.324  0.4913E-01  0.9985E-01  0.7544E+00
     -1.255  0.2084E-01  0.7948E-01  0.3971E+00
     -1.185  0.2150E-01  0.3295E-01  0.2524E+00
     -1.116  0.1192E-01  0.4058E-01  0.3334E+00
     -1.047  0.1546E-01  0.1844E-01  0.3604E+00
     -0.977  0.1404E-01  0.4440E-01  0.4943E+00
     -0.908  0.3625E-01  0.5776E-01  0.1495E+01
     -0.839  0.2188E-01  0.7229E-01  0.1300E+01
     -0.769  0.1941E-01  0.1200E+00  0.2089E+01
     -0.700  0.2056E-01  0.1800E+00  0.2784E+01
     -0.631  0.1618E-01  0.2072E+00  0.3632E+01
     -0.561  0.9959E-02  0.1298E+00  0.1700E+01
     -0.492  0.7587E-02  0.4220E-01  0.8403E+00
     -0.423  0.1184E-01  0.7158E-01  0.1252E+01
     -0.353  0.8990E-02  0.8154E-01  0.9145E+00
     -0.284  0.2056E-01  0.8174E-01  0.1870E+01
     -0.215  0.1140E-01  0.8871E-01  0.1804E+01
     -0.145  0.1143E-01  0.5049E-01  0.1124E+01
     -0.076  0.7320E-02  0.3809E-01  0.1264E+01
     -0.007  0.9814E-02  0.7669E-01  0.2119E+01
      0.063  0.6111E-02  0.4424E-01  0.1481E+01
      0.132  0.1795E-01  0.1046E+00  0.5312E+01
      0.201  0.1547E-01  0.1014E+00  0.3803E+01
      0.271  0.6388E-02  0.3039E-01  0.1392E+01
      0.340  0.3773E-01  0.9628E-01  0.6140E+01
      0.409  0.1895E-01  0.2764E-01  0.2361E+01
      0.479  0.4423E-01  0.9250E-01  0.5998E+01
      0.548  0.2267E-01  0.5515E-01  0.3023E+01
      0.617  0.2550E-01  0.8461E-01  0.3278E+01
      0.687  0.3337E-01  0.6237E-01  0.3051E+01
      0.756  0.3386E-01  0.7074E-01  0.3563E+01
      0.825  0.1265E-01  0.3705E-01  0.2203E+01
      0.895  0.3614E-01  0.4648E-01  0.3538E+01
      0.964  0.7554E-01  0.4620E-01  0.4558E+01
      1.033  0.6771E-01  0.1129E+00  0.4480E+01
      1.103  0.2100E-01  0.5504E-01  0.1621E+01
      1.172  0.4662E-01  0.1231E+00  0.3225E+01
      1.241  0.2767E-01  0.9356E-01  0.2753E+01
      1.311  0.2037E-01  0.5713E-01  0.1600E+01
      1.380  0.4159E-01  0.8624E-01  0.1940E+01
      1.449  0.2749E-01  0.9900E-01  0.1505E+01
      1.519  0.2280E-01  0.2163E-01  0.8179E+00
      1.588  0.3510E-01  0.5487E-01  0.8473E+00
      1.657  0.4270E-01  0.6243E-01  0.1391E+01
      1.727  0.2807E-01  0.6591E-01  0.1184E+01
      1.796  0.2954E-01  0.1221E+00  0.1554E+01
      1.866  0.3564E-01  0.5555E-01  0.1011E+01
      1.935  0.1690E-01  0.2347E-01  0.4499E+00
      2.004  0.1303E-01  0.2896E-01  0.3781E+00
      2.074  0.3531E-01  0.1213E+00  0.1209E+01
      2.143  0.3307E-01  0.7949E-01  0.9326E+00
      2.212  0.1186E-01  0.2915E-01  0.4797E+00
      2.282  0.2023E-01  0.3839E-01  0.3887E+00
      2.351  0.2131E-01  0.8541E-01  0.8042E+00
      2.420  0.1422E-01  0.3136E-01  0.3746E+00
      2.490  0.9232E-02  0.2938E-01  0.2297E+00
      2.559  0.1341E-01  0.2118E-01  0.2130E+00
      2.628  0.1193E-01  0.2936E-01  0.3100E+00
      2.698  0.2190E-01  0.4027E-01  0.3865E+00
      2.767  0.1610E-01  0.3590E-01  0.2758E+00
      2.836  0.2066E-01  0.3358E-01  0.3177E+00
      2.906  0.2339E-01  0.4352E-01  0.3649E+00
      2.975  0.1436E-01  0.4184E-01  0.2407E+00
      3.044  0.2607E-01  0.7031E-01  0.3896E+00
      3.114  0.3184E-01  0.7449E-01  0.5274E+00
      3.183  0.3024E-01  0.8109E-01  0.4425E+00
      3.252  0.2635E-01  0.6188E-01  0.3241E+00
      3.322  0.2381E-01  0.5766E-01  0.2909E+00
      3.391  0.2014E-01  0.6127E-01  0.3130E+00
      3.460  0.1672E-01  0.6084E-01  0.2949E+00
      3.530  0.1422E-01  0.6068E-01  0.2949E+00
      3.599  0.1431E-01  0.8414E-01  0.3559E+00
      3.668  0.2762E-01  0.1054E+00  0.5109E+00
      3.738  0.1301E-01  0.5070E-01  0.2955E+00
      3.807  0.1504E-01  0.7845E-01  0.3404E+00
      3.876  0.7707E-02  0.5835E-01  0.2214E+00
      3.946  0.8659E-02  0.5262E-01  0.2009E+00
      4.015  0.1435E-01  0.8002E-01  0.4304E+00
      4.084  0.1086E-01  0.6960E-01  0.3492E+00
      4.154  0.2647E-01  0.7199E-01  0.3390E+00
      4.223  0.2187E-01  0.5439E-01  0.2751E+00
      4.292  0.1550E-01  0.4611E-01  0.2204E+00
      4.362  0.1170E-01  0.8871E-01  0.2487E+00
      4.431  0.1749E-01  0.8351E-01  0.3469E+00
      4.500  0.1401E-01  0.7215E-01  0.2814E+00
      4.570  0.1980E-01  0.6715E-01  0.2575E+00
      4.639  0.7170E-02  0.4893E-01  0.1767E+00
      4.708  0.1022E-01  0.4864E-01  0.1311E+00
      4.778  0.1206E-01  0.4712E-01  0.1296E+00
      4.847  0.4984E-02  0.2410E-01  0.6859E-01
      4.916  0.5478E-02  0.2280E-01  0.8228E-01
      4.986  0.1063E-01  0.2453E-01  0.1348E+00
      5.055  0.9108E-02  0.3310E-01  0.9282E-01
      5.124  0.1786E-01  0.9759E-01  0.1936E+00
      5.194  0.1423E-01  0.5023E-01  0.8932E-01
      5.263  0.1906E-01  0.3953E-01  0.6619E-01
      5.332  0.4185E-01  0.8231E-01  0.9835E-01
      5.402  0.1779E-01  0.5723E-01  0.1080E+00
      5.471  0.1345E-01  0.5645E-01  0.1042E+00
      5.540  0.1058E-01  0.7734E-01  0.1035E+00
      5.610  0.1674E-01  0.6594E-01  0.1368E+00
      5.679  0.2097E-01  0.7602E-01  0.1346E+00
      5.748  0.1364E-01  0.5407E-01  0.1191E+00
      5.818  0.9655E-02  0.2912E-01  0.1501E+00
      5.887  0.6901E-02  0.2528E-01  0.2065E+00
      5.956  0.1043E-01  0.4066E-01  0.2319E+00
      6.026  0.5761E-02  0.2092E-01  0.1007E+00
      6.095  0.6945E-02  0.1447E-01  0.6256E-01
      6.165  0.5655E-02  0.8433E-02  0.2734E-01
      6.234  0.7304E-02  0.1079E-01  0.3295E-01
      6.303  0.8374E-02  0.1225E-01  0.3628E-01
      6.373  0.9044E-02  0.1254E-01  0.3392E-01
      6.442  0.1215E-01  0.1600E-01  0.3903E-01
      6.511  0.7991E-02  0.9295E-02  0.2556E-01
      6.581  0.1424E-02  0.3186E-02  0.9101E-02
      6.650  0.5225E-03  0.1595E-02  0.4011E-02
      6.719  0.0000E+00  0.0000E+00  0.0000E+00
      6.789  0.0000E+00  0.0000E+00  0.0000E+00
      6.858  0.0000E+00  0.0000E+00  0.0000E+00
      6.927  0.0000E+00  0.0000E+00  0.0000E+00
      6.997  0.0000E+00  0.0000E+00  0.0000E+00
      7.066  0.0000E+00  0.0000E+00  0.0000E+00
      7.135  0.0000E+00  0.0000E+00  0.0000E+00
      7.205  0.0000E+00  0.0000E+00  0.0000E+00
      7.274  0.0000E+00  0.0000E+00  0.0000E+00
      7.343  0.0000E+00  0.0000E+00  0.0000E+00
      7.413  0.0000E+00  0.0000E+00  0.0000E+00
      7.482  0.0000E+00  0.0000E+00  0.0000E+00
      7.551  0.0000E+00  0.0000E+00  0.0000E+00
      7.621  0.0000E+00  0.0000E+00  0.0000E+00
      7.690  0.0000E+00  0.0000E+00  0.0000E+00
