    -13.112  0.0000E+00  0.0000E+00  0.0000E+00
    -13.042  0.0000E+00  0.0000E+00  0.0000E+00
    -12.973  0.0000E+00  0.0000E+00  0.0000E+00
    -12.904  0.0000E+00  0.0000E+00  0.0000E+00
    -12.834  0.0000E+00  0.0000E+00  0.0000E+00
    -12.765  0.0000E+00  0.0000E+00  0.0000E+00
    -12.696  0.0000E+00  0.0000E+00  0.0000E+00
    -12.626  0.0000E+00  0.0000E+00  0.0000E+00
    -12.557  0.0000E+00  0.0000E+00  0.0000E+00
    -12.488  0.0000E+00  0.0000E+00  0.0000E+00
    -12.418  0.0000E+00  0.0000E+00  0.0000E+00
    -12.349  0.0000E+00  0.0000E+00  0.0000E+00
    -12.280  0.0000E+00  0.0000E+00  0.0000E+00
    -12.210  0.0000E+00  0.0000E+00  0.0000E+00
    -12.141  0.0000E+00  0.0000E+00  0.0000E+00
    -12.072  0.1231E-02  0.1941E-03  0.4443E-04
    -12.002  0.1500E-02  0.2600E-03  0.6221E-04
    -11.933  0.1277E-02  0.2523E-03  0.6571E-04
    -11.864  0.1179E-02  0.2604E-03  0.7313E-04
    -11.794  0.1258E-02  0.2980E-03  0.8812E-04
    -11.725  0.1281E-02  0.3032E-03  0.8491E-04
    -11.656  0.1232E-02  0.3065E-03  0.8669E-04
    -11.586  0.1208E-02  0.3109E-03  0.8795E-04
    -11.517  0.2728E-01  0.3813E-02  0.1421E-02
    -11.448  0.9407E-02  0.1684E-02  0.6116E-03
    -11.378  0.2129E-01  0.3799E-02  0.1441E-02
    -11.309  0.2914E-01  0.6066E-02  0.2407E-02
    -11.240  0.3287E-01  0.7674E-02  0.2929E-02
    -11.170  0.1517E-01  0.3774E-02  0.1413E-02
    -11.101  0.2079E-01  0.5558E-02  0.2081E-02
    -11.032  0.2238E-01  0.6237E-02  0.2430E-02
    -10.962  0.2189E-01  0.6112E-02  0.2293E-02
    -10.893  0.2556E-01  0.7354E-02  0.2829E-02
    -10.823  0.2057E-01  0.7842E-02  0.3143E-02
    -10.754  0.2705E-01  0.8347E-02  0.3702E-02
    -10.685  0.1007E+00  0.1632E-01  0.1054E-01
    -10.615  0.6331E-01  0.1120E-01  0.7181E-02
    -10.546  0.6789E-01  0.1352E-01  0.8223E-02
    -10.477  0.7210E-01  0.1857E-01  0.1029E-01
    -10.407  0.7713E-01  0.2711E-01  0.1461E-01
    -10.338  0.7075E-01  0.3489E-01  0.1770E-01
    -10.269  0.4499E-01  0.1831E-01  0.1004E-01
    -10.199  0.4032E-01  0.2320E-01  0.1270E-01
    -10.130  0.6556E-01  0.2498E-01  0.1453E-01
    -10.061  0.8220E-01  0.8256E-01  0.4058E-01
     -9.991  0.9697E-01  0.9526E-01  0.5221E-01
     -9.922  0.4109E-01  0.7548E-01  0.4258E-01
     -9.853  0.3270E-01  0.6909E-01  0.3942E-01
     -9.783  0.2603E-01  0.6549E-01  0.3850E-01
     -9.714  0.1623E-01  0.3738E-01  0.2184E-01
     -9.645  0.1180E-01  0.3102E-01  0.1810E-01
     -9.575  0.7259E-02  0.2354E-01  0.1455E-01
     -9.506  0.5369E-02  0.2138E-01  0.1305E-01
     -9.437  0.3837E-02  0.2679E-01  0.1619E-01
     -9.367  0.1561E-02  0.1570E-01  0.9513E-02
     -9.298  0.0000E+00  0.0000E+00  0.0000E+00
     -9.229  0.3247E-02  0.3089E-03  0.8879E-03
     -9.159  0.6283E-02  0.9685E-03  0.1948E-02
     -9.090  0.4574E-02  0.1176E-02  0.1807E-02
     -9.021  0.5037E-02  0.1567E-02  0.2043E-02
     -8.951  0.4923E-02  0.2155E-02  0.2251E-02
     -8.882  0.4141E-02  0.2712E-02  0.2328E-02
     -8.813  0.4523E-02  0.4348E-02  0.3097E-02
     -8.743  0.6883E-03  0.2077E-02  0.1287E-02
     -8.674  0.3328E-03  0.6710E-03  0.6610E-03
     -8.605  0.1942E-02  0.8772E-03  0.1280E-02
     -8.535  0.1552E-02  0.7683E-03  0.9615E-03
     -8.466  0.1166E-02  0.6471E-03  0.7514E-03
     -8.397  0.5916E-02  0.3458E-02  0.2300E-02
     -8.327  0.3731E-02  0.3141E-02  0.2192E-02
     -8.258  0.3456E-02  0.3325E-02  0.2462E-02
     -8.189  0.2990E-02  0.4343E-02  0.3421E-02
     -8.119  0.3209E-02  0.4897E-02  0.4222E-02
     -8.050  0.7210E-02  0.6166E-02  0.5391E-02
     -7.981  0.8711E-02  0.5757E-02  0.6674E-02
     -7.911  0.1358E-01  0.7030E-02  0.1285E-01
     -7.842  0.8408E-02  0.6793E-02  0.1211E-01
     -7.773  0.1607E+00  0.8730E-01  0.8543E-01
     -7.703  0.4669E-01  0.3581E-01  0.4753E-01
     -7.634  0.1671E+00  0.1320E+00  0.1386E+00
     -7.565  0.9375E-01  0.8122E-01  0.1197E+00
     -7.495  0.7955E-01  0.7869E-01  0.9319E-01
     -7.426  0.3546E-01  0.5205E-01  0.9102E-01
     -7.357  0.2770E-01  0.3855E-01  0.6648E-01
     -7.287  0.3674E-01  0.7418E-01  0.1073E+00
     -7.218  0.2248E-01  0.7449E-01  0.1252E+00
     -7.149  0.1449E-01  0.7056E-01  0.1001E+00
     -7.079  0.1033E-01  0.7391E-01  0.8685E-01
     -7.010  0.5895E-02  0.7391E-01  0.5183E-01
     -6.941  0.0000E+00  0.0000E+00  0.0000E+00
     -6.871  0.0000E+00  0.0000E+00  0.0000E+00
     -6.802  0.0000E+00  0.0000E+00  0.0000E+00
     -6.732  0.0000E+00  0.0000E+00  0.0000E+00
     -6.663  0.0000E+00  0.0000E+00  0.0000E+00
     -6.594  0.0000E+00  0.0000E+00  0.0000E+00
     -6.524  0.0000E+00  0.0000E+00  0.0000E+00
     -6.455  0.0000E+00  0.0000E+00  0.0000E+00
     -6.386  0.0000E+00  0.0000E+00  0.0000E+00
     -6.316  0.0000E+00  0.0000E+00  0.0000E+00
     -6.247  0.0000E+00  0.0000E+00  0.0000E+00
     -6.178  0.0000E+00  0.0000E+00  0.0000E+00
     -6.108  0.0000E+00  0.0000E+00  0.0000E+00
     -6.039  0.0000E+00  0.0000E+00  0.0000E+00
     -5.970  0.0000E+00  0.0000E+00  0.0000E+00
     -5.900  0.0000E+00  0.0000E+00  0.0000E+00
     -5.831  0.0000E+00  0.0000E+00  0.0000E+00
     -5.762  0.0000E+00  0.0000E+00  0.0000E+00
     -5.692  0.0000E+00  0.0000E+00  0.0000E+00
     -5.623  0.0000E+00  0.0000E+00  0.0000E+00
     -5.554  0.0000E+00  0.0000E+00  0.0000E+00
     -5.484  0.0000E+00  0.0000E+00  0.0000E+00
     -5.415  0.0000E+00  0.0000E+00  0.0000E+00
     -5.346  0.0000E+00  0.0000E+00  0.0000E+00
     -5.276  0.0000E+00  0.0000E+00  0.0000E+00
     -5.207  0.0000E+00  0.0000E+00  0.0000E+00
     -5.138  0.0000E+00  0.0000E+00  0.0000E+00
     -5.068  0.6214E-03  0.1707E-03  0.7754E-03
     -4.999  0.1041E-02  0.2632E-03  0.1009E-02
     -4.930  0.2311E-02  0.5481E-03  0.1956E-02
     -4.860  0.1041E-01  0.2090E-02  0.9551E-02
     -4.791  0.1250E-01  0.2879E-02  0.1206E-01
     -4.722  0.1522E-01  0.4194E-02  0.1412E-01
     -4.652  0.2063E-01  0.6015E-02  0.1892E-01
     -4.583  0.4035E-01  0.1733E-01  0.5410E-01
     -4.514  0.4672E-01  0.1413E-01  0.4001E-01
     -4.444  0.5812E-01  0.1796E-01  0.6728E-01
     -4.375  0.1479E+00  0.2551E-01  0.5294E-01
     -4.306  0.1596E+00  0.3266E-01  0.7890E-01
     -4.236  0.1401E+00  0.3384E-01  0.1027E+00
     -4.167  0.4318E-01  0.1253E-01  0.3082E-01
     -4.098  0.1675E+00  0.5057E-01  0.1439E+00
     -4.028  0.8637E-02  0.4594E-02  0.9786E-02
     -3.959  0.5204E-01  0.2071E-01  0.5168E-01
     -3.890  0.1304E+00  0.6460E-01  0.1363E+00
     -3.820  0.2637E-01  0.1878E-01  0.3850E-01
     -3.751  0.1726E+00  0.8494E-01  0.2054E+00
     -3.682  0.6772E-01  0.3175E-01  0.8866E-01
     -3.612  0.1163E+00  0.4121E-01  0.1592E+00
     -3.543  0.1252E+00  0.5521E-01  0.1533E+00
     -3.474  0.1311E+00  0.6189E-01  0.1766E+00
     -3.404  0.9067E-01  0.2432E-01  0.1179E+00
     -3.335  0.2178E-01  0.1236E-01  0.3998E-01
     -3.266  0.1086E+00  0.7386E-01  0.2394E+00
     -3.196  0.8744E-01  0.7171E-01  0.2354E+00
     -3.127  0.8388E-01  0.5366E-01  0.2568E+00
     -3.058  0.8011E-01  0.2907E-01  0.1220E+00
     -2.988  0.1087E+00  0.4194E-01  0.2264E+00
     -2.919  0.4272E-01  0.3466E-01  0.1836E+00
     -2.850  0.9993E-01  0.5271E-01  0.3119E+00
     -2.780  0.7260E-01  0.3312E-01  0.2793E+00
     -2.711  0.9003E-01  0.4505E-01  0.3333E+00
     -2.642  0.1718E+00  0.7928E-01  0.6154E+00
     -2.572  0.7066E-01  0.5435E-01  0.3313E+00
     -2.503  0.6629E-01  0.6401E-01  0.4336E+00
     -2.433  0.6979E-01  0.4665E-01  0.4196E+00
     -2.364  0.1114E+00  0.7293E-01  0.5905E+00
     -2.295  0.4420E-01  0.4479E-01  0.3252E+00
     -2.225  0.1375E+00  0.5027E-01  0.4609E+00
     -2.156  0.1850E-01  0.1806E-01  0.1446E+00
     -2.087  0.9320E-01  0.7680E-01  0.7633E+00
     -2.017  0.1205E+00  0.1422E+00  0.7382E+00
     -1.948  0.7306E-01  0.5331E-01  0.5531E+00
     -1.879  0.6895E-01  0.7318E-01  0.6526E+00
     -1.809  0.5013E-01  0.7232E-01  0.7299E+00
     -1.740  0.5299E-01  0.1145E+00  0.7656E+00
     -1.671  0.3310E-01  0.1009E+00  0.8753E+00
     -1.601  0.4021E-01  0.1952E+00  0.2113E+01
     -1.532  0.6322E-01  0.1231E+00  0.9064E+00
     -1.463  0.5016E-01  0.1231E+00  0.1191E+01
     -1.393  0.3482E-01  0.7457E-01  0.7150E+00
     -1.324  0.4241E-01  0.1033E+00  0.7492E+00
     -1.255  0.2166E-01  0.7737E-01  0.3913E+00
     -1.185  0.1746E-01  0.3805E-01  0.2582E+00
     -1.116  0.1217E-01  0.3590E-01  0.3543E+00
     -1.047  0.1311E-01  0.1803E-01  0.3922E+00
     -0.977  0.1348E-01  0.4318E-01  0.5149E+00
     -0.908  0.3701E-01  0.6732E-01  0.1673E+01
     -0.839  0.2520E-01  0.7828E-01  0.1247E+01
     -0.769  0.2133E-01  0.1178E+00  0.2074E+01
     -0.700  0.1743E-01  0.1764E+00  0.2774E+01
     -0.631  0.1902E-01  0.2130E+00  0.3583E+01
     -0.561  0.6508E-02  0.1221E+00  0.1829E+01
     -0.492  0.7053E-02  0.3781E-01  0.8169E+00
     -0.423  0.1402E-01  0.6616E-01  0.1277E+01
     -0.353  0.8694E-02  0.8157E-01  0.8822E+00
     -0.284  0.1816E-01  0.8968E-01  0.1845E+01
     -0.215  0.1090E-01  0.8503E-01  0.1792E+01
     -0.145  0.1324E-01  0.5056E-01  0.1168E+01
     -0.076  0.7397E-02  0.4027E-01  0.1232E+01
     -0.007  0.9196E-02  0.7497E-01  0.2134E+01
      0.063  0.5498E-02  0.4609E-01  0.1432E+01
      0.132  0.1648E-01  0.1051E+00  0.5283E+01
      0.201  0.1499E-01  0.9979E-01  0.4124E+01
      0.271  0.6360E-02  0.3264E-01  0.1304E+01
      0.340  0.4317E-01  0.9881E-01  0.6209E+01
      0.409  0.1754E-01  0.2548E-01  0.2027E+01
      0.479  0.4489E-01  0.8495E-01  0.6515E+01
      0.548  0.3271E-01  0.5908E-01  0.3343E+01
      0.617  0.3193E-01  0.8360E-01  0.2972E+01
      0.687  0.3355E-01  0.6385E-01  0.3074E+01
      0.756  0.3209E-01  0.7234E-01  0.3515E+01
      0.825  0.1649E-01  0.3488E-01  0.1960E+01
      0.895  0.3870E-01  0.4511E-01  0.3658E+01
      0.964  0.7942E-01  0.5511E-01  0.5010E+01
      1.033  0.7508E-01  0.1247E+00  0.4446E+01
      1.103  0.1917E-01  0.6601E-01  0.1891E+01
      1.172  0.5689E-01  0.1266E+00  0.3405E+01
      1.241  0.3095E-01  0.9629E-01  0.2968E+01
      1.311  0.2128E-01  0.5901E-01  0.1524E+01
      1.380  0.3945E-01  0.8788E-01  0.1835E+01
      1.449  0.2668E-01  0.1016E+00  0.1418E+01
      1.519  0.2171E-01  0.2105E-01  0.8357E+00
      1.588  0.2579E-01  0.5711E-01  0.9116E+00
      1.657  0.4612E-01  0.6781E-01  0.1524E+01
      1.727  0.3050E-01  0.7310E-01  0.1181E+01
      1.796  0.3718E-01  0.1158E+00  0.1421E+01
      1.866  0.3455E-01  0.5587E-01  0.9620E+00
      1.935  0.1968E-01  0.2383E-01  0.4326E+00
      2.004  0.1113E-01  0.2982E-01  0.3778E+00
      2.074  0.3526E-01  0.1208E+00  0.1246E+01
      2.143  0.2696E-01  0.7268E-01  0.8635E+00
      2.212  0.1138E-01  0.3004E-01  0.4548E+00
      2.282  0.2191E-01  0.3721E-01  0.3992E+00
      2.351  0.2058E-01  0.7915E-01  0.8181E+00
      2.420  0.1346E-01  0.3291E-01  0.3726E+00
      2.490  0.1000E-01  0.2895E-01  0.2557E+00
      2.559  0.1165E-01  0.2086E-01  0.1990E+00
      2.628  0.1695E-01  0.2920E-01  0.3073E+00
      2.698  0.2215E-01  0.3996E-01  0.3862E+00
      2.767  0.1483E-01  0.3638E-01  0.2834E+00
      2.836  0.2097E-01  0.3353E-01  0.3138E+00
      2.906  0.2165E-01  0.4764E-01  0.3558E+00
      2.975  0.1687E-01  0.4215E-01  0.2415E+00
      3.044  0.2631E-01  0.7010E-01  0.3886E+00
      3.114  0.3553E-01  0.8409E-01  0.5679E+00
      3.183  0.2615E-01  0.7139E-01  0.4332E+00
      3.252  0.2944E-01  0.6772E-01  0.3264E+00
      3.322  0.2114E-01  0.5522E-01  0.2962E+00
      3.391  0.1847E-01  0.5349E-01  0.3092E+00
      3.460  0.1707E-01  0.6052E-01  0.2912E+00
      3.530  0.1385E-01  0.5782E-01  0.2938E+00
      3.599  0.1483E-01  0.8632E-01  0.3523E+00
      3.668  0.2400E-01  0.1149E+00  0.5156E+00
      3.738  0.1310E-01  0.5534E-01  0.2935E+00
      3.807  0.1558E-01  0.8062E-01  0.3376E+00
      3.876  0.8637E-02  0.5833E-01  0.2234E+00
      3.946  0.9639E-02  0.5029E-01  0.2047E+00
      4.015  0.1340E-01  0.8027E-01  0.4516E+00
      4.084  0.1306E-01  0.6446E-01  0.3527E+00
      4.154  0.2352E-01  0.6476E-01  0.3328E+00
      4.223  0.2261E-01  0.6004E-01  0.2738E+00
      4.292  0.1563E-01  0.5059E-01  0.2204E+00
      4.362  0.1515E-01  0.8893E-01  0.2488E+00
      4.431  0.1703E-01  0.8440E-01  0.3547E+00
      4.500  0.1402E-01  0.7114E-01  0.2922E+00
      4.570  0.1804E-01  0.6895E-01  0.2521E+00
      4.639  0.8368E-02  0.5680E-01  0.1606E+00
      4.708  0.1101E-01  0.5236E-01  0.1435E+00
      4.778  0.8173E-02  0.4710E-01  0.1274E+00
      4.847  0.4998E-02  0.2341E-01  0.6556E-01
      4.916  0.5282E-02  0.2260E-01  0.8118E-01
      4.986  0.1104E-01  0.2975E-01  0.1232E+00
      5.055  0.8630E-02  0.3386E-01  0.9607E-01
      5.124  0.1906E-01  0.9487E-01  0.1978E+00
      5.194  0.1273E-01  0.5141E-01  0.8780E-01
      5.263  0.1946E-01  0.4048E-01  0.6142E-01
      5.332  0.3113E-01  0.8102E-01  0.8994E-01
      5.402  0.2171E-01  0.5627E-01  0.1117E+00
      5.471  0.1140E-01  0.6463E-01  0.1144E+00
      5.540  0.9416E-02  0.6792E-01  0.8873E-01
      5.610  0.1553E-01  0.7484E-01  0.1477E+00
      5.679  0.1707E-01  0.6697E-01  0.1427E+00
      5.748  0.1579E-01  0.5152E-01  0.1060E+00
      5.818  0.1184E-01  0.2986E-01  0.1374E+00
      5.887  0.9451E-02  0.3233E-01  0.2063E+00
      5.956  0.1022E-01  0.3968E-01  0.2096E+00
      6.026  0.7271E-02  0.2013E-01  0.8147E-01
      6.095  0.5605E-02  0.1110E-01  0.6111E-01
      6.165  0.4724E-02  0.6591E-02  0.3109E-01
      6.234  0.6665E-02  0.8986E-02  0.3572E-01
      6.303  0.8034E-02  0.1114E-01  0.3829E-01
      6.373  0.8561E-02  0.1201E-01  0.3512E-01
      6.442  0.1017E-01  0.1573E-01  0.3891E-01
      6.511  0.7304E-02  0.1138E-01  0.2539E-01
      6.581  0.5080E-02  0.4612E-02  0.9784E-02
      6.650  0.2861E-02  0.2122E-02  0.4298E-02
      6.719  0.0000E+00  0.0000E+00  0.0000E+00
      6.789  0.0000E+00  0.0000E+00  0.0000E+00
      6.858  0.0000E+00  0.0000E+00  0.0000E+00
      6.927  0.0000E+00  0.0000E+00  0.0000E+00
      6.997  0.0000E+00  0.0000E+00  0.0000E+00
      7.066  0.0000E+00  0.0000E+00  0.0000E+00
      7.135  0.0000E+00  0.0000E+00  0.0000E+00
      7.205  0.0000E+00  0.0000E+00  0.0000E+00
      7.274  0.0000E+00  0.0000E+00  0.0000E+00
      7.343  0.0000E+00  0.0000E+00  0.0000E+00
      7.413  0.0000E+00  0.0000E+00  0.0000E+00
      7.482  0.0000E+00  0.0000E+00  0.0000E+00
      7.551  0.0000E+00  0.0000E+00  0.0000E+00
      7.621  0.0000E+00  0.0000E+00  0.0000E+00
      7.690  0.0000E+00  0.0000E+00  0.0000E+00
