13.1677057345 11.0770636013 12.2229005803 12.2357114571 11.6301278249 5.06330671223 3.68643797236 2.74595005974 2.63834048234 4.78365410334 -1.5916236
11.5639296822 10.765465357 16.1750740925 14.8801693705 14.7008447302 4.50005549467 4.49388534047 5.46278849336 4.84533093114 4.6040341288 -1.4540536
10.3498055887 10.7360379832 15.0569344437 13.9875100177 7.58900660921 3.48377910505 3.48025844781 5.70465760943 2.93488646203 5.36214392777 -0.9923836
9.49965184836 9.66106766362 6.18468006229 7.96155662511 3.70507376759 3.42593647726 5.59469583917 5.41833561839 5.10530016811 1.9639702589 -4.8348236
10.8381811923 10.256160269 10.2513561166 9.96495370253 15.03603408 10.4975263873 8.05865088843 3.92493848828 6.30231720915 5.24126254603 -0.8360236
11.6042622457 16.2753721088 7.02025985225 3.6550652092 3.21226337803 4.21783982475 3.22819413307 1.72486476646 1.62564168169 2.88704118357 -1.5707636
10.4399843603 9.0420592741 8.72165171146 14.8723957648 5.49419310913 4.07154719402 6.66400402535 2.95244572445 5.5946840733 4.66600012457 -0.7963536
10.4874374702 10.4444166274 10.1452912579 14.8602228739 4.75408990562 8.52982554055 3.99480161103 3.63329476949 6.71612890947 5.88535130903 -0.9548536
11.1061166448 17.1120253631 15.0281781225 15.1477249309 14.3552486175 7.06488958355 6.63567069183 3.3863483053 6.11058922489 3.28153685565 -2.4888536
10.4086374216 14.3340776521 3.91050594368 6.14874471613 5.69260754926 5.01359260477 4.554189862 2.39598307289 2.09280507764 3.14091469179 -1.4322636
16.9702833919 12.6361653199 9.88576273792 8.2025692576 6.69883942388 11.4823612181 11.4415467983 10.5225496861 9.91431913484 8.3675708917 -1.9762436
14.5335625088 6.84217132246 10.0439183854 5.16557856539 8.84606627342 4.60395283141 8.0493457362 3.33792206725 5.77658744245 2.85594372249 -1.2985536
12.726367897 12.4124857508 16.4238123865 12.2817741772 9.36864834685 2.81195443939 2.45350636933 2.15710811435 3.91903971666 3.24808511856 -1.3860736
11.2338250736 10.3468418818 15.7198071307 8.75106409903 3.59218025995 6.62600035632 6.60490443012 3.08668258379 2.78807740859 2.58061342481 -1.4347136
10.6031895192 8.86531687296 2.94022919259 5.27839425581 5.12866377034 4.27754315817 1.90236964787 3.48018272775 3.36297388667 2.94734462695 -3.5612236
10.1558889647 14.6269530113 8.00897030793 3.60626938561 5.43313929564 2.58599419463 4.46278757093 4.38854217084 2.14601947864 3.20038779013 -2.1686336
13.1357150419 6.32598141401 7.412438296 6.65295594192 3.3396655262 5.08329191912 2.64412463012 2.51647825817 2.47969663912 2.15080141701 -1.3184336
14.2159961786 10.8344617676 16.7925759444 5.53973765995 9.34435146346 3.43420498309 3.39374865603 3.16211709359 4.53694140764 3.44609638176 -0.5591736
11.4427532761 16.7265159292 6.67701190483 10.02072817 3.1049154955 5.83462552138 2.41865790339 4.6004092894 2.27871297766 3.20395599146 -1.0658136
22.8779673629 9.74621344154 7.74373512399 7.13521920081 7.525915885 3.87987668616 3.68782040625 3.35355840916 5.66352787919 5.48434504491 -0.3359736
10.8635815185 10.2442114232 10.2405894801 9.96675788221 15.018419426 10.4769233931 8.06929299815 3.91032293686 6.30931330861 5.25528025928 -0.8344036
14.6003412477 6.80369118746 10.050081447 5.17102999698 8.8803695822 4.60062852522 8.01219234066 3.33862628 5.7720506033 2.852690232 -1.2923336
11.3386322471 9.38279322675 9.37964604213 14.5948646819 14.2005145232 14.098133845 13.8899629703 4.76380228675 4.02114276684 5.62555896423 -2.7916536
11.1781886357 9.54390235145 15.8571189429 3.87167325076 6.8285962186 5.87372303294 5.79476426101 2.47673213791 3.55095370934 1.77472818632 -1.3630936
10.9663943257 9.93383855869 8.70029032415 15.1093204135 4.36997277911 7.85047860637 5.74162473412 2.99418426883 5.56850213654 4.99210063629 -0.6889936
11.127550548 10.7341349405 16.7735534667 14.8962715083 6.63951369983 7.20874361101 3.33624955777 2.56218367497 4.38706626822 4.21831693679 -1.0774736
16.1926589816 10.6770979726 8.87167599939 15.1322001532 8.43045384476 11.5778759833 8.48346475919 7.88618467024 7.06679588991 6.50038199589 -0.9902136
10.5450905375 10.3602125124 15.5218443358 15.3825574195 3.81179728134 6.56752749014 2.82939213108 2.51953403882 1.94771087422 3.67619576478 -0.8665536
14.8315837352 8.18007698373 8.08430850799 7.41614166458 11.6194559235 8.96320391591 8.57953737555 4.14417295601 7.40825772309 3.49957101487 -0.7022836
10.0238120502 10.0634243044 15.3651851591 14.2048029034 4.65870984332 6.17963981452 5.86465568536 2.53051695769 2.52284848188 2.51669147427 -1.3144936
10.4673671104 10.0076263129 9.64604442523 13.9993025635 3.91524753369 6.28728956582 6.29853722247 3.15588065937 3.03324221435 2.81676800956 -0.6204636
12.8653805648 7.91643764496 8.00904618228 14.969774706 7.9825386356 7.4354215342 7.64996451 11.6027558417 10.9756619457 4.1524859474 -0.2225336
10.622735234 8.34135461521 6.43822925086 3.27592532574 5.97817568725 3.05430003886 5.06343479242 2.66006277002 4.4970225718 2.20824069714 -1.8814436
9.53544198983 9.09308325488 13.4320613004 13.4168609386 5.13135113659 4.24765710735 6.57471792773 6.4874435234 3.11410924085 5.52793412025 -0.6843836
10.2995144502 9.86527141651 15.9129416864 7.17384816576 3.65660238526 5.09629024225 4.62305800859 1.81567953605 3.01213281597 1.48258672834 -0.8921536
11.2859460407 10.0939619955 15.4684086882 11.4268334851 7.76153639451 6.62524050544 3.45697216298 2.71615585067 2.2903275573 4.20388402062 -1.1837136
10.7275039765 10.2751115306 10.6050270669 10.3647272613 13.0448140767 11.5272591442 3.73539315001 3.73547814628 6.77787371927 3.13992726843 -1.1588136
16.9333067972 9.45742765135 15.0236145004 6.45407754222 11.6580674097 4.11779192919 3.85122413957 4.63619930171 4.19795025992 4.16930299547 -0.8582836
11.1781886151 9.54390233587 15.8571189299 3.87167324756 6.82859621615 5.87372302686 5.79476425549 2.47673213701 3.550953706 1.7747281857 -1.3670636
14.6230718794 6.79140446184 10.0000168523 5.16222372444 8.79688391367 4.6291561896 7.95957412803 3.33392672204 5.76321967559 2.84444781378 -1.1510636
10.8815990597 8.48559584753 6.06422209819 5.63188917716 2.66368466695 3.27741893121 3.20441165254 1.45163655732 1.3472859293 1.40032367457 -1.4976536
10.8815279854 10.8441259016 9.67004296737 16.5849678885 15.3349998451 7.64740364712 12.9178192406 12.0995875459 4.29566638584 7.09012847961 -1.2033236
9.96264146801 6.31988062133 5.81977270157 5.17224163636 6.29707334159 5.49228276173 2.0713738254 2.06196719503 3.7107716071 1.65634541308 -1.4435436
10.7139496977 10.715229793 15.2098628211 12.9484993945 3.90790648171 3.5210561868 5.76214235577 4.56676392713 4.45469168798 2.3913650527 -1.3395736
10.5213412734 9.97852221207 16.8787496401 14.2476916908 9.31516600284 3.34646933551 3.11272231393 5.1368407767 4.30924687194 1.70151477011 -1.2771236
11.1771782127 10.7234405511 14.4661834265 8.00825372859 6.5696787782 6.50343809733 5.54902961562 2.77746740324 2.65132043704 4.82680656486 -1.4144336
10.8072026469 9.41518184517 9.55026000242 7.98217713096 6.78996200912 3.09992927316 5.66342795856 2.9489757718 5.20456671676 2.24830466264 -0.8392436
11.1167209124 10.7111385158 9.93100623025 12.0269890874 11.7613876423 8.53708154302 2.76207766757 2.47213090617 2.27809732204 3.73161807293 -1.2509636
11.3222650722 11.0213523792 11.6597595566 7.35532817937 3.73193979352 6.55361741686 3.19932956306 2.6190049174 4.85065857387 1.8498379043 -1.0447936
10.4336718426 9.10526518053 14.5915794784 12.7411709623 12.2703417875 3.47379731393 3.46610517913 3.08708824928 2.41666390953 3.970911838 -0.9112736
10.0629417524 9.8439304321 8.75118009178 13.8167144075 13.0348787312 3.76113328009 6.52858915207 5.79566412259 2.93902564203 3.50543631514 -1.9932336
11.201225221 7.96151670434 11.3703109097 6.447363748 3.31527444814 5.87524988259 5.61815005295 5.00214161872 2.29482943986 3.82577801397 -0.5026536
10.876732356 11.1615611686 9.53082297575 14.3848423746 8.74495710687 4.71539505206 3.49391889343 6.43157876174 6.30061325933 5.82098063866 -0.8851636
24.7132734847 10.3021985642 10.1419036567 9.50990518374 7.18977183214 12.1840752902 9.18457639411 7.0429058931 2.57750272954 2.46122285718 -2.2556136
10.9032937989 10.591004534 10.2792136683 14.006831844 12.7235471807 5.60225764678 10.1364710385 4.88791880571 5.95784861015 5.84040812358 -0.6645836
9.85493063998 16.3829299524 13.6407278561 6.50072444857 3.4196840732 3.25571618463 2.70389572267 2.62098535774 2.33528770563 3.90767627937 -1.1798036
10.9402257987 13.7440297987 7.39890579611 6.83785238981 3.3065824626 4.721668467 4.73405722759 3.50077493529 1.87180418477 1.91037485469 -1.5941936
11.1369247744 10.1593012351 15.0334705917 13.8404422879 4.53355711571 7.93014281714 4.23833689184 3.73559526663 5.78594849336 4.94412006532 -1.3636636
11.3124963474 10.9354677699 11.4985163269 7.47269892409 3.6880955976 6.48520267238 3.1841908343 2.5786150728 4.85875855629 1.84864208578 -1.0449936
14.6238202392 6.79179727926 9.99763409702 5.16261662061 8.7953617389 4.62915874194 7.9595554053 3.33380384351 5.76282009807 2.84418088011 -1.3019536
11.4767393289 15.7558772556 13.8908621569 12.6150377094 6.38471515548 3.18919869601 2.55194559748 2.51861075045 3.88037580975 1.85613712866 -1.3138436
10.5731814403 10.135305733 14.9793498999 7.65969651126 8.12526778263 4.13959565311 6.32619246558 2.84449488273 4.50318243851 2.38699344653 -0.7555136
11.0770979156 9.44760949125 9.37409492776 16.2777871851 7.63498701167 13.4687610874 12.4433407728 4.49577714757 5.70802830413 4.700706505 -1.1411036
11.700300707 9.7066573248 8.40069410948 3.44977667832 6.44840051714 3.47654558807 2.17490209909 2.02702877194 3.56757278453 2.51608666816 -1.8291736
10.9354590539 9.83382321617 9.18380680489 16.0681467183 14.9230960629 8.86089601961 3.75231091904 6.27360962592 5.10908343952 2.71613328088 -1.1067036
10.5668717062 9.11788433237 8.32343797136 13.2958805153 6.99693496551 3.18655910463 2.89448472738 4.75452456076 2.08064127735 3.22915793966 -0.9512136
10.4633826402 9.7900415991 13.900842084 6.717892101 7.33824545096 7.00792473685 3.60207313422 2.99704518398 5.37263207188 4.88914575674 -1.6932036
11.1305585881 9.66025654461 13.6125408246 8.81746627962 7.4670677701 3.71145174467 3.42962974751 2.36779597726 2.12968566507 1.88079996129 -1.4269936
14.3110784656 11.7087447136 15.538384641 11.1016891218 4.23499866595 7.81459990922 3.83709815497 3.22395291816 5.63261150284 5.46359493272 -1.1157336
22.261812531 9.54666536812 9.35242087203 9.52809778495 6.4701726382 2.99414274252 4.83289514007 4.38243441976 2.27851394844 2.12105444897 -1.4115336
9.50475695532 17.0299797993 9.01134157708 8.42367211837 12.2903960954 10.0784379574 4.89940282758 3.60374984785 4.89992398457 2.24944709533 -0.7552636
11.5981563434 11.1505837303 16.8845205177 13.7558939713 13.5540499026 9.89493771889 4.91743284998 3.51486694657 3.40122156349 4.56706587496 -1.4994236
9.6637810406 16.5514690614 14.8263121337 10.8210897096 4.46386006401 3.66757028186 6.71325614555 6.18533592707 3.28379176672 1.95229588816 -1.3719736
26.3246791256 16.2854959112 4.50758938401 4.33174117669 6.33971432551 2.68937044432 4.68361758776 2.44713678145 2.16494143885 1.9607876079 -1.5326036
19.289695562 17.7260349042 15.8772192409 10.8101565962 5.66039652426 7.8378866743 3.96225576083 3.36912750484 5.81593507413 4.517840375 -1.5389936
26.3523077697 16.2832618537 4.51327317621 4.32611164374 6.33221015929 2.68990981728 4.68787204693 2.44429777674 2.16260031103 1.96344767492 -1.5283136
11.1397317364 9.694438672 13.7158769094 8.81184006748 7.41066653572 3.68288030322 3.44411728673 2.37844953932 2.12305877049 1.88761562591 -1.4292736
9.99088262834 11.541708779 3.75820970642 3.32716887555 5.97941343839 2.93265737518 2.1905806372 3.63998809831 3.47869179854 1.84779086805 -0.5372336
10.9962382291 16.1280636897 15.585488298 13.3588251575 9.8676232629 5.70781424639 3.01783052937 5.03028650934 2.62067875069 4.51672811702 -1.2134136
15.0660501536 5.83775876096 4.21565958093 3.34193586304 2.7083807945 2.41455102239 3.59956141214 3.49420276463 3.39362165554 3.28458587828 -1.4717036
10.858022134 10.3892496851 9.94738643627 6.1923722364 8.91379015911 6.98737509772 6.54193072272 6.33653107354 5.52543967708 2.73849116396 -1.0240536
10.9689609412 10.2565142315 9.36237035715 15.86990085 8.12059601901 11.8788870283 7.433688307 3.63307591612 6.71868918901 5.63249405726 -1.0526136
11.0215195629 10.9000729967 19.6725568542 5.91291589459 3.02426381 3.69348183612 3.52398360108 3.29758521709 1.61654716496 1.56346173437 0.2567764
10.0025491354 8.87401351078 15.0030225905 4.99932630713 6.76938941065 5.15589432527 2.44463821529 2.38307464101 2.20105569219 3.65751187869 -0.5341136
13.2937933884 12.1585222888 11.3022690707 8.67747601843 6.85981438206 5.98732512712 5.91349438343 2.54619706439 2.16673732848 2.02061497542 -1.2710636
13.281927622 8.14727900182 14.5785997542 6.98726935943 11.1551387917 4.13085080081 5.50961427099 5.52450782347 2.6979707398 2.66938062436 -1.0241936
10.267683618 15.1327835563 4.4648563157 4.37630332266 6.45590105755 5.97420097357 3.04464715167 2.32699201327 3.52569062816 1.50517679251 -1.6027336
15.9397327324 16.5671125103 8.70027100735 8.99838487071 3.51888645288 3.5335907355 3.06908948127 2.5867108777 3.78208980764 3.52801693463 -1.3326636
10.5293431832 11.9891922866 8.81844890219 4.73016351273 4.3467556158 3.45337132232 6.23602428306 4.07552464267 3.76003391299 1.94641422446 -2.3974836
29.7925010841 15.7272157923 10.3111050408 15.0531346184 9.14401228639 8.7707764603 4.47029617778 6.1239889758 3.11106126796 2.66065787101 -1.5690336
26.3488984075 16.2810137988 4.51296535413 4.32585833291 6.33115831729 2.69009519185 4.68782057703 2.4441385411 2.16270325892 1.96328752777 -1.5184136
11.1460799186 9.68336723899 13.6423206212 8.82660762127 7.48256276321 3.70459261914 3.44445165604 2.3994434634 2.12786071952 1.89353657954 -1.0279236
15.0265854954 27.234364251 8.86529467285 8.5723816333 10.7355870532 5.34980334935 7.73383498268 4.0347331582 6.25628539013 6.16109701604 -1.1703836
10.9745036903 10.4446385041 9.41453143527 8.78661764847 14.3331356384 11.3214849993 7.33938998897 6.85657901893 3.66837096524 6.08988341038 -0.5973836
18.7681275003 16.4668256466 11.6358496463 16.1652868841 12.7332344084 9.94897937254 8.34196884173 7.85187021692 3.05259607847 2.57405269708 -1.2303736
13.7544556611 20.8437048489 9.58917360238 17.9599245474 9.49791240407 8.83622187791 7.89114579492 7.77039886165 6.78050240065 3.06307147015 -0.8927236
13.498477486 13.0923072951 14.2613541703 13.130938853 8.22826457368 6.06360713112 2.28407444847 3.98248716742 1.78833035277 1.69126400293 -0.7416636
9.74664089778 9.79345410651 9.61778655349 8.02515987033 13.7659862073 8.49740782674 3.31273604486 6.19458401802 2.96198946559 4.85266207981 -1.0479536
24.5956604897 12.1796146442 13.9272082885 4.6005462895 3.56953441379 6.2860370011 6.05854831973 3.24939812904 2.77277786454 4.52703625065 -1.0332536
16.8701298057 11.191433556 7.10152449254 6.24359034701 4.20538486529 7.29888904452 2.72797628032 5.06947936438 4.22241526806 3.75913863458 -1.7083436
9.4230259947 8.78191034565 8.12225089787 15.0489143258 9.02567192131 3.32270912962 5.62981097576 2.75380075937 4.99760358778 1.99397785749 -1.1091436
10.8135571447 10.3410117845 10.2461575834 9.50220454143 15.9553342886 10.6323415754 8.59070746886 3.91984408941 4.08341180237 6.12314151698 -0.8970036
23.0424787361 9.74900981293 13.7083479198 3.40698248768 6.19702352557 6.01259338754 4.26385595013 2.31557651699 3.28180674783 1.62978073046 -1.2633536
11.3339697124 10.4736264381 9.99462134892 9.93609221206 15.5854467339 7.97794530604 3.90438837 7.30856615864 3.40839256827 3.33380290745 -1.3475336
11.3439014728 11.0094866535 10.5731955253 14.0595642259 6.66942390982 6.4484819871 3.4426803983 6.12737475586 4.84977519662 2.24615344103 -0.5993836
9.6111456849 8.64489711863 8.09665800503 14.6098808783 5.91194758035 2.97916120418 5.42479867772 2.69392552049 4.96328978068 3.70526204026 -1.1543436
10.3157519337 9.88541923825 11.6563292019 8.21193477473 7.18495816083 3.08937963002 5.63050570273 5.03162744986 2.52292231507 2.30069985133 -0.9211836
9.78295205559 14.1851198361 6.88065371371 9.94470352683 4.52761869458 2.95154547477 4.63081599249 2.00686659965 1.63386719033 1.50871420963 -1.6358136
