0.0 0.0 0.0220998006693 0.0170523153313 0.0228192791168 0.00539545914779 0.00378940340695 0.00322288759761 0.00345914736247 0.00479596368692 0.00272433440204 0.00302019870663 0.0019098593171 0.00202329718042 0.00112455733103 0.00055262133018 0.000537002494759 0.000460412513944 0.000348006435332 0.000172957368123 0.0 0.000199831820288 5.89328017849e-05 0.0 2.33913790552e-05 0.0 0.0 0.0 1.9614
0.0 0.0 0.0 0.0618146430759 0.0120807948265 0.00269772957389 0.00378940340695 0.00230206256972 0.00242140315373 0.00213153941641 0.00335302695635 0.00201346580442 0.000954929658551 0.00157367558477 0.00103084422011 0.00055262133018 0.00040275187107 0.000287757821215 0.000298291230285 0.000302675394216 0.00022704652615 0.000199831820288 0.000147332004462 5.2391046193e-05 2.33913790552e-05 0.000125841612776 3.77557516868e-05 3.41046306625e-05 1.8509
0.0 0.0 0.0 0.0575515642431 0.0174500369717 0.00359697276519 0.00252626893797 0.00230206256972 0.00345914736247 0.00293086669756 0.00293389858681 0.00134231053628 0.00122776670385 0.00123645938803 0.00112455733103 0.000315783617246 0.000604127806604 0.000345309385458 0.000298291230285 0.000172957368123 0.00022704652615 9.99159101442e-05 0.00023573120714 0.000104782092386 2.33913790552e-05 4.19472042588e-05 5.66336275302e-05 8.52615766564e-05 1.9641
0.0 0.0 0.0 0.046893867161 0.0228192791168 0.0017984863826 0.00378940340695 0.00276247508367 0.00242140315373 0.00346375155167 0.00293389858681 0.00268462107256 0.00177344079445 0.000899243191298 0.000562278665513 0.000473675425869 0.000671253118449 0.000460412513944 0.00019886082019 0.000302675394216 0.000151364350767 0.000166526516907 0.000147332004462 0.000130977615483 2.33913790552e-05 8.38944085176e-05 1.88778758434e-05 6.82092613251e-05 1.9423
0.0 0.0 0.0 0.0575515642431 0.00939617375397 0.00269772957389 0.00378940340695 0.00506453765339 0.00449689157121 0.00293086669756 0.00209564184772 0.00151009935332 0.0010913481812 0.00123645938803 0.00084341799827 0.000947350851737 0.000335626559225 0.000115103128486 0.000596582460569 0.000259436052185 0.000151364350767 0.000133221213526 0.000176798405355 0.000104782092386 9.3565516221e-05 6.29208063882e-05 5.66336275302e-05 1.70523153313e-05 2.0001
0.0 0.0 0.0 0.0575515642431 0.00402693160884 0.0017984863826 0.00252626893797 0.00184165005578 0.00657237998869 0.00346375155167 0.00209564184772 0.00184567698739 0.00150060374915 0.00123645938803 0.000562278665513 0.000868404947426 0.000671253118449 0.00074817033516 9.94304100949e-05 0.000259436052185 0.000113523263075 0.000133221213526 0.00011786560357 0.000209564184772 0.000116956895276 0.0 7.55115033736e-05 1.70523153313e-05 1.8580
0.0 0.0 0.0147332004462 0.0255784729969 0.00536924214512 0.0116901614869 0.00884194128288 0.00184165005578 0.00449689157121 0.00319730912461 0.00188607766295 0.00167788817035 0.0010913481812 0.0017984863826 0.00084341799827 0.000394729521557 0.000671253118449 0.000230206256972 0.000497152050474 0.000216196710154 0.000151364350767 0.000166526516907 0.000147332004462 0.000130977615483 0.000116956895276 0.000104868010647 3.77557516868e-05 1.70523153313e-05 1.9273
0.0 0.0 0.0 0.0554200248266 0.0120807948265 0.000899243191298 0.00378940340695 0.00368330011156 0.00276731788997 0.00373019397872 0.00272433440204 0.00218125462146 0.000682092613251 0.000674432393473 0.00084341799827 0.000789459043115 0.00040275187107 0.000230206256972 0.000348006435332 0.000475632762339 0.000264887613842 0.000166526516907 5.89328017849e-05 0.000130977615483 2.33913790552e-05 6.29208063882e-05 7.55115033736e-05 3.41046306625e-05 1.9693
0.0 0.0 0.0 0.0511569459938 0.0147654158991 0.000899243191298 0.00252626893797 0.00368330011156 0.00553463577995 0.00293086669756 0.00251477021727 0.00151009935332 0.0016370222718 0.000786837792385 0.00084341799827 0.000631567234492 0.000537002494759 0.000345309385458 0.00019886082019 0.000345914736247 0.00022704652615 0.000166526516907 0.0 0.000157173138579 0.000116956895276 0.000125841612776 1.88778758434e-05 5.11569459938e-05 2.0294
0.0 0.0 0.0147332004462 0.0213153941641 0.0120807948265 0.00629470233908 0.00378940340695 0.00184165005578 0.00276731788997 0.00346375155167 0.00251477021727 0.00218125462146 0.00204627783975 0.000674432393473 0.00112455733103 0.00126313446898 0.000738378430294 0.000517964078187 0.00019886082019 0.000216196710154 0.000151364350767 0.000133221213526 0.000206264806247 7.85865692896e-05 0.000116956895276 4.19472042588e-05 5.66336275302e-05 0.0 1.9886
0.0 0.0 0.0 0.0532884854102 0.0134231053628 0.00269772957389 0.00442097064144 0.00276247508367 0.00172957368123 0.00319730912461 0.00251477021727 0.00218125462146 0.00177344079445 0.00123645938803 0.000655991776432 0.00102629675605 0.000201375935535 0.000575515642431 9.94304100949e-05 0.000259436052185 0.000189205438458 0.000366358337195 2.94664008924e-05 0.000130977615483 7.01741371657e-05 6.29208063882e-05 1.88778758434e-05 5.11569459938e-05 1.9884
0.0 0.0 0.0 0.0575515642431 0.0134231053628 0.00359697276519 0.00315783617246 0.0041437126255 0.00380506209871 0.00319730912461 0.00251477021727 0.00184567698739 0.00122776670385 0.000899243191298 0.000937131109189 0.000473675425869 0.00040275187107 0.000575515642431 0.000298291230285 0.000345914736247 0.000264887613842 9.99159101442e-05 5.89328017849e-05 5.2391046193e-05 7.01741371657e-05 4.19472042588e-05 5.66336275302e-05 6.82092613251e-05 1.9044
0.0 0.0 0.0 0.0554200248266 0.00939617375397 0.00359697276519 0.00378940340695 0.00276247508367 0.00484280630745 0.00266442427051 0.00272433440204 0.00151009935332 0.00122776670385 0.000899243191298 0.00131198355286 0.000947350851737 0.00040275187107 0.000230206256972 0.00019886082019 0.000389154078278 0.00022704652615 0.000166526516907 0.0 7.85865692896e-05 0.000140348274331 4.19472042588e-05 3.77557516868e-05 5.11569459938e-05 2.0146
0.0 0.0 0.0110499003347 0.0234469335805 0.0107384842902 0.00899243191298 0.00568410511042 0.00460412513944 0.00242140315373 0.00213153941641 0.00209564184772 0.00201346580442 0.0019098593171 0.00123645938803 0.000749704887351 0.00055262133018 0.000738378430294 0.000230206256972 0.000447436845427 0.000259436052185 0.00022704652615 0.000199831820288 8.83992026773e-05 0.0 0.000163739653387 0.000104868010647 7.55115033736e-05 1.70523153313e-05 1.9259
0.0 0.0 0.0 0.0554200248266 0.00805386321769 0.00539545914779 0.00378940340695 0.00506453765339 0.00345914736247 0.00373019397872 0.00188607766295 0.00201346580442 0.0016370222718 0.000899243191298 0.000937131109189 0.000473675425869 0.000469877182915 0.000345309385458 0.00019886082019 0.000345914736247 0.000113523263075 0.000199831820288 0.000206264806247 2.61955230965e-05 0.000140348274331 4.19472042588e-05 5.66336275302e-05 5.11569459938e-05 2.0487
0.0 0.0 0.0 0.0660777219087 0.00939617375397 0.0017984863826 0.00189470170347 0.00276247508367 0.00380506209871 0.00346375155167 0.0037721553259 0.00184567698739 0.0013641852265 0.00146127018586 0.00084341799827 0.00055262133018 0.00026850124738 0.000402860949701 0.000248576025237 0.000302675394216 0.000264887613842 6.66106067628e-05 0.000147332004462 7.85865692896e-05 4.67827581105e-05 4.19472042588e-05 0.000132145130904 3.41046306625e-05 1.7857
0.0 0.0 0.0 0.0660777219087 0.0107384842902 0.00269772957389 0.00252626893797 0.00230206256972 0.00449689157121 0.00319730912461 0.00251477021727 0.00218125462146 0.000954929658551 0.00157367558477 0.00084341799827 0.000947350851737 0.00040275187107 0.000230206256972 0.00019886082019 0.000259436052185 0.000189205438458 0.000266442427051 0.00011786560357 0.000104782092386 4.67827581105e-05 2.09736021294e-05 5.66336275302e-05 1.70523153313e-05 2.0035
0.0 0.0 0.0 0.0404992489118 0.00536924214512 0.0017984863826 0.00378940340695 0.00460412513944 0.0051887210437 0.00452952125987 0.00272433440204 0.00251683225553 0.00150060374915 0.00123645938803 0.00121827044195 0.000868404947426 0.000604127806604 0.000287757821215 0.000497152050474 0.000259436052185 0.00022704652615 9.99159101442e-05 8.83992026773e-05 2.61955230965e-05 0.0 2.09736021294e-05 1.88778758434e-05 1.70523153313e-05 1.7209
0.0 0.0 0.0 0.0596831036595 0.0134231053628 0.0017984863826 0.00189470170347 0.0041437126255 0.00415097683496 0.00293086669756 0.00209564184772 0.00318798752367 0.0013641852265 0.00123645938803 0.000562278665513 0.00055262133018 0.000335626559225 0.000230206256972 0.000348006435332 0.000475632762339 0.000189205438458 0.0 5.89328017849e-05 0.000157173138579 4.67827581105e-05 0.000104868010647 1.88778758434e-05 0.00013641852265 1.8380
0.0 0.0 0.0 0.0532884854102 0.0134231053628 0.00269772957389 0.00442097064144 0.00276247508367 0.00172957368123 0.00319730912461 0.00272433440204 0.00201346580442 0.0016370222718 0.00134886478695 0.000655991776432 0.000947350851737 0.00026850124738 0.000575515642431 9.94304100949e-05 0.000259436052185 0.000189205438458 0.000366358337195 2.94664008924e-05 0.000130977615483 7.01741371657e-05 6.29208063882e-05 1.88778758434e-05 5.11569459938e-05 1.9886
0.0 0.0 0.0 0.0490254065774 0.0214769685805 0.00269772957389 0.00252626893797 0.00322288759761 0.00276731788997 0.00319730912461 0.00188607766295 0.00201346580442 0.0019098593171 0.00101164859021 0.000655991776432 0.000157891808623 0.000537002494759 0.000517964078187 0.000546867255522 0.000345914736247 7.56821753833e-05 0.000133221213526 8.83992026773e-05 0.000104782092386 9.3565516221e-05 4.19472042588e-05 7.55115033736e-05 3.41046306625e-05 2.0245
0.0 0.0 0.0 0.0511569459938 0.0147654158991 0.00269772957389 0.00252626893797 0.0041437126255 0.00345914736247 0.00346375155167 0.00272433440204 0.00151009935332 0.0013641852265 0.000899243191298 0.000749704887351 0.000868404947426 0.000469877182915 0.000345309385458 0.00019886082019 0.000302675394216 0.000151364350767 0.000133221213526 0.000176798405355 0.000104782092386 0.000140348274331 2.09736021294e-05 5.66336275302e-05 5.11569459938e-05 2.0142
0.0 0.0 0.0147332004462 0.0255784729969 0.0255039001893 0.00899243191298 0.00252626893797 0.00276247508367 0.00449689157121 0.00346375155167 0.00230520603249 0.00184567698739 0.00122776670385 0.00224810797824 0.00131198355286 0.000789459043115 0.00100687967767 0.000402860949701 0.000447436845427 0.000172957368123 7.56821753833e-05 3.33053033814e-05 2.94664008924e-05 0.0 0.0 0.0 1.88778758434e-05 0.0 1.8881
0.0 0.0 0.0 0.0618146430759 0.0147654158991 0.00629470233908 0.00252626893797 0.00460412513944 0.00311323262622 0.00266442427051 0.000838256739089 0.00251683225553 0.0013641852265 0.00157367558477 0.00103084422011 0.000631567234492 0.00013425062369 0.000402860949701 0.000248576025237 0.000172957368123 0.00022704652615 0.00023313712367 0.000176798405355 2.61955230965e-05 9.3565516221e-05 2.09736021294e-05 5.66336275302e-05 3.41046306625e-05 1.9548
0.0 0.0 0.0 0.0575515642431 0.0161077264354 0.00269772957389 0.00442097064144 0.00276247508367 0.00449689157121 0.00213153941641 0.00335302695635 0.00151009935332 0.000682092613251 0.00112405398912 0.00131198355286 0.000868404947426 0.000201375935535 5.75515642431e-05 0.000348006435332 0.000345914736247 0.000302728701533 0.000133221213526 0.00011786560357 5.2391046193e-05 7.01741371657e-05 6.29208063882e-05 7.55115033736e-05 5.11569459938e-05 1.8298
0.0 0.0 0.0 0.0490254065774 0.0241615896531 0.0017984863826 0.000631567234492 0.00368330011156 0.0051887210437 0.00346375155167 0.00209564184772 0.00184567698739 0.00177344079445 0.00101164859021 0.00084341799827 0.000394729521557 0.000335626559225 0.000460412513944 0.000298291230285 0.000172957368123 0.000302728701533 0.000199831820288 2.94664008924e-05 0.000130977615483 2.33913790552e-05 6.29208063882e-05 3.77557516868e-05 0.000102313891988 1.9029
0.0 0.0 0.0 0.0724723401579 0.0107384842902 0.0 0.00252626893797 0.00460412513944 0.00449689157121 0.00399663640577 0.00230520603249 0.00151009935332 0.00259195193035 0.00168608098368 0.00112455733103 0.000947350851737 0.00040275187107 0.000345309385458 0.000348006435332 0.000302675394216 3.78410876917e-05 0.000133221213526 5.89328017849e-05 2.61955230965e-05 0.0 0.0 0.0 0.0 1.9353
0.0 0.0 0.0 0.0554200248266 0.0107384842902 0.00269772957389 0.00442097064144 0.00230206256972 0.00691829472493 0.00319730912461 0.00209564184772 0.00167788817035 0.00204627783975 0.000899243191298 0.000937131109189 0.00055262133018 0.00026850124738 0.000575515642431 0.000248576025237 0.000302675394216 0.000151364350767 0.00023313712367 0.000147332004462 0.0 7.01741371657e-05 0.000104868010647 3.77557516868e-05 1.70523153313e-05 1.8866
0.0 0.0 0.0 0.0660777219087 0.0107384842902 0.00269772957389 0.00252626893797 0.00230206256972 0.00449689157121 0.00319730912461 0.00251477021727 0.00218125462146 0.000954929658551 0.00157367558477 0.00084341799827 0.000947350851737 0.00040275187107 0.000230206256972 0.00019886082019 0.000259436052185 0.000189205438458 0.000266442427051 0.00011786560357 0.000104782092386 4.67827581105e-05 2.09736021294e-05 5.66336275302e-05 1.70523153313e-05 2.0035
0.0 0.0 0.0 0.0383677094954 0.0241615896531 0.0017984863826 0.00252626893797 0.00322288759761 0.0051887210437 0.00319730912461 0.00146694929341 0.00218125462146 0.00122776670385 0.00112405398912 0.00103084422011 0.00102629675605 0.00040275187107 0.000402860949701 0.000348006435332 0.000172957368123 0.000189205438458 6.66106067628e-05 0.00011786560357 0.000104782092386 2.33913790552e-05 6.29208063882e-05 7.55115033736e-05 5.11569459938e-05 2.0348
0.0 0.0 0.0 0.0575515642431 0.00939617375397 0.00269772957389 0.00315783617246 0.00322288759761 0.0051887210437 0.00239798184346 0.00251477021727 0.00167788817035 0.0010913481812 0.000674432393473 0.00112455733103 0.000789459043115 0.000469877182915 0.000517964078187 0.000149145615142 8.64786840617e-05 0.000264887613842 0.000266442427051 5.89328017849e-05 0.000104782092386 0.000116956895276 8.38944085176e-05 0.0 5.11569459938e-05 1.9165
0.0 0.0 0.0 0.0532884854102 0.0147654158991 0.00269772957389 0.00189470170347 0.00552495016733 0.00380506209871 0.00133221213526 0.00314346277158 0.00218125462146 0.000954929658551 0.00112405398912 0.00140569666378 0.000710513138803 0.00040275187107 0.000172654692729 0.000298291230285 8.64786840617e-05 0.00022704652615 0.000399663640577 8.83992026773e-05 2.61955230965e-05 7.01741371657e-05 8.38944085176e-05 5.66336275302e-05 6.82092613251e-05 1.8917
0.0 0.0 0.0 0.0447623277446 0.0161077264354 0.00359697276519 0.00378940340695 0.00276247508367 0.00449689157121 0.00319730912461 0.00209564184772 0.00184567698739 0.00177344079445 0.000674432393473 0.00112455733103 0.00055262133018 0.000537002494759 0.000460412513944 0.000497152050474 0.000172957368123 0.000113523263075 0.000166526516907 8.83992026773e-05 7.85865692896e-05 4.67827581105e-05 8.38944085176e-05 0.00011326725506 0.0 1.8985
0.0 0.0 0.0 0.046893867161 0.0161077264354 0.00359697276519 0.00315783617246 0.00230206256972 0.00484280630745 0.00373019397872 0.00272433440204 0.00167788817035 0.00150060374915 0.00112405398912 0.000562278665513 0.000315783617246 0.00040275187107 0.000345309385458 0.000348006435332 0.000302675394216 0.000151364350767 0.000133221213526 0.00011786560357 0.000183368661676 0.000140348274331 0.0 7.55115033736e-05 3.41046306625e-05 2.0527
0.0 0.0 0.0 0.0618146430759 0.0134231053628 0.0017984863826 0.00126313446898 0.00506453765339 0.00380506209871 0.00213153941641 0.00209564184772 0.00184567698739 0.0016370222718 0.000899243191298 0.00103084422011 0.00102629675605 0.000201375935535 0.000345309385458 0.00019886082019 0.000302675394216 0.000302728701533 6.66106067628e-05 8.83992026773e-05 7.85865692896e-05 4.67827581105e-05 0.000125841612776 5.66336275302e-05 3.41046306625e-05 1.9605
0.0 0.0 0.0 0.0575515642431 0.00536924214512 0.0017984863826 0.00189470170347 0.00460412513944 0.00380506209871 0.00213153941641 0.00230520603249 0.00268462107256 0.00150060374915 0.00134886478695 0.000468565554594 0.000789459043115 0.000671253118449 0.000172654692729 0.00019886082019 0.000345914736247 0.00022704652615 0.000133221213526 0.000176798405355 0.000157173138579 4.67827581105e-05 4.19472042588e-05 3.77557516868e-05 3.41046306625e-05 1.8394
0.0 0.0 0.0 0.0575515642431 0.0107384842902 0.00359697276519 0.00252626893797 0.00552495016733 0.00380506209871 0.00399663640577 0.00272433440204 0.00134231053628 0.0010913481812 0.00101164859021 0.00084341799827 0.000710513138803 0.000469877182915 0.000402860949701 9.94304100949e-05 0.000216196710154 0.000302728701533 0.000133221213526 0.000147332004462 2.61955230965e-05 0.000116956895276 2.09736021294e-05 9.43893792169e-05 6.82092613251e-05 1.9158
0.0 0.0 0.0 0.0660777219087 0.00939617375397 0.00359697276519 0.00252626893797 0.00276247508367 0.00415097683496 0.00239798184346 0.00272433440204 0.00184567698739 0.0013641852265 0.000899243191298 0.00131198355286 0.000789459043115 0.00040275187107 0.000230206256972 0.000497152050474 8.64786840617e-05 0.000302728701533 6.66106067628e-05 0.000147332004462 7.85865692896e-05 9.3565516221e-05 2.09736021294e-05 3.77557516868e-05 1.70523153313e-05 1.8431
0.0 0.0 0.0 0.0447623277446 0.0214769685805 0.00359697276519 0.00252626893797 0.00230206256972 0.00345914736247 0.00266442427051 0.00314346277158 0.00218125462146 0.00150060374915 0.00134886478695 0.00084341799827 0.000473675425869 0.00040275187107 0.000402860949701 0.00019886082019 0.000345914736247 0.000189205438458 0.000133221213526 0.000176798405355 7.85865692896e-05 4.67827581105e-05 8.38944085176e-05 0.000132145130904 0.0 1.9119
0.0 0.0 0.0 0.0618146430759 0.00939617375397 0.0017984863826 0.00442097064144 0.00368330011156 0.00415097683496 0.00399663640577 0.00104782092386 0.00201346580442 0.000818511135901 0.00112405398912 0.000937131109189 0.000394729521557 0.000335626559225 0.000690618770917 0.000447436845427 0.000172957368123 0.000113523263075 0.000199831820288 0.00011786560357 0.000104782092386 0.000116956895276 4.19472042588e-05 0.00011326725506 3.41046306625e-05 1.8860
0.0 0.0 0.0 0.0404992489118 0.0161077264354 0.00359697276519 0.00568410511042 0.00460412513944 0.00484280630745 0.00293086669756 0.00314346277158 0.00151009935332 0.0019098593171 0.00112405398912 0.000468565554594 0.000631567234492 0.00040275187107 5.75515642431e-05 0.00039772164038 0.000432393420308 0.000378410876917 0.000133221213526 0.0 5.2391046193e-05 7.01741371657e-05 4.19472042588e-05 7.55115033736e-05 3.41046306625e-05 1.7722
0.0 0.0 0.0147332004462 0.0234469335805 0.0120807948265 0.00899243191298 0.00505253787593 0.00138123754183 0.00553463577995 0.00266442427051 0.00272433440204 0.00151009935332 0.00177344079445 0.00101164859021 0.00112455733103 0.000631567234492 0.000335626559225 0.000402860949701 0.00019886082019 0.000302675394216 0.000340569789225 9.99159101442e-05 0.000176798405355 0.000104782092386 7.01741371657e-05 6.29208063882e-05 7.55115033736e-05 3.41046306625e-05 1.9276
0.0 0.0 0.0184165005578 0.0213153941641 0.0120807948265 0.00719394553038 0.00568410511042 0.00138123754183 0.00484280630745 0.00266442427051 0.00314346277158 0.00167788817035 0.0013641852265 0.000899243191298 0.000937131109189 0.000473675425869 0.000872629053984 0.000230206256972 0.00039772164038 0.000345914736247 3.78410876917e-05 9.99159101442e-05 0.000147332004462 0.000157173138579 7.01741371657e-05 8.38944085176e-05 9.43893792169e-05 3.41046306625e-05 1.8989
0.0 0.0 0.0 0.0639461824923 0.0161077264354 0.00269772957389 0.00126313446898 0.00230206256972 0.00415097683496 0.00293086669756 0.00293389858681 0.00167788817035 0.0019098593171 0.00123645938803 0.000749704887351 0.000315783617246 0.000537002494759 0.000345309385458 0.000298291230285 0.000259436052185 0.000189205438458 0.000166526516907 8.83992026773e-05 0.000104782092386 9.3565516221e-05 8.38944085176e-05 5.66336275302e-05 3.41046306625e-05 1.9071
0.0 0.0 0.0 0.0554200248266 0.0107384842902 0.00449621595649 0.00252626893797 0.00322288759761 0.00553463577995 0.00319730912461 0.0037721553259 0.00167788817035 0.00122776670385 0.000449621595649 0.000749704887351 0.000789459043115 0.000604127806604 0.000402860949701 0.00039772164038 8.64786840617e-05 0.000151364350767 0.00023313712367 0.00011786560357 5.2391046193e-05 7.01741371657e-05 4.19472042588e-05 7.55115033736e-05 3.41046306625e-05 1.9367
0.0 0.0 0.0 0.046893867161 0.0201346580442 0.000899243191298 0.00378940340695 0.00322288759761 0.00345914736247 0.00239798184346 0.00251477021727 0.00234904343849 0.00150060374915 0.00168608098368 0.000281139332757 0.000868404947426 0.000335626559225 0.000172654692729 0.000348006435332 0.000345914736247 0.000264887613842 0.000133221213526 8.83992026773e-05 7.85865692896e-05 9.3565516221e-05 4.19472042588e-05 7.55115033736e-05 3.41046306625e-05 1.9638
0.0 0.0 0.0 0.0596831036595 0.00939617375397 0.0 0.00252626893797 0.00230206256972 0.00691829472493 0.00213153941641 0.00293389858681 0.00218125462146 0.0013641852265 0.000899243191298 0.000468565554594 0.000631567234492 0.000671253118449 0.000230206256972 0.000248576025237 0.000259436052185 0.000189205438458 0.00023313712367 0.00011786560357 0.000130977615483 9.3565516221e-05 6.29208063882e-05 3.77557516868e-05 5.11569459938e-05 1.8591
0.0 0.0 0.0 0.0575515642431 0.0161077264354 0.0017984863826 0.00126313446898 0.00322288759761 0.00311323262622 0.00266442427051 0.00314346277158 0.00251683225553 0.0019098593171 0.000899243191298 0.000937131109189 0.00055262133018 0.000537002494759 0.000345309385458 0.000149145615142 0.000259436052185 0.000151364350767 9.99159101442e-05 0.00023573120714 5.2391046193e-05 7.01741371657e-05 0.000104868010647 3.77557516868e-05 1.70523153313e-05 1.8987
0.0 0.0 0.0 0.0532884854102 0.0174500369717 0.00359697276519 0.00252626893797 0.00184165005578 0.00242140315373 0.00479596368692 0.00356259114113 0.00167788817035 0.000954929658551 0.000674432393473 0.00112455733103 0.000868404947426 0.000604127806604 0.000115103128486 0.000348006435332 0.000302675394216 0.000189205438458 0.000133221213526 8.83992026773e-05 5.2391046193e-05 0.000187131032442 6.29208063882e-05 7.55115033736e-05 0.0 1.8867
0.0 0.0 0.0147332004462 0.0255784729969 0.0268462107256 0.00539545914779 0.00315783617246 0.00644577519522 0.00380506209871 0.00399663640577 0.00104782092386 0.00234904343849 0.0013641852265 0.0017984863826 0.00084341799827 0.000868404947426 0.000738378430294 0.000402860949701 0.000447436845427 0.000216196710154 0.000189205438458 6.66106067628e-05 5.89328017849e-05 2.61955230965e-05 2.33913790552e-05 0.0 1.88778758434e-05 0.0 1.9288
0.0 0.0 0.0110499003347 0.0170523153313 0.0201346580442 0.00359697276519 0.00378940340695 0.00368330011156 0.00449689157121 0.00293086669756 0.00272433440204 0.00251683225553 0.00122776670385 0.000786837792385 0.00103084422011 0.000236837712934 0.000604127806604 0.000517964078187 0.00039772164038 0.000129718026093 0.000189205438458 0.000133221213526 0.000147332004462 0.000130977615483 0.0 4.19472042588e-05 0.000169900882591 1.70523153313e-05 1.9741
0.0 0.0 0.0 0.0703408007415 0.00805386321769 0.00359697276519 0.00378940340695 0.00230206256972 0.00311323262622 0.00266442427051 0.00293389858681 0.00234904343849 0.00122776670385 0.00101164859021 0.000937131109189 0.000789459043115 0.00026850124738 0.000460412513944 0.00019886082019 0.000216196710154 0.00022704652615 0.000166526516907 0.00011786560357 0.000104782092386 0.000163739653387 2.09736021294e-05 3.77557516868e-05 3.41046306625e-05 2.0054
0.0 0.0 0.0 0.0404992489118 0.0174500369717 0.00359697276519 0.00252626893797 0.00598536268128 0.00207548841748 0.00346375155167 0.00293389858681 0.00151009935332 0.0010913481812 0.00134886478695 0.00084341799827 0.000868404947426 0.000872629053984 0.000115103128486 0.000149145615142 0.000259436052185 0.000264887613842 6.66106067628e-05 0.000176798405355 5.2391046193e-05 0.000116956895276 6.29208063882e-05 3.77557516868e-05 6.82092613251e-05 1.8561
0.0 0.0 0.0 0.046893867161 0.0147654158991 0.00359697276519 0.00126313446898 0.00506453765339 0.0051887210437 0.00319730912461 0.00251477021727 0.00201346580442 0.000545674090601 0.00134886478695 0.00121827044195 0.000789459043115 0.00026850124738 0.000460412513944 0.00019886082019 0.000172957368123 0.000189205438458 0.000133221213526 8.83992026773e-05 7.85865692896e-05 0.000163739653387 6.29208063882e-05 5.66336275302e-05 1.70523153313e-05 2.0036
0.0 0.0 0.00736660022311 0.0255784729969 0.0241615896531 0.00719394553038 0.00252626893797 0.00230206256972 0.00276731788997 0.00213153941641 0.00293389858681 0.00251683225553 0.002728370453 0.00123645938803 0.00084341799827 0.000394729521557 0.00100687967767 0.000460412513944 0.000248576025237 0.000432393420308 0.000340569789225 9.99159101442e-05 5.89328017849e-05 2.61955230965e-05 2.33913790552e-05 6.29208063882e-05 0.0 0.0 1.9962
0.0 0.0 0.0 0.0532884854102 0.0107384842902 0.0017984863826 0.00315783617246 0.00506453765339 0.00311323262622 0.00293086669756 0.00230520603249 0.00201346580442 0.00122776670385 0.00112405398912 0.000749704887351 0.000789459043115 0.00026850124738 0.000402860949701 0.000298291230285 0.000389154078278 0.00022704652615 3.33053033814e-05 0.000147332004462 0.000130977615483 7.01741371657e-05 0.000104868010647 5.66336275302e-05 5.11569459938e-05 1.9366
0.0 0.0 0.0184165005578 0.0191838547477 0.0295308317982 0.00809318872168 0.00189470170347 0.00506453765339 0.00276731788997 0.00266442427051 0.00293389858681 0.00184567698739 0.0016370222718 0.00213570257933 0.00112455733103 0.000789459043115 0.000604127806604 0.000287757821215 0.000298291230285 0.000389154078278 0.000189205438458 6.66106067628e-05 8.83992026773e-05 2.61955230965e-05 2.33913790552e-05 0.0 0.0 0.0 1.9732
0.0 0.0 0.0 0.0554200248266 0.0134231053628 0.0 0.00252626893797 0.00690618770917 0.00311323262622 0.00213153941641 0.00251477021727 0.00218125462146 0.000954929658551 0.000786837792385 0.00121827044195 0.000394729521557 0.000469877182915 0.000460412513944 0.000447436845427 0.000259436052185 0.000113523263075 0.00023313712367 0.00011786560357 0.000104782092386 0.000116956895276 4.19472042588e-05 5.66336275302e-05 5.11569459938e-05 1.9795
0.0 0.0 0.0 0.0575515642431 0.0161077264354 0.0 0.00505253787593 0.00368330011156 0.00415097683496 0.00319730912461 0.00293389858681 0.00218125462146 0.000954929658551 0.00101164859021 0.00084341799827 0.000710513138803 0.00026850124738 0.000402860949701 0.000348006435332 0.000259436052185 0.00022704652615 6.66106067628e-05 0.000147332004462 0.000130977615483 0.000187131032442 2.09736021294e-05 3.77557516868e-05 1.70523153313e-05 1.9385
0.0 0.0 0.0 0.0618146430759 0.00536924214512 0.00539545914779 0.00442097064144 0.00184165005578 0.00553463577995 0.00426307883282 0.00502954043453 0.00251683225553 0.000954929658551 0.00112405398912 0.00112455733103 0.00102629675605 0.000872629053984 0.000460412513944 0.000348006435332 0.000129718026093 3.78410876917e-05 0.0 2.94664008924e-05 0.0 0.0 0.0 0.0 0.0 1.9419
0.0 0.0 0.0 0.0511569459938 0.00671155268141 0.00359697276519 0.00378940340695 0.0041437126255 0.00415097683496 0.00159865456231 0.0037721553259 0.00251683225553 0.00122776670385 0.000449621595649 0.00103084422011 0.00055262133018 0.000671253118449 0.000172654692729 0.000248576025237 0.00051887210437 0.000151364350767 0.000133221213526 8.83992026773e-05 0.000183368661676 0.000116956895276 2.09736021294e-05 7.55115033736e-05 1.70523153313e-05 1.8688
0.0 0.0 0.0 0.0682092613251 0.00805386321769 0.0017984863826 0.00378940340695 0.00184165005578 0.00311323262622 0.00373019397872 0.00398171951067 0.00100673290221 0.00150060374915 0.000899243191298 0.000562278665513 0.000868404947426 0.000671253118449 0.000345309385458 0.00019886082019 0.000259436052185 7.56821753833e-05 0.000133221213526 0.00011786560357 0.000157173138579 7.01741371657e-05 4.19472042588e-05 9.43893792169e-05 8.52615766564e-05 2.0375
0.0 0.0 0.0 0.046893867161 0.00671155268141 0.000899243191298 0.00252626893797 0.00368330011156 0.00726420946118 0.00266442427051 0.00272433440204 0.00100673290221 0.000682092613251 0.00157367558477 0.000655991776432 0.000473675425869 0.000671253118449 0.000690618770917 0.000149145615142 0.000259436052185 0.000113523263075 0.000133221213526 0.00011786560357 0.000183368661676 2.33913790552e-05 0.0 0.00011326725506 6.82092613251e-05 1.8743
0.0 0.0 0.0 0.0575515642431 0.0161077264354 0.0 0.00315783617246 0.0041437126255 0.00207548841748 0.00399663640577 0.00314346277158 0.00218125462146 0.0010913481812 0.000786837792385 0.000655991776432 0.000631567234492 0.000738378430294 0.000345309385458 0.00019886082019 0.000259436052185 0.000151364350767 0.000199831820288 0.00011786560357 7.85865692896e-05 0.000140348274331 2.09736021294e-05 7.55115033736e-05 6.82092613251e-05 1.8693
0.0 0.0 0.0 0.0596831036595 0.0120807948265 0.00269772957389 0.00126313446898 0.00322288759761 0.00345914736247 0.00399663640577 0.00293389858681 0.00218125462146 0.000954929658551 0.00101164859021 0.00103084422011 0.000473675425869 0.000537002494759 0.000345309385458 0.000298291230285 0.000389154078278 0.00022704652615 9.99159101442e-05 5.89328017849e-05 0.000104782092386 0.0 0.000167788817035 5.66336275302e-05 3.41046306625e-05 1.8624
0.0 0.0 0.0 0.0575515642431 0.0147654158991 0.0017984863826 0.00126313446898 0.00368330011156 0.00484280630745 0.00293086669756 0.00209564184772 0.00318798752367 0.00122776670385 0.00134886478695 0.000562278665513 0.00055262133018 0.00040275187107 0.000230206256972 0.000298291230285 0.000562111446401 0.000113523263075 0.0 5.89328017849e-05 0.000157173138579 2.33913790552e-05 0.000125841612776 3.77557516868e-05 0.000119366207319 1.8358
0.0 0.0 0.0 0.0554200248266 0.00805386321769 0.00269772957389 0.00252626893797 0.0041437126255 0.00415097683496 0.00293086669756 0.00335302695635 0.00100673290221 0.00122776670385 0.000899243191298 0.00084341799827 0.000631567234492 0.000537002494759 0.000460412513944 0.000298291230285 0.000129718026093 0.000113523263075 0.000166526516907 0.000265197608032 0.000130977615483 4.67827581105e-05 4.19472042588e-05 9.43893792169e-05 1.70523153313e-05 2.0173
0.0 0.0 0.0 0.046893867161 0.0120807948265 0.00359697276519 0.00189470170347 0.00230206256972 0.00553463577995 0.00346375155167 0.00251477021727 0.00151009935332 0.00177344079445 0.00112405398912 0.00103084422011 0.000473675425869 0.000335626559225 0.000172654692729 0.000447436845427 0.000172957368123 0.000378410876917 0.000133221213526 0.00011786560357 5.2391046193e-05 0.000116956895276 8.38944085176e-05 5.66336275302e-05 5.11569459938e-05 1.9680
0.0 0.0 0.0 0.0596831036595 0.00671155268141 0.00269772957389 0.00126313446898 0.00598536268128 0.00380506209871 0.00373019397872 0.00293389858681 0.00151009935332 0.000954929658551 0.00112405398912 0.00103084422011 0.000710513138803 0.00026850124738 0.000287757821215 0.000298291230285 0.000259436052185 0.000189205438458 0.000166526516907 0.000147332004462 7.85865692896e-05 7.01741371657e-05 4.19472042588e-05 9.43893792169e-05 5.11569459938e-05 1.8798
0.0 0.0 0.0 0.0596831036595 0.00805386321769 0.00269772957389 0.00252626893797 0.00644577519522 0.00484280630745 0.00213153941641 0.00209564184772 0.000838944085176 0.00150060374915 0.000562026994561 0.000468565554594 0.00110524266036 0.00026850124738 0.000575515642431 0.00019886082019 0.000259436052185 0.000378410876917 6.66106067628e-05 0.000206264806247 0.000130977615483 0.0 4.19472042588e-05 7.55115033736e-05 0.000119366207319 1.8881
0.0 0.0 0.033149701004 0.0213153941641 0.0120807948265 0.00629470233908 0.00378940340695 0.00368330011156 0.00345914736247 0.00239798184346 0.0037721553259 0.00218125462146 0.0019098593171 0.00123645938803 0.000374852443675 0.000394729521557 0.000671253118449 0.000402860949701 0.000348006435332 0.000259436052185 0.000302728701533 0.000133221213526 2.94664008924e-05 0.000104782092386 7.01741371657e-05 0.000104868010647 3.77557516868e-05 5.11569459938e-05 2.0092
0.0 0.0 0.0147332004462 0.0170523153313 0.0214769685805 0.00629470233908 0.00568410511042 0.00506453765339 0.00172957368123 0.00293086669756 0.00230520603249 0.00184567698739 0.0016370222718 0.00123645938803 0.000374852443675 0.000947350851737 0.000537002494759 0.000230206256972 0.000646297665617 0.000129718026093 0.000340569789225 6.66106067628e-05 5.89328017849e-05 5.2391046193e-05 0.000116956895276 0.000146815214906 7.55115033736e-05 3.41046306625e-05 1.8798
0.0 0.0 0.033149701004 0.0213153941641 0.0120807948265 0.00629470233908 0.00442097064144 0.00322288759761 0.00345914736247 0.00239798184346 0.00398171951067 0.00201346580442 0.0019098593171 0.00123645938803 0.000374852443675 0.000315783617246 0.000738378430294 0.000460412513944 0.000298291230285 0.000259436052185 0.000302728701533 0.000133221213526 2.94664008924e-05 0.000104782092386 7.01741371657e-05 0.000104868010647 3.77557516868e-05 5.11569459938e-05 2.0106
0.0 0.0 0.0 0.0596831036595 0.00939617375397 0.0017984863826 0.000631567234492 0.00598536268128 0.00380506209871 0.00293086669756 0.00209564184772 0.00134231053628 0.00150060374915 0.00123645938803 0.00140569666378 0.000473675425869 0.000335626559225 0.000172654692729 0.000348006435332 0.000216196710154 0.00022704652615 6.66106067628e-05 0.000206264806247 7.85865692896e-05 9.3565516221e-05 0.000104868010647 9.43893792169e-05 3.41046306625e-05 1.9859
0.0 0.0 0.0 0.0639461824923 0.0201346580442 0.0017984863826 0.00126313446898 0.00460412513944 0.00449689157121 0.00319730912461 0.00314346277158 0.0033557763407 0.0013641852265 0.00134886478695 0.00084341799827 0.000947350851737 0.000738378430294 0.000287757821215 0.00019886082019 0.000129718026093 0.000113523263075 6.66106067628e-05 0.000147332004462 0.0 0.0 2.09736021294e-05 0.0 0.0 2.0311
0.0 0.0 0.0 0.0404992489118 0.0120807948265 0.0 0.00315783617246 0.00276247508367 0.00449689157121 0.00399663640577 0.00251477021727 0.00134231053628 0.00177344079445 0.00213570257933 0.000468565554594 0.00102629675605 0.000537002494759 0.000863273463646 0.000447436845427 0.000259436052185 0.00022704652615 6.66106067628e-05 0.000176798405355 0.000104782092386 2.33913790552e-05 0.0 1.88778758434e-05 0.0 1.9331
0.0 0.0 0.0147332004462 0.0234469335805 0.0134231053628 0.00899243191298 0.00694723957941 0.00276247508367 0.00276731788997 0.00239798184346 0.00314346277158 0.00134231053628 0.00150060374915 0.00123645938803 0.000468565554594 0.000710513138803 0.000671253118449 0.000402860949701 0.00039772164038 0.000216196710154 0.000113523263075 0.000199831820288 5.89328017849e-05 0.000157173138579 0.000140348274331 0.000104868010647 9.43893792169e-05 1.70523153313e-05 1.8960
0.0 0.0 0.033149701004 0.0213153941641 0.0120807948265 0.00629470233908 0.00442097064144 0.00322288759761 0.00345914736247 0.00239798184346 0.00398171951067 0.00201346580442 0.0019098593171 0.00123645938803 0.000374852443675 0.000315783617246 0.000738378430294 0.000460412513944 0.000298291230285 0.000259436052185 0.000302728701533 0.000133221213526 2.94664008924e-05 0.000104782092386 7.01741371657e-05 0.000104868010647 3.77557516868e-05 5.11569459938e-05 2.0104
0.0 0.0 0.0184165005578 0.0213153941641 0.0174500369717 0.00539545914779 0.00505253787593 0.00322288759761 0.00311323262622 0.00239798184346 0.00272433440204 0.00134231053628 0.0016370222718 0.00157367558477 0.00084341799827 0.000789459043115 0.000537002494759 0.000517964078187 0.000298291230285 0.000259436052185 0.000264887613842 0.000133221213526 0.000206264806247 0.000130977615483 9.3565516221e-05 8.38944085176e-05 5.66336275302e-05 0.0 1.9657
