0.754610322731 0.0531510898002 0.833333333333 -1.5916236
0.620657378471 0.0378480987275 1.75 -1.4540536
0.58790170936 0.0255322808391 1.2 -0.9923836
0.340057024905 0.0421420667943 1.2 -0.8360236
2.37017439085 0.0202539706577 1.2 -1.5707636
0.32514957339 0.0317877150713 0.833333333333 -0.9548536
0.419180477453 0.0166912984111 2.66666666667 -2.4888536
1.67661847843 0.00721979452957 1.75 -1.4322636
0.100054267433 0.227834582327 1.2 -1.9762436
0.688143044465 0.0345798981889 0.833333333333 -1.2985536
1.8218236001 0.0339853218624 1.2 -1.3860736
0.70652949303 0.0325660621007 0.833333333333 -1.4347136
1.70090350486 0.00676204790205 1.75 -2.1686336
1.63314044729 6.87575493609e-05 0.833333333333 -1.3184336
1.40008765296 0.0152465975706 1.2 -1.0658136
0.339143624761 0.0421832638576 1.2 -0.8344036
0.689089649675 0.0355931845085 0.833333333333 -1.2923336
0.200977724062 0.0340876960794 1.2 -2.7916536
1.37966685545 0.0243849834375 1.2 -1.3630936
0.874576737171 0.0370952477625 1.2 -1.0774736
0.260392706476 0.132766388313 1.2 -0.9902136
1.24576273441 0.0214669926311 0.833333333333 -0.8665536
0.824109520826 0.0156534161978 0.833333333333 -1.3144936
1.25000238648 0.0135085199627 0.833333333333 -1.8814436
1.90066584161 0.0133483519394 1.2 -0.8921536
0.938213120671 0.0234474815065 1.2 -1.1837136
0.296078218219 0.0543691199791 0.571428571429 -1.1588136
1.0420549156 0.0748751070551 0.833333333333 -0.8582836
1.37966685744 0.024384983106 1.2 -1.3670636
0.694370634857 0.0353763673947 0.833333333333 -1.1510636
1.81747851114 0.0110690332388 1.2 -1.4976536
0.108822549281 0.0485021583618 1.2 -1.2033236
1.69941110452 0.00860594473802 0.571428571429 -1.4435436
0.981566959339 0.0272852380664 1.2 -1.3395736
1.11833800172 0.0196051774785 1.2 -1.2771236
0.868531988115 0.0287424116526 1.75 -1.4144336
0.894203181787 0.0247578053558 0.833333333333 -0.8392436
1.04312481259 0.0369683566928 0.833333333333 -1.2509636
1.06672977581 0.0338932668472 0.833333333333 -1.0447936
0.837298697847 0.0165219642824 0.833333333333 -0.9112736
0.801751700592 0.0168706740455 1.2 -1.9932336
0.39672110241 0.0420425423873 1.2 -0.8851636
0.556941378969 0.0262672907797 0.833333333333 -2.2556136
1.21494423202 0.00720635605372 0.833333333333 -1.1798036
1.77151362658 0.0170504553674 1.2 -1.5941936
0.467025623199 0.0258477871703 1.2 -1.3636636
1.07998040839 0.0329403112027 0.833333333333 -1.0449936
0.694467460112 0.0353923966502 0.833333333333 -1.3019536
1.34776589548 0.0180120852215 1.2 -1.3138436
0.382409731163 0.0371047824261 1.2 -1.1411036
1.3246912644 0.0152714161534 1.2 -1.8291736
0.517210533738 0.0273940533884 1.2 -1.1067036
1.28327079611 0.014893061641 0.833333333333 -0.9512136
0.643363619665 0.0196697600208 1.2 -1.6932036
1.18082837163 0.0193284481065 0.571428571429 -1.4269936
0.739424863045 0.0426111120132 1.2 -1.1157336
1.39351165453 0.0207964348109 1.2 -1.4115336
0.431256571571 0.04943857932 1.2 -1.4994236
0.755930533708 0.00727859233739 1.2 -1.3719736
1.73100740469 0.0309751118382 0.833333333333 -1.5326036
0.618707788535 0.179759769816 1.75 -1.5389936
1.73118832145 0.0311815905065 0.833333333333 -1.5283136
1.18160161615 0.0196027835649 0.571428571429 -1.4292736
0.877745620542 0.0106005855841 2.66666666667 -1.2134136
2.57718439297 0.0453732981186 0.833333333333 -1.4717036
0.543232965825 0.0298586845308 1.2 -1.0240536
0.313337560546 0.0319203923279 1.2 -1.0526136
1.55596018213 0.0391208363498 1.2 -1.2710636
0.7884510637 0.0208442106546 0.833333333333 -1.0241936
1.49828183231 0.0085807173478 0.833333333333 -1.6027336
1.30632600332 0.0375351730287 0.833333333333 -1.3326636
1.54960339244 0.00113594214486 0.833333333333 -2.3974836
0.539599324241 0.0980315220545 1.2 -1.5690336
1.73118772513 0.0311665404268 0.833333333333 -1.5184136
1.16946742034 0.0196069237174 0.571428571429 -1.0279236
0.36507176426 0.0885877689748 1.2 -1.1703836
0.469940110224 0.217039293382 1.2 -1.2303736
0.410202743193 0.0342629570458 1.75 -0.8927236
0.517015116279 0.0221862879285 0.833333333333 -1.0479536
1.01523516857 0.0375031516763 1.2 -1.0332536
1.12987866425 0.146598099034 0.833333333333 -1.7083436
0.934018028722 0.00750563457381 0.833333333333 -1.1091436
0.220790170855 0.0512029555008 0.833333333333 -0.8970036
1.84170817148 0.024843440863 1.75 -1.2633536
0.29643341436 0.0479364777052 0.571428571429 -1.3475336
1.08171539585 0.00848342676516 1.2 -1.1543436
0.969628833161 0.0128356010833 1.2 -0.9211836
1.34938053249 0.00489003908364 0.833333333333 -1.6358136
