4.68371676597 0.140475129871 -1.5916236
1.82542831895 0.114301738899 -1.4540536
1.66701253133 0.0757893646141 -0.9923836
1.87927300452 0.125612565913 -0.8360236
2.86602469977 0.0643257651053 -1.5707636
5.26588096613 0.0909235014113 -0.9548536
3.71984369874 0.0428444169735 -2.4888536
3.15951308006 0.0208781934705 -1.4322636
2.1849364526 0.529249283621 -1.9762436
2.28627317248 0.125485995257 -1.2985536
2.82070704271 0.0970883282508 -1.3860736
2.37910110514 0.0963122200836 -1.4347136
2.68174924027 0.0209460172969 -2.1686336
3.07510366452 0.00019761236196 -1.3184336
2.37231909342 0.0435950241237 -1.0658136
1.87699821291 0.12549940788 -0.8344036
2.2920821519 0.129129024571 -1.2923336
2.28209422021 0.103017062868 -2.7916536
2.8281896483 0.0615995868478 -1.3630936
3.10931928454 0.099481521052 -1.0774736
4.16593411923 0.361572589349 -0.9902136
2.57059983224 0.0664887005509 -0.8665536
2.07491632284 0.0443135756611 -1.3144936
2.23954988702 0.0306494625223 -1.8814436
1.90066584161 0.0412403431072 -0.8921536
2.79940514185 0.0614196250329 -1.1837136
2.13255687101 0.16010962048 -1.1588136
2.95877590189 0.22389163217 -0.8582836
2.82818965082 0.0615995860186 -1.3670636
2.2985197974 0.12841817218 -1.1510636
1.81747851114 0.0392980095556 -1.4976536
4.02049035758 0.138543408973 -1.2033236
3.17069280083 0.0277429761166 -1.4435436
2.59107655908 0.0721497352631 -1.3395736
2.09123165162 0.0515550956891 -1.2771236
1.53182766429 0.0881768202189 -1.4144336
1.75619473538 0.0719576379023 -0.8392436
2.85077255114 0.101410937336 -1.2509636
2.43046410871 0.105700788713 -1.0447936
1.68760563441 0.0540245008128 -0.9112736
1.7259166003 0.0514449286075 -1.9932336
2.23341781274 0.1134572821 -0.8851636
2.03496380229 0.0802986615917 -2.2556136
2.14941160382 0.0236723468188 -1.1798036
2.18289209043 0.0355133161943 -1.5941936
2.16783671367 0.0621023060349 -1.3636636
2.45311881877 0.102770369027 -1.0449936
2.29859674941 0.128476965461 -1.3019536
2.78200435275 0.056834772581 -1.3138436
1.55050281937 0.108769569809 -1.1411036
1.3246912644 0.0455496271117 -1.8291736
2.29312279591 0.0847563999298 -1.1067036
2.27118960247 0.033980141668 -0.9512136
2.21483319187 0.0506320776876 -1.6932036
2.64245728251 0.0463363546028 -1.4269936
1.70902177591 0.0976456990388 -1.1157336
1.39351165453 0.0559974163446 -1.4115336
2.00201561834 0.143280817377 -1.4994236
2.05823745686 0.0236326646421 -1.3719736
2.65492086086 0.0741694238874 -1.5326036
2.20839588366 0.453225176179 -1.5389936
2.65551901286 0.0745907753711 -1.5283136
2.64654881394 0.0472303855583 -1.4292736
2.15624304394 0.0302392519522 -1.2134136
3.57039312757 0.152685030038 -1.4717036
2.40982327348 0.0925233276181 -1.0240536
1.41470792141 0.0894269979757 -1.0526136
3.00378308638 0.0961642544096 -1.2710636
2.46917406851 0.0574133660325 -1.0241936
2.4938219813 0.0172578159889 -1.6027336
2.24344236007 0.110555785407 -1.3326636
2.96045064485 0.00350973607436 -2.3974836
2.77940096019 0.28184350489 -1.5690336
2.65553155665 0.0745502058124 -1.5184136
2.6302682702 0.0470414761654 -1.0279236
2.72660808616 0.25782546156 -1.1703836
2.49704198004 0.631865310361 -1.2303736
2.51592037123 0.101060379666 -0.8927236
2.24203907951 0.0618478072052 -1.0479536
1.94314084137 0.0979073610212 -1.0332536
2.05070323183 0.398128148192 -1.7083436
1.86888639441 0.0216873715104 -1.1091436
2.09568416795 0.157307934616 -0.8970036
1.84170817148 0.0594323418346 -1.2633536
3.53877270324 0.143373946659 -1.3475336
1.45099770562 0.0255134340089 -1.1543436
2.12932513886 0.0364492295402 -0.9211836
1.34938053249 0.0186157650757 -1.6358136
