13.9220561505 4.68371676597 237.690246792 0.297076949493 1.90938085017 -155.03459
9.19438493004 3.15951308006 122.057623727 0.0622770216501 0.627015538566 -157.95479
11.7464106772 2.24203907951 160.894876893 0.091679181527 1.11134784595 -158.84465
9.60610311047 1.94314084137 135.773374256 0.256319566497 1.85982797662 -158.84415
9.79392991489 2.05070323183 123.789251707 0.557518186174 2.79411934088 -157.35475
9.95531013414 1.86888639441 140.888356662 0.0406040304396 0.638423994624 -159.03637
13.9734694418 2.09568416795 211.31810245 0.20042669938 1.94273449932 -156.88783
8.70107264818 2.68174924027 122.018130548 0.0463925881942 0.523280683863 -155.9878
9.00332485428 3.07510366452 105.596441074 0.000413078087714 0.024557137584 -156.19298
10.3536211784 2.45608149998 140.190921076 0.13022164402 1.21781208491 -159.29059
9.29214522123 2.37231909342 117.47244305 0.0937003325292 0.886384683352 -156.42109
11.2391954066 1.82542831895 155.106143493 0.160817097959 1.52470381273 -158.76314
11.8295958471 2.50375808926 166.732795756 0.12315093992 1.10210210848 -159.19835
12.301863725 1.87699821291 171.049533387 0.178031142626 1.800701806 -158.08865
10.9585423638 2.2920821519 151.545599268 0.158531521553 1.03813208674 -158.06112
13.1838117004 2.28209422021 192.599398468 0.12205446656 1.33463232614 -156.46892
8.96824062093 2.23954988702 115.604929197 0.0691998835921 0.686396044935 -156.11118
11.0564142815 2.47575672692 144.8510226 0.0194839541163 0.358177826209 -158.50926
8.03755738353 1.90066584161 101.307669932 0.0881089503854 0.961423529281 -157.73116
10.9341896766 2.79940514185 154.590675856 0.120692130925 1.15446607772 -157.65307
13.815331074 2.13255687101 213.234697954 0.224934645664 2.06389986948 -158.40533
10.9135663472 2.95877590189 145.837164736 0.277689218779 1.69288796753 -158.36353
9.8974313731 2.82818965082 141.565490368 0.131766996879 1.1970675699 -157.62801
10.1120641583 2.39167478391 154.544149416 0.0578206408368 0.680716081618 -153.68179
10.0984288937 2.43046410871 138.846355519 0.137247331761 1.17788432496 -159.03353
12.301395172 1.87927300452 171.649034255 0.177700206995 1.79894901856 -158.08656
10.2002783395 1.68760563441 132.812168104 0.0759746348532 0.863233310284 -158.14626
10.3135058269 1.7259166003 137.687736309 0.0721903361447 0.909854048034 -158.01209
11.1486458061 4.12690621414 189.457438582 0.0506837522805 0.556129355281 -157.52517
11.7261500329 2.23341781274 168.955852557 0.195045269839 1.72139269552 -157.08295
11.9868043456 2.03496380229 159.751237452 0.0900626072075 1.06058805324 -156.43246
12.9567467078 2.2122885905 192.6303289 0.162869883472 1.56348712579 -158.86102
9.28507247417 2.14941160382 134.820804347 0.0397241151369 0.538641673217 -158.40246
16.802447379 3.53877270324 304.941031156 0.200791166598 1.94598735384 -156.66094
7.67485137444 2.92202031888 109.192694955 0.0687730259318 0.734295072061 -156.84001
9.89743137641 2.8281896483 141.565490438 0.131766998632 1.1970675803 -157.62801
10.9382566406 1.71170152357 156.28760217 0.12749673281 1.32006944744 -157.60475
10.9480105864 2.2985197974 151.656791992 0.158159671546 1.03608539186 -158.05725
11.1962264783 2.85077255114 160.811597871 0.178903621743 1.60599123402 -159.18726
8.43596812774 2.18289209043 112.020636834 0.0882794013435 0.793206388981 -157.66161
7.13203419766 1.3246912644 86.3323537242 0.0811123990331 0.669600371905 -157.56742
12.0901634984 2.00201561834 171.114694569 0.200799173412 1.7139207307 -157.70388
10.8926405992 2.94183541861 146.735765404 0.103220790612 1.11473959085 -159.18474
9.06478530436 2.4938219813 124.2847728 0.0625375400894 0.648216798658 -157.13982
11.8054726874 2.29312279591 170.865978173 0.120910837876 1.33313695387 -159.27891
9.62742983832 2.27118960247 130.463175101 0.0876596379234 0.955035854169 -158.21923
11.3107928418 2.21483319187 158.321771164 0.107952856645 1.0667441892 -158.16767
10.1377670861 2.64245728251 135.708106447 0.114268487098 1.07193295492 -158.28515
9.98690084585 1.70902177591 129.662062522 0.208252009863 1.57037327917 -158.22044
10.9879698099 1.88173673901 156.883802349 0.0931036121577 1.04565413217 -157.79552
8.25619156056 1.39351165453 112.819575941 0.112236617711 1.01989413773 -158.44368
11.5067054973 2.34582810197 155.543267562 0.0340990077363 0.54567993479 -157.62523
10.5383944851 2.15624304394 146.112015499 0.0699229687184 0.821120485303 -157.66085
8.01607869743 3.57039312757 101.273614494 0.230114492121 1.31886346507 -157.74767
12.1579719867 2.40982327348 177.305676196 0.134795903486 1.31838672395 -158.97557
11.7648668904 1.41470792141 166.562833406 0.147010354998 1.5110438801 -157.49052
7.00869468424 2.11143399385 84.4725366524 0.0925101794319 0.978692301577 -159.09833
9.889279482 2.7499319999 139.492255075 0.0536019490098 0.677568222151 -156.78266
9.64594270049 3.00378308638 126.762940235 0.195361125029 1.43740845831 -158.87836
11.0844987177 2.46917406851 148.174715659 0.113022308522 0.942232018999 -157.34265
11.794887448 2.9132224326 164.868528896 0.204055894012 1.77291207566 -159.51922
9.21320844524 1.45099770562 122.47193487 0.0411588234879 0.623979797081 -159.46035
10.1985774575 2.12932513886 144.842517952 0.0721070982239 0.783812837856 -157.87871
16.6124557532 2.1849364526 299.800130844 0.814347858139 3.79136889677 -156.43249
7.45043222986 1.34938053249 89.4830893172 0.0267847123112 0.372558606097 -156.20916
10.962652675 2.28627317248 151.975567293 0.154067439272 1.01965520664 -158.06161
9.27949221347 2.82070704271 114.559919667 0.176841552072 1.3943412291 -157.60075
11.1064189046 2.37910110514 155.758214456 0.140542420085 1.25116297138 -158.39
11.6026019324 1.93485388448 159.856297691 0.117233818643 1.19900742718 -158.70798
11.8522153359 3.10931928454 167.065869161 0.153264500261 1.45064603219 -158.3253
17.1953636498 4.16593411923 306.212097815 0.547357392716 2.80654856655 -156.82141
10.29565614 2.57059983224 137.591267412 0.0979310083478 1.08333774342 -157.12149
18.6784080456 5.28702885318 335.877854419 0.480316305325 2.34150560238 -156.81596
10.9175506515 1.66701253133 148.841860751 0.113367892154 1.14264848256 -157.14598
10.6318900188 2.07491632284 155.984881839 0.0842776620266 0.977718525423 -158.91626
5.81448790491 1.81747851114 68.6561474621 0.0684086635188 0.593097243322 -157.80007
20.3131692766 4.02049035758 394.630416628 0.176095400779 1.80163846428 -155.10041
9.47336043949 3.17069280083 119.882485433 0.0402551795353 0.438802963454 -156.01088
11.0064946449 2.59107655908 151.466617813 0.112163585943 1.12903603652 -158.99982
9.89734951286 2.09123165162 119.061517503 0.0960988546563 1.07850437414 -156.28918
9.86651895842 1.53182766429 135.263153067 0.143544877093 1.26117212156 -157.47687
9.79829328045 1.75619473538 132.824229001 0.112440483208 1.14895905222 -158.06371
11.6311258515 2.16783671367 164.818403729 0.128532171866 1.24060005498 -157.54145
10.0754647908 2.45311881877 139.269009174 0.134143140732 1.15729509913 -159.03376
7.9092631949 2.86602469977 97.5802172909 0.0983188097419 0.851082284632 -154.58446
10.9478399839 2.29859674941 151.653381226 0.158232311327 1.03640107011 -158.05722
9.98889520959 2.78200435275 134.398705174 0.107991982464 0.960775888916 -158.42282
11.2771160605 2.41938575365 154.190628029 0.103790775172 1.08774445522 -159.29262
12.6095619152 1.55050281937 178.57338846 0.128564517218 1.39510732382 -156.74679
10.5896355685 2.05823745686 143.851133084 0.0337409886392 0.50060280962 -155.98443
8.74479827039 2.65492086086 114.412510482 0.218160583695 1.40825735527 -157.16508
11.391480295 2.20839588366 161.792273314 0.732976050476 3.11700982861 -158.0881
8.74429161778 2.65551901286 114.425293698 0.220065041249 1.41597471712 -157.16328
10.1347349698 2.64654881394 135.655760255 0.115848994173 1.08440472015 -158.28746
9.57319624664 3.78433701705 129.035659632 0.0400094625307 0.425806898596 -159.75997
11.189719605 2.36255127582 159.619391368 0.0820174832478 0.918745913263 -160.19612
17.0287004024 5.26588096613 317.820377773 0.148047104292 1.46730423436 -157.83247
16.2557084793 3.71984369874 284.419153168 0.0825415800085 0.97017471098 -153.90863
9.4164675691 2.24344236007 119.436058506 0.127193085204 1.0277946646 -158.40949
9.37901118295 2.96045064485 125.727451718 0.00750928827526 0.149442368713 -157.27229
12.1359977061 2.77940096019 164.996055021 0.377887941315 2.54521373569 -158.02379
8.74418856139 2.65553155665 114.423666496 0.219958721094 1.41549131736 -157.16327
10.1468949667 2.6302682702 135.962083385 0.115786573904 1.08147537787 -158.28582
13.0828823187 2.72660808616 188.966311818 0.321583387271 2.22718463039 -159.71758
11.7399567543 1.10022714805 153.707585514 0.0695409669251 0.935178097504 -157.93659
12.6162496165 2.49704198004 175.378243235 0.817205462132 4.33335128955 -157.91007
13.2845815461 2.51592037123 190.68949941 0.14875478134 1.59044498728 -158.83222
8.79926514494 2.29495984569 112.924512174 0.372519453711 2.33209250835 -158.41332
