13.9220561505 4.68371676597 237.690246792 0.297076949493 1.90938085017 -1.5916236
9.19438493004 3.15951308006 122.057623727 0.0622770216501 0.627015538566 -1.4322636
11.7464106772 2.24203907951 160.894876893 0.091679181527 1.11134784595 -1.0479536
9.95531013414 1.86888639441 140.888356662 0.0406040304396 0.638423994624 -1.1091436
13.9734694418 2.09568416795 211.31810245 0.20042669938 1.94273449932 -0.8970036
9.29214522123 2.37231909342 117.47244305 0.0937003325292 0.886384683352 -1.0658136
11.2391954066 1.82542831895 155.106143493 0.160817097959 1.52470381273 -1.4540536
12.301863725 1.87699821291 171.049533387 0.178031142626 1.800701806 -0.8344036
8.96824062093 2.23954988702 115.604929197 0.0691998835921 0.686396044935 -1.8814436
10.9341896766 2.79940514185 154.590675856 0.120692130925 1.15446607772 -1.1837136
13.815331074 2.13255687101 213.234697954 0.224934645664 2.06389986948 -1.1588136
9.8974313731 2.82818965082 141.565490368 0.131766996879 1.1970675699 -1.3670636
10.0984288937 2.43046410871 138.846355519 0.137247331761 1.17788432496 -1.0447936
12.301395172 1.87927300452 171.649034255 0.177700206995 1.79894901856 -0.8360236
10.2002783395 1.68760563441 132.812168104 0.0759746348532 0.863233310284 -0.9112736
10.3135058269 1.7259166003 137.687736309 0.0721903361447 0.909854048034 -1.9932336
11.7261500329 2.23341781274 168.955852557 0.195045269839 1.72139269552 -0.8851636
9.28507247417 2.14941160382 134.820804347 0.0397241151369 0.538641673217 -1.1798036
16.802447379 3.53877270324 304.941031156 0.200791166598 1.94598735384 -1.3475336
9.89743137641 2.8281896483 141.565490438 0.131766998632 1.1970675803 -1.3630936
5.81448790491 1.81747851114 68.6561474621 0.0684086635188 0.593097243322 -1.4976536
11.1962264783 2.85077255114 160.811597871 0.178903621743 1.60599123402 -1.2509636
8.43596812774 2.18289209043 112.020636834 0.0882794013435 0.793206388981 -1.5941936
7.13203419766 1.3246912644 86.3323537242 0.0811123990331 0.669600371905 -1.8291736
12.0901634984 2.00201561834 171.114694569 0.200799173412 1.7139207307 -1.4994236
10.5383944851 2.15624304394 146.112015499 0.0699229687184 0.821120485303 -1.2134136
9.06478530436 2.4938219813 124.2847728 0.0625375400894 0.648216798658 -1.6027336
11.8054726874 2.29312279591 170.865978173 0.120910837876 1.33313695387 -1.1067036
9.62742983832 2.27118960247 130.463175101 0.0876596379234 0.955035854169 -0.9512136
11.3107928418 2.21483319187 158.321771164 0.107952856645 1.0667441892 -1.6932036
8.25619156056 1.39351165453 112.819575941 0.112236617711 1.01989413773 -1.4115336
12.1579719867 2.40982327348 177.305676196 0.134795903486 1.31838672395 -1.0240536
11.7648668904 1.41470792141 166.562833406 0.147010354998 1.5110438801 -1.0526136
9.21320844524 1.45099770562 122.47193487 0.0411588234879 0.623979797081 -1.1543436
10.1985774575 2.12932513886 144.842517952 0.0721070982239 0.783812837856 -0.9211836
16.6124557532 2.1849364526 299.800130844 0.814347858139 3.79136889677 -1.9762436
9.27949221347 2.82070704271 114.559919667 0.176841552072 1.3943412291 -1.3860736
11.1064189046 2.37910110514 155.758214456 0.140542420085 1.25116297138 -1.4347136
11.8522153359 3.10931928454 167.065869161 0.153264500261 1.45064603219 -1.0774736
17.1953636498 4.16593411923 306.212097815 0.547357392716 2.80654856655 -0.9902136
10.29565614 2.57059983224 137.591267412 0.0979310083478 1.08333774342 -0.8665536
10.9175506515 1.66701253133 148.841860751 0.113367892154 1.14264848256 -0.9923836
10.6318900188 2.07491632284 155.984881839 0.0842776620266 0.977718525423 -1.3144936
20.3131692766 4.02049035758 394.630416628 0.176095400779 1.80163846428 -1.2033236
9.47336043949 3.17069280083 119.882485433 0.0402551795353 0.438802963454 -1.4435436
11.0064946449 2.59107655908 151.466617813 0.112163585943 1.12903603652 -1.3395736
9.89734951286 2.09123165162 119.061517503 0.0960988546563 1.07850437414 -1.2771236
9.86651895842 1.53182766429 135.263153067 0.143544877093 1.26117212156 -1.4144336
9.79829328045 1.75619473538 132.824229001 0.112440483208 1.14895905222 -0.8392436
10.0754647908 2.45311881877 139.269009174 0.134143140732 1.15729509913 -1.0449936
7.9092631949 2.86602469977 97.5802172909 0.0983188097419 0.851082284632 -1.5707636
9.98889520959 2.78200435275 134.398705174 0.107991982464 0.960775888916 -1.3138436
10.5896355685 2.05823745686 143.851133084 0.0337409886392 0.50060280962 -1.3719736
8.74479827039 2.65492086086 114.412510482 0.218160583695 1.40825735527 -1.5326036
11.391480295 2.20839588366 161.792273314 0.732976050476 3.11700982861 -1.5389936
8.74429161778 2.65551901286 114.425293698 0.220065041249 1.41597471712 -1.5283136
17.0287004024 5.26588096613 317.820377773 0.148047104292 1.46730423436 -0.9548536
9.4164675691 2.24344236007 119.436058506 0.127193085204 1.0277946646 -1.3326636
8.74418856139 2.65553155665 114.423666496 0.219958721094 1.41549131736 -1.5184136
13.0828823187 2.72660808616 188.966311818 0.321583387271 2.22718463039 -1.1703836
