525.681625916 185.085066235 143.225057933 135.023272008 111.086721523 106.575244474 97.0238018818 88.6750342661 71.5246246895 76.7098561518 85.6250837603 79.4089946158 81.4102953612 83.632147388 27.9082809088 26.3027942755 23.3250718291 8.89075189542 9.50092347746 17.3347817248 16.5388910331 15.7742916171 14.5819264635 10.7062325198 13.5664072047 11.318758118 12.7975237067 12.2264803546 -1.5916236
487.407361078 214.968062152 135.893187309 129.238582353 114.84246907 106.15377688 99.0153841405 91.1524472587 86.5362385782 85.8223363063 83.668737792 74.0735373056 78.7836239915 77.2021286838 28.5785957432 21.745100218 20.8086066823 18.3982043443 17.4142350253 17.0663417355 10.9581362483 11.2284499709 11.3570039287 15.1152105708 14.5430806924 12.921737581 13.1204779441 13.4468877487 -1.4540536
480.902543861 206.307943925 143.674368608 134.988700413 117.047991577 107.18493676 102.764005571 97.7829172311 88.4487164838 83.1844636554 74.1021523219 79.8474268601 77.7919602779 76.8740149656 25.8987803757 24.9282089645 20.1924149975 18.4571335628 9.67640896282 10.1439725624 15.965942542 16.1481890144 14.5810791561 13.9833109369 13.4124065929 11.8669990055 12.8705224768 12.4324296714 -0.9923836
537.806229899 166.267805251 141.123358444 140.134513224 118.254418947 101.898503999 94.9108455139 89.8291531611 85.1564990014 82.9771973897 77.5204716117 73.8988556383 75.7405627805 68.9590661036 34.5266450958 31.4440630939 23.1450418591 19.9158117387 17.0496733699 9.01309209406 9.31445472133 10.659763192 11.4842879128 15.287678796 12.969136106 14.3066734327 14.1252578293 13.7408811256 -4.8348236
479.231995651 210.81489602 148.283587718 125.878923376 114.8179168 105.564734373 95.9683210109 93.5550166245 75.7325072206 83.7331243603 79.0598917175 80.3774148532 86.5460714266 86.7547640958 25.8883151044 22.9769429312 20.3495321075 18.927563239 16.8278197728 15.8938496728 15.2252425392 14.8409686589 13.6045620318 13.1343360272 12.7773231358 11.1609639927 11.5805860403 11.9527708299 -0.8360236
460.886108917 218.451334059 144.874392096 130.381611361 119.616691856 107.048226963 101.614771963 94.2779270888 91.9772013112 88.0909694629 83.8597727999 79.0626576112 74.9658156175 74.5246608 25.8123880257 22.6451696766 20.7765436944 18.0064079709 17.8130429888 16.8604402736 15.1758660451 13.80317703 13.5392132054 12.8835137373 10.834746523 11.3672588447 11.1296805419 11.1803508677 -1.5707636
491.763810405 198.768828573 152.588662074 130.273770168 122.096374081 103.442309414 99.3723393967 90.0074908505 85.9279180728 86.2716935867 82.827849784 77.7080295265 73.4567161723 71.6568316011 31.5102863436 22.9063409677 22.2086807437 18.9149844738 17.0885360638 15.5268630733 15.4815170915 14.2377325845 10.309030657 12.4245568151 10.7600626363 10.9752915131 11.5269970794 11.4264375821 -0.7963536
522.844897899 178.14996777 151.748319977 136.582393243 112.135359291 105.301309552 101.406990188 90.8643595142 88.6430537826 85.7180604107 79.9005994015 77.4882641248 71.0035285269 73.8184115045 24.1738668485 20.4248040302 20.0262466005 9.92398132052 17.1388397404 11.3719322501 11.865652135 16.2952267579 12.522755197 15.2305557075 14.7266404546 13.8078891142 14.003654606 14.342381384 -0.9548536
547.729595387 162.635621208 159.100972316 137.503257862 101.802431486 96.1617669786 93.829146646 89.365233088 82.8244148559 80.0632355062 70.6947392208 72.6473418149 76.7086281922 74.7228647534 36.1146871157 27.0713919844 22.4554115364 22.0924925353 20.1648188188 19.3795333444 15.0462958242 14.0104912524 10.1862828429 10.7910072477 11.1764281998 12.9090043487 11.8893822526 12.3834647134 -2.4888536
480.467117475 205.734682037 138.940399995 134.8638428 116.974571687 107.211551449 100.681418375 95.2382192817 93.4662017499 86.3065001615 73.108741326 82.9027971722 77.7961379995 79.4750458577 24.8967842486 22.0771341256 9.99109095577 10.6162982973 18.9695919768 11.5235074238 17.6230322205 16.8036019308 16.2391359795 15.4660573556 14.0910163353 13.6342357983 13.094371263 13.2668560551 -1.4322636
510.222685716 176.497358539 145.338762183 141.348942961 117.087036856 107.096122822 98.3733981464 94.0913565288 93.2540528537 85.9773179962 88.2160884954 78.9910772241 75.2296636187 69.1600565907 24.8083377686 22.2912142184 20.3739815747 18.3538076912 16.4360091411 15.1583505762 15.2013466231 9.08323680142 12.8769678355 12.2590368185 11.6815976716 10.4517761162 10.8676953855 10.7326625797 -1.9762436
518.034690125 218.164194689 145.00774417 122.280348264 121.038185208 106.045669886 98.2830626384 94.0102924475 84.1575846648 78.6396116666 76.5933546083 72.8290376119 66.6709423514 69.3953889845 27.8332988377 25.1187031176 21.7449052411 19.9424374351 17.3259729673 15.7887249611 8.77091431065 10.0912165644 9.95190972632 14.2821836615 13.1259881947 11.6272277475 12.3005926435 12.4057586069 -1.2985536
478.370706503 227.413028624 145.650020213 132.481171995 120.41614285 107.367010849 99.1426436359 92.1356407231 86.3937377963 85.5001547291 83.4271609112 73.0680023113 73.8089142203 61.9768807315 33.0240745282 26.6651223776 22.4854111635 18.4305322197 17.9801085679 8.16357128819 9.5298235436 11.3186332826 10.4107527012 10.1791607117 12.988852386 13.9070457208 14.7360354118 14.4896013367 -1.3860736
489.825000536 213.298908348 140.23637117 127.281239014 116.436410876 106.561854429 99.3238786236 95.9154480751 89.0156716514 87.7142240421 74.4480361599 75.1172578806 78.710994313 78.6620876913 26.0610427528 21.3167330818 18.2087755933 17.838946604 16.93994024 16.0103303109 10.8763762798 11.3261881973 11.9605333631 12.5195303065 13.0117667577 14.8325837688 13.8677733055 14.1420379606 -1.4347136
503.929451434 192.520432153 139.155871721 133.27637657 119.502784625 105.918091569 97.2186620867 94.2953305077 87.6375252821 85.7227849086 83.786535357 77.7696806607 72.743003248 74.4575935291 29.3984273134 22.1183026596 21.2466196339 9.84496321517 10.2308638957 11.035012651 18.2836655584 12.2428620784 16.478056265 13.3685950984 15.7308734965 14.1906988946 14.4038636986 14.9530132211 -3.5612236
496.100658084 191.21034673 150.639609846 127.49328298 116.609592497 105.363883582 98.1301363201 94.808178248 87.8452187144 86.837609947 83.0146392266 79.1954240504 76.2194975572 72.3093336619 28.5800468755 22.1856994658 20.0456582394 18.5671605001 17.6406318491 17.1359659922 15.6083933518 14.6205041075 14.0558511421 13.0679909968 10.3769001875 10.7263997093 11.5292948416 11.5420326281 -2.1686336
463.572413326 217.578396562 137.436917521 131.261771016 113.188299681 110.274465124 99.7808727362 98.4276274223 94.9971240046 83.9846814545 83.3636241289 81.1264984069 75.1534094027 75.4315833833 29.2516314749 27.4115072475 21.1583569474 21.415729732 8.90238023836 9.01188772441 10.1447847514 11.558213716 12.4572663773 16.1061975723 15.4469155189 14.7184402679 13.9607221141 14.3382234809 -1.3184336
492.242102713 206.152714469 143.485805815 127.757194014 117.327469754 106.968378442 100.266272362 93.7320998154 92.0451118532 85.7100058525 72.3900182279 82.2579232039 76.2951585128 78.3707794734 27.1486100472 21.4014179927 20.0040305025 18.6708405165 16.5548650699 9.34571640666 10.5266180686 10.4510565561 12.4487471955 12.8459226056 13.6647681402 14.0427759113 14.80712841 14.5464094017 -0.5591736
458.606159101 233.18512449 141.01263426 124.507424094 123.061645279 104.229180039 104.435373724 95.3519640064 88.592007799 86.5686941228 74.8335527104 81.686477182 78.392205972 79.6402377754 26.1929056492 22.6740538943 9.58584407525 10.0915412296 17.8401351095 11.9261337076 12.2851295299 12.7930898159 16.6581802288 16.4504278439 16.2263424375 15.9795027638 14.4811626462 14.1728118466 -1.0658136
502.779603766 179.04323948 143.827465693 135.396576431 126.63546587 108.921662398 101.017615783 93.3370109537 91.4972815067 88.7601007697 75.5873434588 74.2912137243 72.9612586103 69.7559637336 32.3182593251 26.2217788406 22.5036063608 18.5227661354 8.84437424018 16.7672437393 14.7048601654 14.3824668717 14.065411196 13.4491638229 12.5520514237 11.4083067204 10.9498736551 10.9579766572 -0.3359736
479.118553178 210.771510655 148.206084804 125.864875968 114.873103756 105.571902185 95.8975927762 93.5525785102 75.7448647472 86.5512904821 86.8533726514 83.7336640979 79.0916999382 80.4050268165 25.9329966737 22.9846821739 20.3550088539 18.9249875101 16.8211601214 15.8971014078 15.2323086419 14.8370799036 13.6241783539 13.1442954265 12.7757570115 11.1699611581 11.5953827907 11.9289207405 -0.8344036
517.996379547 218.340628507 144.991603628 122.262122813 120.98520387 106.025084542 98.3099348263 93.966236813 84.1608589394 78.630792993 76.5816721377 72.8352945676 66.7255007974 69.4342467848 27.8065987129 25.0922846518 21.7371870636 19.8964231437 17.3160602408 15.7437578838 8.77476676062 10.1111874973 9.94516977192 14.279494156 13.1386584557 11.6590614825 12.2999858907 12.413744854 -1.2923336
475.301937406 218.79463834 144.553234648 124.472844392 118.747613875 106.581099491 97.6492207006 96.7800798298 88.8366752126 86.5659024419 73.7657425378 76.8730368322 83.9283371511 80.3858967741 26.6812190137 10.2632611932 11.1319956115 11.9216935285 12.5039839147 12.802185771 13.9188454256 18.8260708838 15.3313504299 16.2713769369 16.4466884655 17.0908460206 17.4574179822 17.5767465225 -2.7916536
501.164280414 203.411835761 142.7040215 133.688888478 111.679717229 105.568409555 97.3925242384 94.9550979081 91.2147656961 83.7117853767 78.8773020776 78.0320001905 74.3591817232 72.590413686 25.8636462982 24.5699616205 19.895068617 17.3301111002 16.5463904643 10.8429745154 11.4648206473 12.0957792394 12.2643075249 15.4590982325 13.0971167011 13.5246933211 14.4609675914 14.6947816264 -1.3630936
483.752810108 224.344894413 138.729355776 127.03367761 111.304793839 105.844238693 98.2690412469 95.6174277955 87.3305761544 83.2055979505 81.8692448341 79.6639282999 71.9018015752 74.3515522508 28.3986691983 23.2764235557 22.3210872733 19.6209171751 18.7782059764 17.9397700414 16.3106527549 14.6665391898 9.72925331947 12.759410258 10.3402365462 11.9689324052 10.9226307094 11.2082723823 -0.6889936
495.268276373 213.686364156 134.448453296 127.480521366 117.168161055 105.979500459 105.21711509 89.2913480398 87.4548108105 82.9402371888 72.8238842879 75.2125870426 78.3505510061 79.3001791971 26.1203401058 24.7113304326 11.1250809824 10.7500487371 10.641287314 19.2535965152 12.7762875894 13.1264249405 18.3353173482 17.9121231352 14.3558267474 15.2301671685 16.5328923272 15.9672286202 -1.0774736
523.191282522 168.3363478 155.314013094 141.236439905 112.641713477 102.901556397 99.0211657195 90.8727245517 86.5101196712 83.9741447693 81.8057023144 77.2837846112 73.5277382979 69.3094106007 39.4018090708 20.9219799923 19.2240065354 18.5144494632 17.894634121 8.9438995423 15.5989262772 15.1675358555 13.7181418597 10.2035469732 10.5860504372 10.8353634493 12.4002265673 12.1232274576 -0.9902136
471.416082541 215.121621867 154.370327162 126.926544202 118.863471054 98.0075238958 94.7914757239 91.7405470337 90.8298501674 87.0894021115 74.3483665746 81.69988762 77.5348892295 84.3683575378 28.3689191684 22.7896155025 21.1076268584 19.0773043769 10.4068181982 11.3577081298 11.7024354792 12.3756270326 12.9508470484 15.6208097635 15.4818165242 14.6406532177 14.1856527155 14.2857605965 -0.8665536
525.62980433 170.534305959 151.560719266 137.300977318 110.779655815 105.427041566 101.186719265 93.7106562981 91.1922833302 83.4280623125 81.0098273965 75.6157010689 71.3056553018 72.1666628714 33.0231989645 8.81248154407 19.3348358592 18.6035614658 17.9552849045 17.0499256292 15.4732220322 15.0791312562 14.4613253998 13.3261755125 10.9910604652 12.7091304694 12.1693787852 11.6231569467 -0.7022836
488.206963677 214.517405074 144.440874747 118.387310124 119.662946268 111.836233127 100.093488519 91.6762809812 89.4720449608 83.5834624639 79.9960441065 78.9282384961 74.9469160187 76.3058978641 26.1879401776 23.4050068959 9.884028164 10.4305940732 11.6532108401 17.9896438543 17.7585895267 17.2893229035 12.5732846779 13.4890127133 14.0859470321 14.482582987 14.8758856577 15.3007854009 -1.3144936
488.721833158 194.704675418 144.72145162 126.22003124 114.804302456 113.032966394 100.327838908 94.249042487 90.949566165 84.4733828544 73.4887444566 82.0438482986 79.2349843123 78.2165194804 29.9676526397 22.3774619037 20.805699715 18.925522273 17.5469712166 10.2119454807 10.7266287447 11.1943785049 12.1611247961 16.034179504 15.1416646774 14.4972890639 13.4889218775 13.191313687 -0.6204636
534.169641938 184.76511297 142.614812438 134.171189181 115.279585654 105.566450276 95.4542678613 94.2759632832 87.2465305091 84.7925951546 78.1626520804 68.2284612145 72.9005363304 70.8515776121 28.9837276142 22.0985327398 20.4098724501 19.220583698 18.2049580625 17.5240427597 9.3336271092 10.1841821224 10.5192450406 11.6021123068 11.9508250554 13.3363583638 14.6869377563 14.9255597486 -0.2225336
479.320185103 198.136349651 142.837505822 133.347694514 121.117033923 102.805192469 99.5404415932 98.4933314257 74.574125936 78.0894507385 79.7538287504 88.577411438 87.0761260114 84.6182824879 26.5580858998 24.2404846901 9.91647597413 11.2232029303 18.4080719876 12.3051581848 13.0358081851 13.5779502241 16.8664316811 16.6256059391 14.4032736502 14.8526684072 15.6663073172 15.4934563975 -1.8814436
494.060623465 208.991708342 140.682254549 129.881259296 113.779040178 109.924859225 100.684221391 93.6586088294 90.7080034259 86.233559019 82.5503608608 79.4220972293 67.5471336016 70.2397036969 30.8849849557 26.3433117208 7.45245017418 8.56481293682 18.7723658791 17.6432873345 17.2672177338 16.7112248118 11.4934065459 12.3181954082 15.027394014 13.2293033989 13.7352307491 13.6533225601 -0.6843836
482.977557973 207.386968432 152.166525658 123.115582319 115.184737803 105.405811029 101.052765072 95.4397143045 90.2724264822 72.7970798467 75.9486791207 80.3604790554 85.5594046305 83.8537024203 23.9178480086 22.4826028532 19.8960892254 19.6838759721 17.1061395772 16.3892447744 15.6785827759 14.704420309 12.9899193645 12.4510694068 10.6438882317 11.7043965219 10.9812427312 11.3091874352 -0.8921536
484.338978753 211.666484368 144.656447135 124.576293854 112.502773711 106.738875954 102.11652034 95.9826808064 88.1619157725 74.7100356707 83.4347076295 78.0483249056 81.2388094186 80.3866164835 27.4227928619 23.7945208839 19.5890846737 9.85025090568 17.8308603149 11.3275970727 11.7026698149 11.8833859214 12.7721957877 16.4413804774 16.0462681059 14.2860992476 15.1159711808 14.837399282 -1.1837136
500.983471461 198.410694107 139.412465957 130.815310465 121.48700324 109.249291321 100.416521177 90.4381816593 72.0495490686 85.5235530085 83.2590182523 77.1624774428 80.554692616 79.7233530245 25.0700213955 10.6875402594 11.4176130572 12.0678720036 13.1507210009 13.0417317896 14.0067647863 19.3907328997 18.7484471733 18.241600771 17.864511823 15.5698211818 16.179523295 16.537457095 -1.1588136
494.268808469 201.624099326 145.796116681 130.968671307 121.091097105 110.102986448 97.0817316031 90.7044371583 86.8839327773 84.205118741 80.0841822141 78.6725139277 73.8271732296 74.6932964404 30.993031802 8.45362624267 10.3845012408 10.7481353491 11.2965639988 11.9945302508 13.8424597676 14.530192925 20.7275820533 16.2794187418 16.8612693139 17.439619812 18.6730174402 19.2318269673 -0.8582836
501.164280391 203.411835745 142.704021495 133.688888462 111.679717233 105.568409547 97.3925242536 94.9550979132 91.2147657162 83.7117853786 78.8773020842 78.0320001827 74.3591817343 72.590413699 25.8636462942 24.5699616198 19.895068617 17.3301111025 16.5463904632 10.8429745156 11.4648206475 12.0957792428 12.264307527 15.4590982337 13.0971166986 13.5246933203 14.4609675883 14.6947816266 -1.3670636
518.210972323 218.256336729 144.973785632 122.31681861 120.949987015 105.991615066 98.3148695394 93.8925856393 84.0839573656 78.7446275929 76.592026514 72.8177166298 66.623186759 69.5207045713 27.7689247296 25.1130673862 21.7254311875 19.8090131304 17.2932625644 15.7151544567 8.78780891288 10.1424094281 9.90395705802 14.3075253928 13.1363948422 11.723734503 12.316990416 12.4270773385 -1.1510636
469.418382445 204.756103523 138.443538972 124.282586844 120.627548886 107.516580944 101.302550536 98.6771089199 94.4189812876 93.7976473887 85.5159573946 80.6773220781 74.8732420542 78.0327174632 22.7340077572 21.7571386868 20.4098950062 10.3157682732 11.3347193281 11.8504172961 12.5115425326 13.0383846237 17.3836650183 14.2649086595 15.3878767786 15.68732198 16.3473291728 16.0966974825 -1.4976536
561.377813466 163.625217518 157.605658224 148.248013406 96.8214751689 94.7402302634 92.4832105486 90.2664569312 84.2965115483 81.9589811708 75.6839160738 70.8400105265 72.2374489547 73.6165141959 32.4070475838 21.0567786237 20.751437755 19.1637362516 17.9937092834 15.9347363988 15.4214061589 10.1607838517 10.8291585204 11.394867492 11.8515690758 12.7823249857 13.8379909921 14.0729363624 -1.2033236
491.11143687 195.719403121 134.943513232 127.376463084 121.885447437 106.978682962 99.5380547939 97.1316291448 93.3268383174 88.631825368 73.1992594691 74.4833417473 78.8807611046 81.6100156137 29.2788080992 23.5272829507 8.94030547314 19.9145271446 11.0617284011 18.3099354468 12.3022614766 16.8236813409 16.1346951622 13.1530572351 13.4712540006 14.3022774852 14.8017570985 14.6216977525 -1.4435436
494.729015465 207.577426466 144.445782342 130.60328546 120.792095684 99.3435950661 97.0774011487 72.2529494478 89.2288632979 87.3728391074 85.8752232231 76.30345102 80.1327694879 82.7628557695 35.9656171556 9.51567376485 19.1437699774 17.12619477 11.7692711442 16.1159246508 12.6254456894 13.0275781378 15.6260964649 15.1335109104 13.8065598352 14.0580310684 14.6228029996 14.4259117774 -1.3395736
457.412211774 226.114997823 142.421749749 122.711489209 123.37696568 111.674070434 101.30973184 95.3635109921 90.3425723473 84.8379067842 73.4685157848 76.7694666354 78.4252767475 78.0336242554 27.3627624717 25.1764486417 21.4019919669 19.9443426956 17.9749172219 16.5867737326 15.9171962603 14.931462032 12.969566875 13.0100956482 11.5590925037 10.6607181534 10.8264561737 10.8760269006 -1.2771236
493.541425778 206.083428451 140.61042081 124.290367318 119.989131957 107.262187732 99.5985940193 71.6527399446 73.9715541941 79.6792565894 91.3289333731 85.2387515206 88.6057244646 87.4853495412 24.095616292 21.3720997817 19.4896785954 18.7940397182 17.4106283039 15.8124664741 15.5253437023 14.562582553 11.4111405423 11.720604592 13.5178824342 13.2889552863 12.4238518557 12.6971855079 -1.4144336
478.205341942 201.814646585 141.382569903 124.872343018 118.417979565 109.821041024 98.8986130005 97.8954942268 93.1735187044 86.6782583932 85.4506716578 76.9678766038 80.3018654508 79.7720671477 22.2353766766 21.3853532409 11.1638901373 11.26393536 11.4663317786 13.1887320859 13.7617240419 14.4461815331 14.6529904917 15.2040323695 18.0992954639 17.6211407964 17.0118048346 16.3068652995 -0.8392436
497.878326867 204.811818884 135.173073552 125.179110189 113.687460875 111.963090832 99.6380459964 93.8438742659 91.059393638 84.9544897024 72.853664523 75.7879617237 78.2480292908 81.1434164662 31.0773802545 25.8472463362 19.2939446542 17.5520517844 10.5543361041 10.9068888643 11.3369695414 16.1797874865 15.5850929706 14.4879841689 14.2673472386 12.2882223338 12.7955876505 13.065345139 -1.2509636
488.181507058 207.77601649 142.659477221 128.071109869 115.328898737 101.971398651 96.5105654506 93.8052116478 73.8965840277 76.6853564448 89.2724752712 88.2668765562 83.3532684249 84.9553992119 24.3786770267 22.4852044071 10.029450391 17.8640744987 17.1109567145 16.8566956699 16.0681054291 15.560240682 14.9793902995 12.3119308567 13.8576173139 12.8757293682 12.9989880769 13.3487355365 -1.0447936
486.389791388 205.510379931 137.43614756 134.495871244 113.041258253 112.21455025 103.918532669 94.895293597 89.0719215053 87.0747749324 80.500817526 78.166614128 73.1726776123 74.9949793373 26.6519624645 21.4129520867 19.3721109144 18.5380070557 10.1403218354 10.7086188063 17.1606543173 11.6220847833 15.9312846252 15.1133829283 12.6827668363 13.2430070676 14.2689760789 13.7302015984 -0.9112736
475.22316392 212.534231192 149.781899126 122.266328723 115.859001504 108.138174348 96.6502711015 93.636973033 89.5335252676 90.8593062956 83.6367778799 77.3940276334 78.9043936481 73.7840728241 27.5973738448 23.7132096006 21.2316259033 10.3986991654 10.598482191 11.2386869297 11.9406786574 17.1849592943 16.4744349772 16.0582417669 13.3711118547 14.9342871178 14.5429051666 13.9730983659 -1.9932336
532.824997914 159.848232447 151.344805264 148.375406011 106.966523101 101.555879286 106.010733336 91.195903557 87.875101841 84.734547604 69.7496140553 80.7684078258 77.2244250543 76.003620658 26.5392117114 23.6316307301 18.2740877492 17.9498929728 17.1783563015 15.5045168648 15.3496827999 14.3414717459 9.73203898588 10.3126880317 10.6776117722 13.422005964 11.9175051091 12.1510426387 -0.5026536
488.946472223 207.5561723 139.35523034 126.22281194 113.774473696 106.202298818 102.39686904 95.1523848974 93.1871540497 89.780762972 74.3310245582 83.540299726 79.3433032118 77.5738735213 20.7498149142 10.2121422269 11.3158031594 19.2451917535 12.104474697 13.389406281 13.5976115913 14.1240853398 14.4484482158 18.2103884506 17.770142216 15.9102646362 16.1221116496 16.896924907 -0.8851636
495.492694565 209.603093062 139.740463081 127.849173189 113.542565545 109.939118806 101.806724027 95.4786170916 91.746089584 83.3953492919 80.2811399447 78.4329376536 67.9013869732 72.5876634944 28.0755987891 23.283866459 19.9812637612 18.1742654794 10.2829091646 10.5335862057 11.3434929003 11.8647804019 12.5743471782 16.9960426817 16.2254629873 14.4106068389 14.9131864664 15.0035157106 -2.2556136
493.899928337 205.250952125 135.672241809 127.769933483 113.406066818 107.246670939 101.400896671 95.2793777367 72.3476854284 77.0935759501 88.8321726479 82.7015866356 86.2783004623 85.0945568702 23.3539323344 21.996030365 19.4672547242 18.9504189112 18.2894241021 16.4816073412 10.79395623 10.7281037807 11.5074706105 12.1018280299 13.2048759579 14.5739526976 13.6491234036 14.088016931 -0.6645836
492.883410713 195.203087812 141.875813929 130.559928743 122.586907541 108.900225343 96.0828283684 93.1762129441 88.6877716726 85.7615468743 75.34006023 77.3235475058 81.8975988002 80.3161419605 26.558701203 22.8823074784 20.7665146014 18.0712800772 16.9183098479 10.1162751422 10.3261130963 11.1823216023 11.5611969276 15.7092286946 15.3186482888 13.2619832239 14.2573838678 13.9345948439 -1.1798036
484.425929562 213.74385149 147.454903604 119.563075451 117.760578647 104.51661392 95.3415265298 93.9667416339 89.4933722597 87.2614437051 72.9729153693 76.8022323333 81.2854914102 80.1368266053 28.4375083967 22.9095739124 18.4248806686 18.0405381825 17.3548647313 16.4599263129 15.6877777673 15.5251965856 13.7983969728 10.9680967248 13.1376796468 12.435469836 11.634747401 11.9197816726 -1.5941936
476.898042904 206.859543185 138.590794935 132.437319853 120.923046964 103.056768001 100.35311407 97.9611550234 89.2387980651 87.5762886115 84.0438610233 80.1065838064 77.476431042 75.7399799707 23.1991491045 20.8361790943 10.5827997844 12.0060579201 11.7066565248 11.7989530481 13.0908825559 13.9934701603 14.8088343316 18.5030833422 17.0342600619 17.3175755701 17.2157584885 18.1045538908 -1.3636636
488.105330207 207.923751251 142.892245944 127.810209154 115.470088026 101.958426142 96.4062909051 93.8168067033 73.964470863 76.7724476476 89.4200668057 88.2288330279 83.2511542329 84.9408263687 24.3301558358 22.488874017 10.0131236974 17.8371411191 17.0657340932 16.7217897649 16.0696914983 15.5514088143 14.9916668409 12.32371363 13.8557844994 12.8936518875 12.998965289 13.357293066 -1.0449936
518.211591029 218.258281543 144.97223716 122.317872774 120.951249477 105.991795232 98.3142353914 93.8905778281 84.0824108176 78.7454396683 76.5935932738 72.8161336981 66.6233896231 69.5215758401 27.7686723798 25.1122562146 21.7255502111 19.8077451674 17.2926476855 15.7147429948 8.7875752623 10.1431275971 9.90414165689 14.307324067 13.1366217074 11.7246640096 12.3173302741 12.4271587485 -1.3019536
472.1850858 203.575947092 153.693314407 126.736391345 115.375561128 112.957887087 96.7074710109 89.6477517858 90.1797248853 87.1596240837 83.8843053647 74.8528104784 78.1674507751 79.9410978181 27.9403401741 27.0629327484 22.159489923 18.3209686369 17.5945997205 15.5349052399 15.0000820173 14.290085124 13.4789798248 9.70279911129 11.7766801682 10.9397496541 11.3625646989 11.2313412286 -1.3138436
473.907472356 210.904254295 143.288335808 129.052025201 118.817673791 105.3291419 101.597035372 98.3063549311 90.9259785694 84.5513948991 75.7363436962 80.8824922119 77.7046344055 79.261931407 24.317907399 22.2196443593 20.3254345906 18.8569361001 10.1143521105 10.5540744693 12.3587491369 12.772547666 13.3431445084 13.504208516 16.4202630812 15.8024439738 15.2103991183 15.3947674589 -0.7555136
479.770347291 196.623755519 141.26940883 125.369704889 119.138489576 109.098183886 102.134016971 98.7060486104 91.022768603 88.4505269256 84.2567393119 79.6455688247 75.5851584713 77.8586921123 25.9285843077 23.2967011457 9.72282825617 18.6160792079 18.1283552151 17.4013246838 10.9698606379 15.9286472608 15.1440411928 12.4875682668 14.4047903603 13.0826100409 13.5653240533 13.8538168808 -1.1411036
469.461134979 210.520766069 149.336673367 128.964204165 116.219095997 102.813212836 97.958912557 94.9343388527 92.8064774202 90.709574939 74.7440622203 77.2799568008 82.1661353173 80.7749965732 27.9415520391 23.4777407515 21.6055055671 9.63076350915 10.5147807912 11.2558506784 12.5472311655 16.7070886698 16.3239629435 13.4695468579 13.9792939368 14.6913396216 15.374946365 15.2507963416 -1.8291736
483.3742643 200.183533674 147.274697879 131.637918708 110.37438143 111.496744598 101.782137118 95.5064964793 91.3931005397 85.35806475 83.8324547067 79.0720864948 76.9129577286 74.8006576686 22.7604320287 20.0381302843 19.3068168881 10.2273463803 17.3329425379 16.4233847129 12.4943425155 15.4245902187 13.1501364938 14.9201728904 13.6825218224 13.9707642286 14.5049831992 14.2238810565 -1.1067036
486.369544103 208.839740429 131.979693493 127.306335454 118.304657267 111.339039036 98.689617043 95.4322949499 90.5827308714 87.6549641911 83.4254864012 77.6606368235 76.4844918053 74.7809053696 26.9276554491 19.9511298183 19.052018944 19.0288802889 10.8237586219 17.0966836576 16.7996474714 15.5223972627 11.8388184049 12.473508078 13.6377756009 12.97900983 13.083576228 13.3949444387 -0.9512136
478.864277655 209.420236797 135.382285231 130.654064943 120.761569736 108.494654107 103.569803254 91.9048486415 71.419423122 86.0570342535 82.3677691608 78.6454049988 76.5282116845 96.3734491289 23.6449088438 22.0356525544 20.312973177 18.5969618782 10.8420653239 10.5727235555 17.1427234798 16.227706659 12.252709924 12.6939735666 13.186331659 15.143558427 14.1513846504 14.2132349207 -1.6932036
487.922493154 208.40520991 150.516632229 119.990445562 115.613773935 107.975413705 100.131305811 94.6092727063 88.6078060981 86.1567543927 83.4678579438 79.9066001714 73.6085105004 74.5415821293 23.9624040342 23.2988244249 23.0043431063 18.8596139663 10.0618425094 10.2062677821 11.065682899 16.4082264108 12.3273410915 12.6866986273 13.5920193669 14.2646623911 15.2089235133 15.0594329615 -1.4269936
489.809828405 211.703564594 152.785087309 121.156222018 116.598343925 111.443908243 101.73039412 96.2379960466 87.6423256649 70.8142491173 84.9687351197 75.3273874171 81.6114298609 78.3220199514 27.487804244 23.6985672095 18.5323601006 18.0476346261 7.80125683665 16.818588501 15.095661575 14.9280357372 9.97219274115 10.0762082324 10.8699777849 13.2139908888 12.497911471 12.2682595911 -1.1157336
491.832171532 202.476168983 137.772294589 135.038317428 118.461718061 106.739380413 101.908879901 98.7332241858 86.2723689275 83.5482948231 73.9372657183 75.7342651967 79.0210506254 81.2785377835 29.9535639585 28.335329555 8.56224042472 9.29736810876 18.097548167 17.7954752918 10.8506715752 11.4373321328 11.875137162 15.932389963 15.3701127645 13.2113759601 13.6792077524 14.308250349 -1.4115336
481.420247597 204.428324264 143.964207926 135.765214823 117.352341411 106.923950566 101.065429311 94.6456077807 89.5109491816 88.5553834011 81.3865630289 78.2051346975 73.4711748602 75.0225294766 24.9776512621 20.9492979453 19.4103330344 19.0211411217 10.5432784426 10.6281196489 11.0128285371 17.3335907741 12.1426025656 15.8094606663 13.8004877202 14.9964689474 14.4138397594 14.7037825822 -0.7552636
480.541155791 215.385866608 140.663512561 127.127175689 117.871619087 107.105573351 98.7277257281 91.8637081155 88.8624659009 85.967535928 83.4764097549 82.2387323537 79.9442274514 74.1380929858 26.645068723 22.6174572302 9.76347149716 11.2026873505 11.68425479 11.8814931507 12.77084538 18.0008914077 13.6679491867 14.6788609364 15.179494187 15.8231963734 17.103290339 16.5271794756 -1.4994236
482.788057186 206.258097192 145.321267466 133.822839323 112.917661477 107.808306746 101.867804629 92.1846402117 89.2035501643 84.8849020076 83.6862389635 79.9608479647 76.6898370457 71.6218300227 31.1269043027 22.0548088325 19.2841844381 17.9713633715 16.9657975885 16.2722198846 15.4151971289 14.7069284958 12.7853126737 12.7647362391 11.1977925005 10.8638377605 10.4300295168 10.6049481992 -1.3719736
499.532926021 210.790794731 146.194530197 129.554861779 120.266280747 107.771501613 99.2151644949 90.8686959448 89.3455223422 83.7996771575 81.0715662423 78.5794665573 73.8586055353 70.6529864655 24.6912346396 21.5476119117 20.3841981568 18.8637965658 17.5638586481 15.4797555173 14.6014133638 13.8266642161 9.13726136473 9.65713350076 11.7606527761 11.5310425166 10.5970744822 10.3156638443 -1.5326036
499.3140195 201.607463775 136.612342347 127.094182358 117.503259943 114.853954557 101.264772566 89.6542032101 87.1950622612 86.1699737422 78.4651968764 82.2907073619 80.5107245806 69.8500226032 28.9053472191 24.4581870017 20.9556491494 18.5880506562 17.2023761914 16.6319548903 8.54444795626 8.96674932592 9.79021296407 11.1535616214 12.3249162786 14.3918699177 13.2988700145 13.8618624648 -1.5389936
499.593302979 210.769440159 146.193260807 129.505303485 120.295908077 107.717154312 99.2461083479 90.8617356122 89.3276498131 83.7800319438 81.128584975 78.6706876053 73.8105078909 70.6258967597 24.6867656536 21.521469523 20.3753958353 18.8699391934 17.5595600969 15.4761099862 14.6140591673 13.8369408591 9.1290470622 9.65046519818 10.3032332355 10.6028422256 11.5459457817 11.7625947472 -1.5283136
487.949170053 208.459052509 150.647746319 119.992256427 115.571458355 108.066798202 100.07689745 94.5911645185 88.5556820364 86.2115107235 83.3445997221 79.839779102 73.6107767286 74.4800597725 23.9501113344 23.2909780532 23.0139992405 18.8350053791 10.0596495974 10.2066198432 11.0756691656 16.4154875419 12.3349339509 12.6887294443 13.5992714935 14.2876155899 15.2306628582 15.0742559215 -1.4292736
485.365818998 202.693879062 141.70792356 123.180073212 118.895307431 114.007513704 95.7626391558 94.5296331672 89.9506649159 73.272236947 76.8310028745 86.3947467684 81.8802344488 84.2160986206 33.6599854709 20.8923883288 18.1065896642 10.1373981253 10.7082353389 11.0778847562 16.8888651988 16.7270979275 12.5879299329 15.4889858734 13.4223010723 14.6606927127 14.3321063422 14.0817077225 -0.5372336
513.56187597 190.367683746 147.685937185 121.988602545 115.92975714 105.720279188 96.123710295 90.1792575676 87.8653356445 83.9070383785 82.1934334882 77.7085309131 74.9116213854 73.354037222 31.1835571374 27.0168960948 21.088888185 20.0059001208 9.67805765725 17.5051696172 10.6174436038 11.1633602421 11.9662664577 12.2082213728 13.4462322049 15.4348278434 14.1318445463 14.516175581 0.3599864
484.031071789 198.432821328 143.543345447 125.479449249 112.637063899 110.614495685 101.20259217 98.197058093 89.6543319868 85.8711000539 83.6796626255 81.9636374619 75.9114826357 77.4286195475 29.1400155139 21.8884139393 18.3181918743 10.8281639626 11.154610254 17.1290668488 12.3563437152 16.3638432217 15.7742032135 12.964953246 13.3899099401 14.1345333622 14.7929133546 14.5780469148 1.0402564
482.556291183 215.662535816 142.885377073 124.725045839 113.526022051 106.352474732 99.2525657776 95.6048887821 88.034792203 73.1443209664 77.6507687257 82.3659989173 79.322337838 80.9885184423 28.5319751507 23.5532086367 23.0036148473 10.8241433781 11.0525651171 11.4386715095 17.7668728378 17.0953871668 16.2896985383 12.3676640644 13.175413096 14.093372602 15.0532207907 15.1421952501 -1.2134136
491.118659944 193.48157872 136.245566566 128.40847617 118.558289275 112.954930148 102.209904016 72.6943937007 76.4870406607 93.3052443723 91.1759379759 86.9195549457 84.1966448289 85.5734271703 26.6501350761 25.1718723971 19.8654330988 10.120921093 10.3202803042 11.2772272706 12.0868636669 12.8444131428 13.1510419833 14.0142523249 16.241692465 16.0084042627 15.7312356033 14.6465201488 -1.4717036
488.878211764 208.927728031 137.761473184 126.74199455 118.359592955 109.865820696 106.180321964 93.2905423227 91.6199307515 85.7636890886 80.4320051402 78.0125965476 73.5831037698 75.8679800056 22.6680972341 21.5211081284 19.8672107599 17.8087449533 16.9150951586 10.8204016494 11.2018170308 11.6248350885 15.319933296 14.6866781204 14.4906996672 13.5569614921 12.7184978323 12.9748701513 -1.0240536
497.754024191 202.156814353 144.781421589 133.82917034 117.413606485 107.078310454 98.8907472785 88.7829062389 86.2880024352 85.4522371995 80.4924184417 78.2794887956 76.1217466153 72.3039593142 26.3387208982 22.5559232228 20.7283343036 19.6910429212 10.3903534975 10.5942091888 11.0200233663 11.9760530237 17.0022429242 13.0170193144 13.882775515 14.3783586941 15.3402569176 14.9197738137 -1.0526136
496.344689757 207.104772902 145.62534814 134.806988501 120.057382765 107.241445476 102.805443461 91.8830177386 87.0404286642 71.3133942321 72.5578955921 75.3573589375 80.0452769044 78.9061459548 24.3464902369 21.6586713046 9.9352390046 18.6827050842 18.3251439428 17.3368678612 16.6804503921 11.5366054987 12.5001900089 14.7919563648 13.0949984232 13.5485081488 14.0874150714 13.8451109654 0.2567764
479.724061303 198.375507246 141.016096852 127.113132578 120.818322962 110.71578954 106.458793158 94.5928799371 92.7280234815 86.4673074573 73.0901008301 76.8959175732 82.2811406862 80.9288652503 29.7160541716 20.7407113725 9.4066088812 18.9043278905 11.0673555451 17.262894339 16.9877547467 12.2112631043 15.3587266533 14.6328240799 12.9272832824 13.2972512554 14.0493551258 13.6915920317 -0.5341136
490.105144336 206.654927715 135.872696988 130.896262676 117.359877587 113.220674945 99.446767723 100.363771395 92.9465678635 86.2479402562 81.1889001073 67.6575172705 72.8324162492 76.0839658995 30.2003011414 10.4421656752 10.6915335537 19.5039817695 12.3328640506 12.8740688583 13.2281645756 13.5272291138 14.2208251294 17.7612853881 17.293671239 15.902844239 16.1929339248 16.4106416621 -1.2710636
476.106846156 210.171908227 136.78902414 128.241374127 122.911654014 109.920255274 106.550556669 94.5474491159 92.7809412326 70.9799215091 74.4714211707 85.661028231 82.796241009 79.8848728978 25.6115952431 23.2131040993 21.0568636664 10.4126385509 10.7453250158 10.9961688704 12.5620932048 12.8546827611 13.561254591 14.3631885552 14.1221137216 17.2832213431 16.2470454627 16.6171524746 -1.0241936
486.007240464 211.948712936 140.598238005 132.569973539 117.813526156 107.986870282 95.42667225 91.2821322694 88.1853333074 85.4884372517 83.1758307163 79.3997621075 74.7777322712 75.9194608185 24.0558776052 22.3082064543 21.1247214462 19.1745321748 18.0482411256 17.5070991768 9.94922981655 10.1956424433 14.3413885578 14.1095031309 13.5891884096 11.6866875007 12.5073863537 12.2823147621 -1.6027336
486.417459228 214.774009008 145.719110898 128.989075573 118.429997059 108.257237963 103.365572732 97.6144283122 91.1955007045 85.305812583 81.167481989 76.8855051534 68.981593288 72.5130142852 22.7321317838 18.6878049865 10.7414092548 12.0047950583 12.4176947609 16.9097159629 16.5743985914 16.1388117813 13.1092797004 15.2736167447 14.7284590849 13.9213229704 14.4180844863 14.1866173888 -1.3326636
496.833525093 208.577495616 138.873047016 129.549474265 116.69664904 105.546876701 101.529021337 95.6037676526 93.5603304892 86.1125977257 83.3762417963 67.3949723032 75.8214749924 76.4379654222 23.4814267795 19.4795651872 18.843384381 17.703754387 17.3564582752 17.0923412319 11.1511137649 11.2864767593 11.55804599 11.9926963944 14.6232096669 14.4114750396 13.5137864534 13.0527675715 -2.3974836
489.599752611 219.216522318 147.517860272 141.263194092 122.246920103 107.432320814 93.1853807326 88.2586694492 87.4847502277 83.0137909384 78.1100504587 76.1472349857 67.3793047808 67.0650645612 28.4672241545 27.4750241995 20.7115006024 8.83612668448 9.15943532014 18.0156242775 11.0441571049 11.9289340922 12.7929131683 16.2663987876 13.8382801598 15.5204354387 14.5693033831 14.913767614 -1.5690336
499.591884978 210.765787294 146.196742638 129.506893466 120.299097426 107.716998168 99.245813817 90.8629343116 89.3265589187 83.7813736846 81.1284021076 78.6675025994 73.8094008921 70.628357573 24.687154811 21.5211444679 20.3757445839 18.869079831 17.5595036816 15.4763318804 14.6137428134 13.8359654394 9.12846728294 9.65063566537 10.3031005787 10.6028922911 11.5459454609 11.76248467 -1.5184136
488.23760165 208.520731686 150.510761826 119.923190059 115.672016045 107.930430905 100.173409649 94.6813983912 88.570939778 86.1306418472 83.2692971673 79.7654679887 73.5555772367 74.5410651673 23.9456432436 23.2883824605 23.0144932714 18.8594077946 10.0550056819 10.206618258 16.4221374723 11.0674807184 12.3293039906 12.6775744525 13.5855988423 14.2539867744 15.2118525173 15.0599264561 -1.0279236
514.136307586 198.206245197 142.218526095 138.916824263 116.474235943 102.856676903 96.7859936824 92.0969077241 91.0868579358 65.8940700839 80.6995405987 81.7165681291 75.573359947 72.9070969232 26.615861963 20.9009316335 19.5739664356 9.92410740379 18.0939184074 16.2752189505 16.3231327071 15.7615439971 14.1186572147 12.1429017452 12.3579516463 13.7150974391 12.8980889771 13.1893517993 -1.1703836
485.041170354 210.833320964 138.727562398 132.022444224 113.53999486 104.939013783 100.635408026 97.421564273 92.698921738 87.5008695408 80.476776312 72.472872012 76.9733405111 74.8077541288 24.3690674361 23.7495279792 10.0689073656 9.97222452566 11.9323097813 12.1457829499 14.2719814925 14.6148365738 18.4509297376 17.709886933 17.1878749292 16.5159310942 16.3820285963 15.9976388147 -0.5973836
486.408967966 214.18319334 145.927375126 126.00392656 117.083918282 109.383320818 95.5353178575 93.264556546 90.5751141431 86.1706446887 84.5323291901 80.1194226933 72.165474846 74.5541259607 25.708125622 24.987310251 21.3947910307 17.7861426194 9.20804170205 9.36780574945 10.2441062802 11.4515509542 11.5397104857 13.5016617143 15.8386323241 15.2550070463 14.5208475963 14.7485199387 -1.2303736
501.685456953 217.950185669 144.478566215 128.228478405 113.53109223 108.846836129 99.8248930023 96.8920009955 92.3048425878 82.2419345976 72.6153921527 70.8951198941 68.1790460681 65.9609011917 29.8541424235 23.6624903366 20.3171782543 10.0858653802 11.2381415053 11.6206680927 12.7847287637 13.1177831294 13.962147727 17.5102867734 15.1421521254 15.3830364258 16.6925391159 16.4540351874 -0.8927236
486.568595511 210.655561481 144.050316589 123.864886408 119.508665683 111.011061545 100.651032684 92.777623217 87.3601576746 84.9671625812 81.9750744985 79.9880552341 74.7599943884 76.0938940064 29.6405416528 21.9545389958 19.630495425 10.0382440565 10.8707234051 16.3388772319 11.6401101415 12.2400928731 12.8500585155 13.3593755307 13.8122560569 15.3462258256 14.671754115 14.8345660053 -0.7416636
476.484205382 198.814683996 151.245331385 132.253015704 118.687124276 109.972235842 102.019731703 97.9096947027 72.1307402203 77.6845279753 81.4643265417 87.3233110649 85.4514150819 84.1258528021 21.5749135906 10.7164173487 10.882151403 11.8188249612 12.995144948 13.8144741677 13.4391401584 15.0288948204 16.4820320463 16.8956849117 17.2630373886 18.4764170581 18.4394785316 18.0671333183 -1.0479536
503.064363677 198.612188734 143.616584346 137.225580246 125.905428775 112.589966439 93.3550254035 91.7447075554 90.146278654 85.5722996514 68.8110659708 72.8898546334 76.2119147105 75.4788139555 26.908677663 20.8155265424 19.0144076594 18.7509612188 17.5386814159 9.99406653614 10.366754694 10.987430122 12.1140742962 12.2656667262 12.8451302549 15.318957758 14.9296575284 14.3858761649 -1.0332536
492.297486206 190.91338792 154.322923185 119.886115559 113.326708258 107.811660116 101.209424229 98.7526917045 92.698539535 92.3622749674 86.0366460616 80.545446155 73.8531956948 74.0315967641 27.2165315372 20.3598701514 19.2436142179 17.8557503143 16.1338261818 15.5142346901 14.2123372142 14.6073170151 10.2603482913 12.5234317408 11.072907346 11.6573114847 11.465899027 11.2884657634 -1.7083436
505.771385705 203.234198176 142.295689641 129.579831684 117.700901198 100.0295559 97.5827914389 90.9799711376 87.7068921967 83.4957713981 80.6073546494 77.7165577352 75.4719061433 73.3514550418 30.6298037951 22.467072327 9.60433630467 18.3576804646 17.8901107892 11.6474447481 11.9677466472 12.5663231674 16.8283758194 13.8471259347 13.9924372687 14.8139574466 15.3728930255 15.950371549 -1.1091436
484.20672708 194.740999953 149.901153556 130.590209321 119.851143836 111.343706883 98.9132422255 92.1106809534 89.0745712231 84.772404137 80.2285650271 76.2637470819 76.4476584126 81.547126834 32.7578162275 22.6412136536 18.4148729477 10.0730065946 10.5166992534 10.8397633165 16.3354661543 16.2031940858 15.7848392721 15.0546075815 12.33931016 12.9576366211 13.5902344247 13.959344515 -0.8970036
491.711272248 216.320567388 141.112943796 124.771513007 120.205196555 106.069306288 96.0507731127 91.8019467184 89.060314932 85.3293905996 82.8152562939 78.5922950313 75.2491593571 73.2297494386 30.8106604014 22.3163208753 8.73820592181 10.3121005122 10.8690019975 12.1750891251 12.5286354363 13.4180609349 17.8255905465 17.200656681 14.924260114 15.4992141299 16.2948388611 16.2276210292 -1.2633536
500.428980518 170.720112219 158.17141582 140.03142518 113.444986944 108.810032466 103.799209165 93.2284380911 89.877697593 72.6055700064 86.3480408316 77.5787685412 82.5645522468 80.0878438263 24.8982915953 10.8567608924 11.269851598 11.5328483856 12.2185842349 13.6789455533 13.8666318619 18.2187030952 17.7879237224 14.9473926492 15.2376693381 16.9195508859 15.9701454822 16.3595685899 -1.3475336
483.484600537 201.141313764 148.300988994 127.300024915 118.50912403 111.582756151 94.0305410569 90.9532055673 75.6085548891 88.2719875321 87.3173160171 78.1110593873 81.5105372808 83.0490809276 23.1088439397 20.8702111512 20.0719443525 19.4174110814 17.9630850272 10.698699725 11.09706397 11.5785438781 12.2896377422 16.4923885445 13.6736363563 14.5635201569 15.40957628 15.0542880774 -0.5993836
485.214731658 207.446043276 134.678331643 127.377023839 118.019722029 110.246805907 102.186951796 95.4316637529 90.2836999196 86.8342080298 82.6770521292 73.7815802222 79.6886111064 78.1020331476 25.0018128508 22.3710069918 20.70833681 17.9174334959 16.3602403836 16.2402104728 15.1287035908 10.4997554852 11.1204000436 11.3843795674 12.2337182019 12.8341041945 13.1571085409 14.5342722473 -1.1543436
496.719650358 200.675938914 142.469328032 128.573128134 111.323515539 106.974331929 100.651418424 93.5642753866 91.9164376459 85.2427092038 80.0364188906 78.4719153123 76.8269943872 74.7870161718 26.3687835434 25.2383694288 10.0902536378 10.7543170837 11.3532731841 12.1966467508 12.7387369995 18.9687073093 17.6278238108 17.1416999538 14.6599798403 14.9386060132 15.5981977545 15.5514676927 -0.9211836
482.343411561 207.053873446 153.703876158 125.094706325 117.596777093 105.9315982 104.012307785 94.9130936313 92.1715599957 83.7827677656 81.467411702 76.7287214913 75.7613730144 70.3752480082 24.9258492924 23.2201861265 20.1120115894 19.0715703352 8.56272870306 17.2500170855 17.0202862502 10.4639256036 11.0248423402 12.150550374 13.0918523083 14.9716412383 14.558435074 14.0993188344 -1.6358136
