1.02443315589 -0.661771785406 0.892417614905 0.200931735758 -0.482913954079 -0.737394387959 1.41610383913 -0.878706801978 0.45649593945 -8.80828682378 8.78824092242 -0.123769110896 -1.29955247155 1.86883578702 0.497500438144 3.87317860324 1.35361499965 -11.0784613912 -8.56070381442 1.00671819459 7.28718155461 5.61452711133 3.73847057423 -1.26009205953 0.976744695699 -2.89874782692 -0.997511062375 -1.20748367602 -1.5916236
-1.68399870186 3.16093176801 -5.83161202442 1.37028459913 1.01408192115 0.21302433874 0.230077554646 2.73412082824 0.0454842000897 1.31659845667 1.57292099211 -4.95142719571 1.88157262074 1.70799468714 2.07906659174 -2.28300536625 -2.07059508595 -3.38135592991 0.612983773611 5.5583300501 -0.222122953925 0.00120806019707 -1.65987890892 1.88675581726 -0.320755240053 -1.61130945559 -0.784803293761 -0.584572103208 -1.4540536
14.0466116511 12.0592495771 1.79354582601 8.11260381784 -3.80529553155 -8.13163248992 -2.07209162022 -4.33889456827 -9.47862888052 -1.23558133746 -6.69257079901 -1.42392254026 1.04068128505 1.66380492978 -0.160400166199 -0.450874507002 -0.0980350196584 -0.0483702843229 -0.027730767782 -0.159159026325 -0.00493248298073 -0.0494417297679 -0.428196885198 -0.0353738918826 -0.0580719134895 -0.0423669699433 0.0140995622435 0.0109747626714 -0.9923836
10.9525241244 -14.1744058189 -6.27917060178 12.4783394274 2.7896288244 2.11101830043 1.03010300309 -1.41320669389 0.810888233699 0.634456365798 -3.07835333513 2.03457586861 0.614015615893 -4.70729731914 -0.0815582443779 6.4401840734 0.157783614383 -1.81248491606 -2.19720814955 -7.67481151918 -6.87355264082 1.3085067884 0.89700233079 4.68054624341 -1.78966361982 0.39107656092 1.53784786555 1.21321561805 -4.8348236
3.14044622239 3.78542382065 -1.14921498118 -0.701242215263 0.176675282877 -1.51469901798 -2.65566054813 -2.67299859935 -14.2156074929 -5.41807979963 -5.17490081945 -0.728853080014 11.3845224569 9.6493119624 4.05740569387 2.35757043802 0.130156732979 -0.242620694158 0.0160347227454 -0.57657548 -0.269055135086 -0.0727688818486 -0.0655938309827 0.223012668913 1.61802133201 -1.05903912093 -0.0971044231954 0.0754327863291 -0.8360236
-7.16637966791 3.13871756244 -5.38207191511 2.27864885424 0.00236252823146 -2.59428694939 5.00950318066 1.90864383109 0.861110850136 0.704962218505 1.59625617564 -1.4674841469 0.984807443467 -0.666249888046 0.46778224909 0.210176421636 0.8351037901 -0.438861633505 -0.336856790412 6.0655377949 4.08931625003 2.34351131133 2.30649348599 -3.44791213911 -4.46341623383 -1.82011189527 -2.41635231673 -2.6029503713 -1.5707636
-5.85086902531 -2.02347842261 5.45060061921 0.904512967416 2.38472347001 -0.837395274161 -0.272611472011 -2.5299351669 -2.3034743802 1.94425071092 1.73855584189 0.476341975363 -0.846432804958 0.490246666845 0.348926019772 -0.257847110758 1.3255184628 -0.229562508715 -0.636828387419 -0.0687256093185 0.111665464923 0.0240940630397 0.437125772848 1.86287499317 0.253234291643 -1.07677305432 -0.874050263837 0.0553121606673 -0.7963536
0.978736771451 2.90185667629 0.724245176985 -3.13873263246 1.18114998389 -0.177198719916 0.588789761674 0.448313185572 -1.5145694207 0.751291087309 -0.324583309396 -0.707872684636 -0.0460831033934 0.438370727368 -0.872311320743 -0.333616057695 10.0563831541 -9.07750087765 5.4643619207 -0.700571508731 -5.21740257698 -0.207063087877 -0.659958049845 0.0548965903329 -0.15953042318 -0.034984170696 -0.493690068 0.077272976221 -0.9548536
6.35478790162 2.64376551568 5.83088948626 -10.9578365558 -1.1193889895 -0.0912616638008 1.9341534642 0.128508768355 -1.89375565745 -1.53236577837 -9.80922058744 0.0154154585998 3.34376035135 -1.62784686955 6.94370240644 3.50101510321 0.14482994703 1.86275878082 0.606380552453 1.45061291683 -1.32700794484 -1.43519430289 -0.861738511257 -0.507949348689 -1.10398538056 0.00877724016453 -1.62989603716 -0.871910265741 -2.4888536
-4.0042360781 0.354812301422 -5.31514558238 0.24454808633 4.08480970776 -0.391733676848 -1.05605376761 0.27423687969 4.03809303843 0.796695342121 -10.2815586596 2.180146307 3.78892567197 3.03050333185 0.733742036588 1.34070679766 0.0899336925306 -0.404538215184 7.4324680382 -6.39577769354 0.161030666975 3.56738631657 0.0309467753213 1.6993808451 -0.0686592377032 -2.0270991754 -2.31861665983 -1.58494708929 -1.4322636
-6.98466975401 2.24710134601 -3.46619807048 0.42048578967 6.99073799849 -2.06048492267 -4.57284853344 -1.62789780606 1.02963070861 2.23982565634 6.32967479805 0.773146108289 -0.504822237553 0.514083407165 -1.15774000367 -0.186108503 0.963800559825 0.714812912813 -0.634745773317 -0.179655237853 0.852336949544 -4.49842381129 -0.414538811916 2.86932889015 0.0629091904606 -0.649207916785 0.578376922769 0.351090143864 -1.9762436
6.08218154403 9.29301802807 11.1952308928 -8.5593798312 6.27019493388 0.562557274637 -4.65992132689 -3.75739843301 -4.30053524797 -4.56065913751 -2.93698381324 -4.92563631444 -4.90286395843 2.20288638738 1.33726695146 1.70202328083 -0.408272954318 2.56392977207 8.03957903793 5.67095014898 -1.43911739362 -6.2133425543 -5.57032383049 2.69798670397 -1.356174969 -2.58919920261 -0.681548725095 -0.756447263862 -1.2985536
0.74952448656 1.80902255421 -2.82430037357 5.76578796779 4.08709989821 2.46358130127 -2.94121930608 -4.36596813251 10.9439866529 -0.0559105073396 -1.64728307877 -8.89783451311 -9.49054253211 -0.0421568372741 1.69674313217 2.09430991914 13.5376694374 -0.314987568585 7.87447211324 -2.90664863922 -6.96654868983 -4.56065503201 -2.1114550794 -2.94219012801 -0.343783097981 -1.0813238405 0.450130442697 0.0204794507547 -1.3860736
-1.44936553706 -0.90400363614 4.46861414584 -0.0222820017078 0.999170926754 -1.34521757046 -0.214496219473 -0.717884691612 1.11704652754 13.6701368444 -2.24925007787 -3.4814568624 -1.19948031481 -0.774832119466 2.06875517248 -1.1571906516 -1.59753028448 -0.0366275028534 -0.718364056268 -1.13165772804 -0.497644392058 -0.824419886477 -0.388081025178 -3.23085302639 -1.90672920774 0.376253208522 0.535087917306 0.612302049185 -1.4347136
11.3244042068 -2.37938354688 -4.9307308646 5.74266796723 0.531714590038 2.52689998269 -1.01355211729 -3.06233725211 -6.55302930778 -1.46290281693 1.50928524172 -2.65909528795 -2.97662415681 3.11789534514 1.68117359312 -0.560799209554 -0.0699418296853 -0.31579864235 -0.760861905085 -0.171935475843 0.795827824707 -4.42392657702 0.505511645665 -1.73500470206 1.09587959018 1.64093551067 1.30549446005 1.29823373394 -3.5612236
7.00941610707 1.61903922395 11.4178658713 -4.21464058588 -2.66116299619 -0.996055119371 1.04176337196 1.32529323903 -3.98692268615 -4.36992910109 -1.93780325363 6.12070936336 -3.49956264738 -5.17900765931 1.81803364468 -1.45521267644 -2.28699534536 -3.0103398402 -0.173172071329 1.20154671043 5.34808480415 3.95121896302 2.82154208774 1.16312345837 -4.41392867338 -2.12172562631 -1.8049156704 -2.72626289263 -2.1686336
3.37031162586 8.07728356581 6.30660310213 4.49060490345 -9.10627888663 0.103988437395 -4.89886517687 0.0481160926057 2.08103258131 -2.76657291037 -1.0252171398 0.142966372092 -0.135042540548 -1.74144608963 1.57431233837 2.09062134056 -1.83645510959 0.567706500623 -9.14370244741 -0.375567642109 -5.4108776865 0.313850050439 1.16386607457 1.40412763961 1.0693514506 0.911650397871 0.69371023275 2.02992292341 -1.3184336
3.77717143118 -1.49965710283 -0.364064172544 -0.0173068880768 0.447053371628 -0.233369256028 0.567437588427 0.102548646131 0.874337030501 -2.47730444314 -9.91105922938 10.6699966076 2.44076386005 2.67497853051 0.46021521761 -3.11371954018 -2.03566659291 8.75356529779 5.74161751766 -1.92851936207 -2.15831397836 -2.80571155955 -1.30781481553 -3.87560810321 -0.859531305901 -1.98419837518 -0.938847862203 -0.998992511974 -0.5591736
5.47861847256 3.83365408873 0.247093395026 0.672578305699 0.431782577454 -0.889007344441 1.38527885726 -0.10224614806 0.0423046731476 0.246061227182 0.074215336556 0.338160561212 -0.77441122519 0.151150900934 -1.6267628182 -0.72035665992 -12.4047314877 -9.51298597907 8.46398398462 1.87826023393 -4.59368459671 -3.18100950143 1.09176025318 3.83530524538 3.27528005247 1.47969289424 0.322915199056 0.557099502046 -1.0658136
-10.6968984897 3.3962668453 3.53694112923 3.54406420313 -0.155980838787 2.77010105611 1.50192082337 -3.53901466117 1.21086609376 1.66802876063 6.73177871581 -4.05043810327 -3.28221584819 -4.39927630879 2.554561557 -0.00259382804551 2.69548125213 -0.554556223128 -8.59563929664 0.509014112221 0.0908395962527 0.479747349695 0.76610998454 1.49232171962 0.681560007233 0.46171696288 -0.241699610794 1.42699303965 -0.3359736
3.14372445726 3.6720054535 -1.30849657626 -0.842160849196 0.295781487445 -1.39633508154 -2.79491777235 -2.64742186077 -14.1066656305 -2.48084648187 2.67044087547 2.52942682113 3.96415329622 3.31469872642 4.09989864569 2.35578065274 0.116793944993 -0.228090447635 -0.054246148736 -0.580241669096 -0.262740203811 -0.0897570259413 -0.0613729666417 0.223482219555 1.60042881318 -1.07799897779 -0.0890987365641 0.0337750351129 -0.8344036
5.58549555902 9.52969227175 11.1754167007 -8.42257424808 6.17718293302 0.556158831873 -4.7838580453 -3.53835447778 -4.40219246502 -4.53682708569 -2.9655234896 -4.8261082825 -4.85116301286 2.1768141348 1.4298754331 1.78744331839 -0.306655557886 2.49494170418 7.99768338891 5.5932676301 -1.46145868626 -6.16673718192 -5.57311828805 2.65397237814 -1.34129202326 -2.56319539307 -0.674305449293 -0.744580597427 -1.2923336
7.62056392231 0.886442468426 4.16020948291 1.58952200649 -0.684862212937 0.605310500437 -1.2843790549 -1.21416641194 -1.57143178188 -0.660872129707 -11.2790316906 -5.08755129157 7.85638465628 7.12733851188 2.74900733476 -12.0024703789 -10.2810766008 1.2197304713 1.18653735644 1.3666357963 2.31870194449 7.13275237139 0.809072713245 -2.7316898622 0.035847708893 -0.565527194823 0.45406573766 0.24493562715 -2.7916536
2.57994642864 1.17241021023 -0.368191195659 0.41355992091 -0.120109467221 -0.167652968232 0.0829222551075 -0.0210098524369 -0.143022115821 -0.451109618762 -0.00222489828596 -0.0103037802704 -0.354914923711 -0.0523663655304 0.684443698885 1.52470331832 -1.25452387773 -2.47004346435 -0.886676280621 -4.64717658081 0.54379630948 0.643923489371 0.252752236394 3.15840838021 -0.0718338319127 -0.106015077274 0.0250625365741 0.0452455144894 -1.3630936
2.67582731903 6.39705006149 -3.14076911423 -1.45432834799 -4.12958190765 -0.903805643394 0.335516496948 4.38375306183 -2.3972131887 -0.758073599475 8.58169894707 3.76697617814 -8.58931249563 -5.4660696545 0.123273126555 0.00347418111992 1.78223094214 9.92961197698 8.13186166466 6.80562034883 4.27804468255 2.15592975432 -3.51569364916 -5.87323636655 -5.53785576336 -5.82100957743 -6.35353560034 -5.41038383325 -0.6889936
1.64518619873 0.90071492813 0.585750586886 -1.1431999682 -0.00527469755959 0.0644872497615 0.838207972758 0.377155654681 -0.257292066224 -0.0593179150834 -0.00447810605606 -0.362698033383 -1.25213819566 0.900894191858 1.62040436307 1.63073174082 0.277966908736 -8.40940409121 -1.32469197139 1.09444553125 -4.52579030824 -4.62858477928 5.38504085324 4.73491434706 -1.82239098934 -0.00306287287363 1.88780579001 1.8546176775 -1.0774736
9.59228429602 0.196554151837 3.6672489886 1.97668089282 -3.86554659612 -1.11230403287 -1.81282634591 20.9326691588 -5.21989761159 -5.93671073168 -5.18945353131 -1.22492617686 -8.1502055016 -11.1502052522 13.3176701085 -2.5504480966 -0.745698081727 -0.677842683467 0.861637489849 -7.61150246971 1.30877367313 4.99954665386 3.314764376 -0.66724616473 -0.96632194246 -2.36626927752 -0.229226511683 -0.691198781423 -0.9902136
4.2855202661 3.62605667344 -2.07428590113 2.4005024262 0.747951565821 0.315628641363 2.13246249741 0.0352702693172 2.31052031135 -0.557212558266 -11.4434252602 0.191248893668 -0.00356062890327 10.9701018381 -5.74492687101 -2.11501751921 0.335668846423 -1.18271296549 -9.24307804294 1.31629128198 -4.38532993025 -2.74238980884 1.15483628218 3.67987081578 3.30710413992 1.34527832077 1.36852616913 -0.0308997527813 -0.8665536
5.60773883036 5.65092571199 0.801308758625 -4.88614961162 2.33785517687 -0.945615169693 4.0942494864 -2.80717394176 -3.69889085868 -6.8649628921 0.804910628541 4.78581142918 -3.64742474139 -1.06897547253 0.860292110634 -14.5313961402 11.4472172349 8.44788133824 -0.715589424002 -1.16823914945 4.1823622188 3.09087506574 1.81463050139 0.0308732096165 -5.19898096482 -3.03751621504 -2.422598142 -2.96341897798 -0.7022836
-0.324069192691 3.86581767311 11.2943814968 -8.66874977437 -2.94728595585 7.23932822617 0.617320814441 -4.81596413908 -0.301394419103 -4.32806944936 -3.12849409959 4.63564874525 -3.33685373363 -0.281851804331 1.49907934218 1.50236094425 0.0871283423142 0.129269965763 0.26915115025 -0.299106000494 -0.219557267823 0.0138233167938 -4.56070802028 1.03149987032 -1.45955677646 0.192127091108 1.03481574839 1.25990790586 -1.3144936
-1.89430278835 -4.93810792027 -0.486488206163 -3.33463974862 2.25334152091 8.12593804743 -3.27790876261 0.237464669235 -0.0580909166535 0.169923762435 0.314446100343 5.19964999186 1.24401332502 -1.70416199796 0.998297774517 -0.670830446016 -0.414460627254 -0.896996586998 0.030490996683 -6.80091224781 0.568613499238 0.700475435016 1.13750552919 3.93172488843 2.15405512046 0.683910325571 -1.15612727554 -2.11682346209 -0.6204636
8.9741154664 9.02436585112 -6.32995329797 -1.75337414204 1.03993790539 -0.694986682318 -2.48880833361 -2.47645522228 -3.62261752436 -1.90086188356 -1.30756871448 -5.71554891215 2.42545005379 3.17979464737 2.67585827899 -0.432796634666 -0.152657839631 -0.59801129582 -0.0648958311205 0.0237125657248 -0.354742513789 0.00790062304514 -0.436667823268 -0.0209412242772 0.398231820024 0.0264174905223 0.481291364023 0.0938118089555 -0.2225336
5.36489549022 2.22375240251 -3.35009661116 5.71432144201 2.86209772283 -5.97623802668 -1.88444265389 1.08633658619 -17.0636751132 -11.2856653935 -4.36816663901 8.866857387 11.267108572 7.53226547673 0.287792122197 1.8939603634 -9.98834088614 0.769652675335 7.21787736525 0.346021282467 -0.2704427881 -0.478545940717 2.65315120451 -0.436090221771 -0.47835031069 -1.72751682125 -0.666652942852 -0.111865743714 -1.8814436
13.7388171439 7.90619137507 -6.52226835913 1.01687289216 -5.03306396737 0.909184874462 -2.79076462463 -0.318846457434 -0.771021761753 1.21052161704 1.56802326889 1.93467017492 -6.09998008937 -1.01458743547 2.48821160714 3.19703091231 -0.342187808736 -12.4022183114 -0.510016100399 -0.139192986359 5.8002565085 4.48841705711 -4.94789177615 -3.5958146121 0.441450458856 -1.57299554628 0.792841020554 0.568360925729 -0.6843836
1.0906009998 2.58835838013 3.98664722468 1.62062705535 -4.05335371903 0.4271784927 -0.860494091844 0.655084278655 -1.75458100594 -0.180714826476 -0.0465681399012 -6.45913288231 3.82867977775 0.106738630476 -0.0557604998189 2.31349651195 8.9998934874 1.00863236923 5.26398702188 4.12091286558 2.57185249622 -2.67933239051 -3.96337812296 -3.6687645791 -4.61632530942 -3.29975900084 -3.55343040573 -3.39109461794 -0.8921536
1.6131116877 2.91863537928 0.839773471693 -0.248066093543 0.191588842697 1.20964164566 0.268275129478 0.928444468805 -1.31177838806 -0.154784189911 0.096627234089 0.233202608179 -0.368182309915 -0.481493803951 0.489882478109 0.181381440161 -3.75454999431 -9.50827217217 7.96166625285 -5.8786199248 0.391307712651 0.20190957929 0.995537802627 3.80583448335 -0.0424242296733 -0.163541072298 0.081744848819 -0.496852886792 -1.1837136
6.57765125048 1.34579994289 1.24160946308 1.83267363517 0.56436844201 0.41234715691 1.36244851701 18.8020946463 -17.0293167899 0.451454511986 -1.58402629836 -0.167967913442 0.185056200311 0.335350292274 -5.72581630514 -15.1554640738 -9.2824501187 -6.37931250925 2.12483418551 1.26373855142 1.8473641183 6.41150515789 5.31718037579 3.94366536299 3.17836991712 -0.251155804257 -0.978301076782 -0.64370083783 -1.1588136
1.4378941726 7.75112817802 5.09681404193 -3.83426283204 4.78509673838 -2.58898897975 -3.87179340586 0.845208562715 -0.102312638748 10.9956439026 -4.40496149601 -3.91810318015 -2.87786908333 -4.91348161821 5.42591401809 -15.2304204826 -11.4446684765 -9.02331815246 -6.50922575382 -4.16937108022 -1.87223038079 4.48928577173 6.14440458466 2.59546424148 5.84303821188 6.00933946329 6.84657779413 6.49519787905 -0.8582836
2.65273796015 1.17458384471 -0.332209675541 0.379880908695 -0.0726384095775 -0.202857593706 0.058934948639 -0.0422114411282 -0.126644822829 -0.475816266341 -0.0178649676781 -0.0314826836637 -0.367608244988 -0.0723651887919 0.688114318441 1.52794061248 -1.24724467344 -2.47317206628 -0.865901213569 -4.65281650091 0.560689690177 0.64061321107 0.246754002659 3.15576480651 -0.0738881681598 -0.0984575970214 0.025928646572 0.0412365635166 -1.3670636
6.59387941973 8.22246240021 15.9047742612 -11.7733988315 7.35185455958 -2.14977488244 -5.02503138699 -3.21107000922 -4.40474821561 -5.18379714467 -3.65854400231 -3.27212745384 -4.65289422456 2.42050592438 1.04193371915 1.81101388486 -0.273615922529 10.12349389 7.05123176861 5.31214681192 -8.58134986242 -6.50740693994 -1.59559152171 2.13607081197 -2.02526358347 -1.81876122707 -2.01175682337 -1.82423541996 -1.1510636
3.47791296519 2.23472600249 -1.72265179654 -0.915051711192 2.75702471414 -5.01238202394 2.45455100623 0.379268247982 1.24170109486 3.13479712654 2.61923724446 6.72856500324 -2.41962486984 -0.219871386265 -6.66634789697 -0.874921900296 10.3495770736 -10.2916384964 -8.42449130452 -0.0103965802807 0.303113903903 0.225633644073 3.94381459921 -0.257886931906 -0.320762253138 -0.540162937293 -1.16234058783 -1.0113919495 -1.4976536
7.44834967774 -6.86956061341 3.86796333488 4.02473075911 -4.18936927459 -3.87837624738 1.42044841793 -2.40885745182 1.30882623593 1.10863481801 -1.0223679283 -4.64585986714 1.18329324671 1.34753207915 0.745069309768 -0.140723106817 0.823375519786 -1.10861704221 -0.943736948682 -0.269270828797 0.485387855656 -4.14026435815 -2.81845535998 1.37832419398 0.81221077763 1.45160815503 2.37474916905 2.65495547692 -1.2033236
0.251214636929 -9.6367971378 -1.66554163028 2.2757199559 6.89438118664 0.66375817189 0.26858839822 1.68573500912 3.12624843495 6.0908400533 -6.30387937551 -0.374451484105 2.93084562053 4.2916788331 -6.34526103942 -0.0248316674797 -13.3638852592 10.7847735417 -8.40651533048 7.16232770642 -4.12280482211 0.761036153349 0.444891317122 -1.7835577764 -1.15671854152 2.01055020361 2.0652858593 1.47636898223 -1.4435436
2.45066089058 0.868278688599 0.602376094377 1.47621847239 0.650364932595 0.290985468762 0.0208586544138 -0.110979870668 -0.378500905778 -0.0507562687555 0.148144891893 -0.149429261439 -0.363828582181 0.144609559074 7.35436412378 -14.5452453123 -2.57997298718 -0.604971338862 0.285407513743 4.22317980413 -0.0117163304987 0.0237861250051 0.238087485233 0.0498407461544 -0.018597390263 -0.122299993034 0.214493958779 -0.105359168583 -1.3395736
1.8827896239 -0.0607344564229 1.11014107186 0.93544253761 -0.379267564249 1.28950014388 0.956551006273 -1.16471336369 -0.986414628146 -0.54394652397 -0.469180433771 -0.00426200474003 -0.0110159662536 -0.0404043335631 0.723419146986 1.76012765054 -0.437430534958 1.29686291471 0.333805408662 -0.554948601843 -0.240983331227 -0.561367393396 -2.06447975291 0.126761973603 -1.50405604547 -0.051888756312 -0.718596711589 -0.621711075512 -1.2771236
3.60883355962 0.598887482952 -0.632821903341 0.479767126948 -0.261942350969 -1.39631884539 -0.494395123982 -19.5701241053 -16.0270667812 -8.7864952831 5.41071020616 4.77379023539 15.7844275254 13.510225526 0.369136562003 1.0230489187 0.474255024602 7.95952532939 6.18975500898 -2.21852707798 2.84343765186 1.18588369656 -2.03976740561 -4.72652953741 -0.672699545609 -2.49441247823 -2.3021638629 -2.58841955369 -1.4144336
-3.88928485977 -7.17395920543 5.03807282865 -1.56276268166 -2.89761112236 1.55483790045 -0.890238187191 3.21965053363 2.99275264245 10.905327891 -1.28282788841 -5.57864132755 -0.39149190378 0.453587347516 -1.73832299487 0.258605889498 -8.70970710329 -8.53025217729 -6.14021197106 2.34897592795 2.78240512705 3.25383090979 2.73973492626 -0.157855296676 3.56222723661 4.29967816599 3.36227408954 2.17120530298 -0.8392436
-6.21417314974 -6.31546509004 1.91105803114 -4.20914230678 4.85240993476 5.65246177878 -0.421119370941 2.50278155873 2.137664098 3.71847210248 -7.45322183601 2.97841465401 2.21509470736 5.64791143195 3.04866738312 2.23756692879 -3.20145131412 -1.67367232463 -5.9277248992 -5.35665156836 -4.20482997562 1.10416864618 4.23159043618 2.62118893078 1.87158791387 -1.40333385189 -0.442852880714 0.0926000319414 -1.2509636
1.16565519389 0.366351599558 7.13722254358 -2.90699766713 -2.81902115583 -5.78009983115 1.24394533921 -0.479887517082 -1.46494887791 -0.837064843429 8.05191251059 5.61099444535 -3.0705846623 -0.62151372978 0.288721869971 -0.429813256241 -10.4799110433 -1.61484875333 7.25749455599 -0.603681884917 0.26747978687 0.107066374084 0.00914011963891 -1.7549308049 1.44836058846 -0.453364737488 0.0776158042953 0.28470803335 -1.0447936
3.60066881034 -0.633446779418 -6.03939502734 7.26251681279 1.10169930059 -0.669568546991 6.08459745973 1.97824433426 -1.87050418776 1.68308514486 7.2304943666 0.743734175493 -8.00479758984 -5.01217086258 -0.859195647477 -1.39916273838 -1.88019031722 8.00181659006 -0.0533666238499 -8.1199378222 0.0537785258015 -1.04312543594 3.00360313016 -0.811038023184 -2.87409069903 -0.629305509762 0.0846179978223 -0.929560837552 -0.9112736
0.761732747286 1.37763952292 5.13791888244 -2.22774780299 -2.93210099024 1.5440107051 -3.17193889058 -4.70978854379 1.72170751834 5.11250096305 0.340416409691 2.04796806065 0.317843476845 -5.48606056864 -0.190523149019 -1.16773694011 -0.975581615497 -6.67983174722 -6.00739979397 1.41029728245 1.40724897161 6.15229820389 0.977106997005 1.50474247971 -0.913022193038 1.39399066876 1.87842256448 1.37588678085 -1.9932336
4.11266320082 2.42849705247 2.13685370138 -2.03827391184 -0.24740049228 -5.0794016227 4.64906333031 0.5236343393 0.350224411972 -1.04690779703 0.86704866977 0.634744008646 -0.785815920938 0.428283437357 1.47189825181 13.9225520805 -3.18541112255 7.64899384464 -3.14573586298 3.50368129889 3.18364836158 -4.74197945146 -3.77178064325 -4.01092713249 -4.50040627554 -2.11118851391 -6.20262420068 -4.99393304175 -0.5026536
1.42999077912 4.36877166486 -3.14154423522 -5.22337380758 1.58918923124 0.497081012304 0.55616515599 0.570454819546 3.53156702436 2.83086348151 0.991955611245 0.961816637622 -1.08444203894 -0.115183977328 -2.92210137325 -10.5504114505 -8.62180989343 8.59923623214 0.929526669928 1.50870145918 -4.13218663996 -3.425242763 0.956742854133 4.6758726029 3.22475825666 0.978518274498 0.15524167053 0.85984274148 -0.8851636
-5.44133998717 -1.32997593518 0.132649024664 -0.149527107837 -1.96415116282 6.2185431341 -0.399871009319 0.400060457514 4.86781803415 14.3811236137 -3.10477187537 -0.866138062915 -9.8306939735 -4.93777123637 1.03141627256 -2.63822941652 -2.58871148996 -0.0508475097023 -6.50759321328 -6.10869459467 -3.6918674901 2.62404760984 2.37636954933 3.44542962737 5.43276993893 2.13187054159 3.29830300671 3.26978325424 -2.2556136
-1.28091121039 5.28992599226 -11.3713506695 1.58210546845 2.24829937883 -1.45249968384 3.36697937888 4.04710608101 -16.0295680052 -9.63441525625 4.02301044624 2.17547556946 14.3550606104 9.84297554306 -0.709188874926 -1.13373918987 -1.35387225595 -0.7385855667 -0.908786651339 -1.87653502444 0.0554703707982 -4.18882336552 0.108716701617 0.0892913193575 1.25147984605 1.78926998147 0.295192412173 0.157916653856 -0.6645836
-0.412952587865 -1.73927462465 1.69556892692 -3.57772799276 0.802827289836 2.48816530958 -1.88011338387 3.29823971147 2.31784610496 9.89803428002 -1.73620063292 -6.10708738947 1.4920646398 -1.64182073814 2.36322767586 0.404289698444 -1.46348194305 7.71610591915 5.78987899147 -1.16798854327 -2.07206653879 -6.83639009572 -2.54433759732 1.35336194961 0.249344970113 -4.05282549979 -2.62544293302 -2.01124496658 -1.1798036
5.04229263971 -0.541778455695 0.0478350402764 -7.1667765626 7.8207832336 4.50218958644 -1.87321390073 0.183687474097 -1.94823003503 -1.14417701475 0.282515660664 -4.74521664139 4.25822565433 0.10632359419 -0.959893432388 -2.05667066284 -3.97482459919 -2.5302110586 0.186600618045 -0.542018425271 -0.60761009055 5.28195294739 0.375439557308 -2.07879346257 0.375733189491 1.24228084791 0.165170725109 0.298383573046 -1.5941936
3.2459146154 7.00027672955 0.740724244012 -2.63753354399 1.1920869445 -3.67772725397 -1.01819709294 1.26380050494 -1.08060097435 -1.0679320672 -2.33310602201 5.99189096565 -2.39495210127 -2.87181770857 -5.03727927272 11.5815475309 -11.3081422249 1.41160799748 0.211571620261 -0.450557432496 -5.6538951061 -4.45521076655 -2.78225991334 1.99367727374 1.71402063186 3.91591458615 2.88345770404 3.62272013194 -1.3636636
1.03023919116 0.513310849816 7.37487192768 -3.14460749934 -2.66383277711 -5.77486488237 1.13653145603 -0.459285693928 -1.39428955716 -0.739567133812 8.20870510596 5.58039384105 -3.18030629024 -0.657210339807 0.241364407279 -0.427140620827 -10.4942685247 -1.63820480602 7.20956092298 -0.747162337763 0.270290670583 0.102136244141 0.0202526795901 -1.74109730365 1.44384264164 -0.439514151571 0.0765133862693 0.293338594112 -1.0449936
7.04567511596 10.13717088 11.3298883195 -8.46018746221 5.68932042078 0.609596901019 -5.20703983183 -3.77426607249 -4.48607133732 -4.54293567121 -2.81104791309 -5.2726204673 -4.93619343686 2.30265826868 0.428176498655 0.943630659535 -0.478864967944 2.33906217178 8.00217637121 5.59463644072 -1.45764529281 -6.23355075524 -5.31877677987 2.84709071234 0.88292748983 -2.64598097991 -1.824505204 -0.702324077906 -1.3019536
-3.88680515065 5.36666175872 8.42400600784 3.79436761833 -3.97504956009 1.96773840236 -6.36203065354 -8.39069987225 -1.50627562074 -3.0398720423 1.89533866929 -5.60116128631 -1.17009752858 6.52339714728 0.721753277452 2.22824899124 0.253019056872 0.681843200807 -0.189311355087 -0.843822188268 1.02433592039 0.203777722116 3.5696927666 -1.06314999968 -0.00834725016848 -0.531917655176 0.080912857952 -0.16655323442 -1.3138436
7.79115090564 5.50858016384 -2.12748371508 -1.72560509913 0.966756131223 -0.697302038697 -1.2999351702 0.393357154904 4.12251716368 -0.664803942245 0.469364526681 4.08410923441 -3.50150965291 -0.445474050997 -5.04227960519 -1.85403046874 -3.79332919134 8.67641830021 -0.337947930951 -1.82820574 -0.321932914055 -0.515448181092 -4.16328636612 -4.25221610118 -0.26498778405 0.236804649526 0.298231083595 0.288488638272 -0.7555136
-3.21853140514 -2.24941772043 1.33798109253 -1.14137716036 -0.296465189165 1.12584199935 0.634207899871 0.334607020354 0.0683394269138 0.265694813467 -0.483448792911 4.3760377363 -3.18803120101 0.64755484992 0.0903071796504 2.51859115252 0.338074857031 0.516956456297 0.452255155398 4.92616397063 -1.57147298 2.94727699797 1.41021911118 -1.9097501501 -0.179074389209 -2.47460299936 -2.87682791034 -2.40110982137 -1.1411036
10.5056042888 2.3812014063 -2.43098636628 1.50893011021 -3.25574901759 -2.18105284349 0.220475890572 3.09573022385 2.44093823949 4.97150103641 -10.2624085303 -2.89348210653 3.82204994129 5.47454491098 -2.70514031307 -2.90803746793 -0.961284695486 0.320180568439 0.302961794365 -7.64943999152 1.52788985608 4.14843792252 2.54292807584 -1.17055444597 -3.30306996326 -2.16470726472 -0.414754132313 -0.962707126672 -1.8291736
-1.78992221459 0.209616957394 -3.04385122178 3.739336412 -4.00469465154 3.84393284859 0.0728190603409 2.71798540031 1.86869055109 0.619463775476 0.586503988242 5.15932458525 -1.42946055252 -2.06331768157 -0.856154879383 -1.45025070722 -0.896580783599 -8.980428702 7.10847144316 -0.872941494464 0.08936989539 -0.492484344515 -0.00755974794007 0.0263469744959 -0.920333110778 -0.254160603095 0.751820193351 0.268458609897 -1.1067036
-4.39718632635 4.12789301002 -6.44990528948 -0.662516098514 5.06758002204 2.55521938425 -2.85316429277 0.192400456995 0.644547404083 1.74701956417 -0.107078270411 4.12656312363 0.657691868285 -2.26948468102 -0.569540511244 -1.2157812529 -0.280473366504 1.30084831145 -6.42303449601 0.388934667365 0.210357562776 4.7018209966 -1.97815945141 0.327154361621 0.36348017366 0.241057434394 0.0664446889165 0.487311006369 -0.9512136
-1.7784428972 3.87612952217 -2.33216703911 1.28002784512 8.47271158867 -0.750811704892 1.33341851569 -4.24932337983 -22.4847091442 -2.83454981986 10.6873563115 -2.31690540911 0.299214135481 17.8266979954 -0.641244796154 -0.106625882996 -2.12025072005 -0.903258534903 -7.36110550338 -0.266084796651 6.09935411357 -0.424362295438 -0.311328748549 -0.261679661281 -0.371399585507 0.27026699553 -0.321460998264 -0.309466105742 -1.6932036
3.26190954475 8.01253351608 7.87018925614 -6.84228540689 -1.85589030008 0.891946050039 -2.98774222164 -3.06781331592 -0.0669111823848 -0.213779581659 3.15030758903 -2.76672199633 0.204901794888 -0.124633667494 -0.366477259688 -0.89240669521 2.00924728619 -0.749868649455 -8.71680913613 -6.45995117482 1.00012984621 5.70887747844 -2.38019006873 -1.1750837316 -0.183524234283 1.04950527093 2.90840843645 2.78213255317 -1.4269936
10.5142941477 4.5604089255 6.26458432066 -0.101813150349 -1.40882856847 0.0383802359196 0.0174102314762 -2.62846290767 -5.77770291769 -18.5471129261 -1.42010476118 4.22836960748 1.64186584381 1.524760559 1.09478632858 2.4275026193 -1.62677701739 -0.688419948423 -8.2387811189 1.49845278909 6.53968208012 0.791381945758 -3.34581785267 0.0265528418514 0.18344871735 1.92736132102 0.145995816235 0.358582838068 -1.1157336
4.07102296982 3.42816699264 -2.82529821385 1.038201292 -2.73427367418 5.52089353517 6.20189005045 4.6801044094 -5.46773689106 -2.87008565955 -8.42030704751 1.36364733524 3.15720765795 6.09791567592 0.388619972903 5.51311137019 -12.0227995463 -10.1706264638 7.23306397971 0.114910472112 -5.81622720501 -0.0922859117799 0.00949971975389 3.02321518816 1.92804227519 -2.20133824286 -0.757270055329 -0.391263985382 -1.4115336
3.46310047382 1.12078373832 13.953340356 10.0104716548 -4.06461162473 -11.2632020544 -2.49431182657 -6.24699446541 -1.80988795628 0.420984326847 -1.03838597931 3.95622058808 -4.32304717598 -3.99141394542 2.01079375479 -0.98174666632 0.0129340267682 0.0783281278181 -7.91724860364 0.290853401 0.061174037903 6.3350915122 0.462425343683 3.45706101059 0.385544257242 -1.1340074704 -0.383807690286 -0.370441151055 -0.7552636
18.2193015018 13.5271493218 0.646456739325 -0.943187311956 -6.55160941119 -10.4996210956 -1.93189462243 -0.872590657609 -0.333450652066 11.0467617493 -3.08216145303 2.12239321836 -2.44063730371 -9.33004876254 0.132984134925 -0.984750600752 0.0362325805088 -0.334504364332 -7.0351847013 -0.643924683532 -0.13082095607 0.164592248307 -0.400573707438 0.072955441457 -2.04279122696 0.408950004883 1.08122569202 0.0987488778185 -1.4994236
3.11485768646 5.07466718486 -1.36366303257 4.34646026192 -4.46121232666 -3.55191985371 7.17910496918 18.5631772656 10.3768945771 5.10032071335 -0.350775980934 -9.67460367299 -12.298446182 -16.0845050306 4.22443352431 -1.23054115264 -1.90768939738 7.76810902713 6.22799419122 4.83952161119 3.52447095375 1.07933494685 -0.154210453012 -2.47950209828 -7.77108939994 -7.33226677711 -6.98234251428 -5.77657904067 -1.3719736
0.173129813969 1.25249202184 -1.05992942247 1.12753451731 -1.24819822841 0.222623835993 0.189356987743 0.0389977316693 0.500099634873 -0.324658984836 0.746450430521 1.35514971306 -0.547735162857 -2.20815750328 0.0349343196126 -0.0434151829246 0.0323580184741 9.87120119952 7.74492115454 4.8343909272 4.19559373993 2.39243347482 -2.532382448 -8.07890700575 -5.61795141674 -3.02846831422 -4.93919790443 -5.08266594717 -1.5326036
6.90914375379 7.96547280852 -2.40327037297 0.611927386592 -0.594531549536 -0.329510060213 -1.03310660265 -1.9588355911 -1.53682957203 18.0881540091 -6.50562250387 4.7173086555 -2.13338259773 -11.2776360408 -1.2967646821 -3.0276347056 12.8587693794 9.65221617692 7.56477359475 -3.31675688742 -3.72744157406 -4.02892706098 -4.72321958905 -3.28165843764 -6.40944828465 -3.70010105903 -4.25254933185 -2.83053926129 -1.5389936
0.336930757351 1.32828947203 -0.920746078694 1.02061164779 -1.17306853818 0.245266898617 0.201158633742 0.0465567295139 0.476391814376 -0.282994774155 0.754899924232 1.29096091 0.825685081461 -3.88927717318 0.0120354187306 -0.0890354080212 0.0151135886519 9.88334002463 7.76669763803 4.82529569557 4.20771286857 2.39616049601 -2.54599035265 -8.08533028961 -7.07815941069 -3.98206702129 -3.9777718011 -3.60866675174 -1.5283136
3.16554524482 7.98088924508 8.15917731981 -6.97612230891 -1.93437687092 1.03772705245 -2.98424629819 -3.08821006023 -0.0593989987602 -0.0582049714255 3.04891061764 -2.92300742714 0.22954348672 -0.157956807654 -0.387032882398 -0.925612796917 2.01937253349 -0.785235371097 -8.73346864544 -6.47435586557 0.994453958384 5.72208278686 -2.37846659081 -1.16082583044 -0.14712352807 1.11470321728 2.93900688806 2.7622329034 -1.4292736
2.43703746195 3.03344628812 6.34780384954 -3.10760377029 -2.93190008225 6.6877387785 -6.88014112537 -3.9457862285 -0.142836764123 -11.9867971536 -6.23997672001 4.60377909666 5.2960594016 8.54948518006 -0.740709911969 -0.10275460626 8.08772657166 -0.594330302468 -1.11341567216 -6.67326547409 4.28248633628 -0.0932126550047 -0.891515578077 -0.864541371701 -0.775203823643 -0.0831512685692 -1.0464135626 -1.11200689364 -0.5372336
1.42258425622 1.1437869632 0.795721634359 -0.0905952588256 -0.289000352702 1.40572154225 0.331803405368 0.400530753271 14.9349558029 -13.8807032784 0.32096375694 3.2452141774 -3.22716462772 -1.07304081069 -6.20896028883 -3.75204371571 4.79894076186 -6.61524255899 -6.20456831829 -5.30559249662 7.36771167059 1.83934492061 4.39578748183 0.384787768402 0.781653612887 -0.421623798552 2.04845082487 1.45057617242 -1.2134136
1.41720497571 0.5511426686 -11.1064875721 4.74193377419 2.3231337001 -0.0209259094285 3.37705644024 -20.3498271899 4.58616723218 17.8460164118 3.6117722529 0.473432409728 1.60261455422 2.12118514321 -8.65617607501 -0.591883729268 -3.7656905202 -7.39104732051 0.902226107026 -4.74511151471 -4.18590189015 -1.95609771832 0.248920352858 2.85727132807 5.00300574534 4.04080552184 4.01421269631 3.05104812534 -1.4717036
7.28684669271 6.02770532889 0.698994850285 2.50017733916 -3.59976434174 -3.73042639329 3.54417677009 -0.333206337645 2.98747309787 0.0177823090257 -1.53664385385 2.87129479221 -5.16299900936 -1.73715089843 -1.58286744215 -0.320721217641 -1.41975193686 7.2822865875 -1.51649501807 -6.8067853614 -0.297525333442 -4.8721649069 -0.539105945791 1.91728265515 1.44348420906 0.238725788794 -1.60037403704 -1.76024838715 -1.0240536
-0.371951257679 2.81048967263 4.39115970368 0.991195070147 1.100102217 -2.4689017124 -1.44544911742 -6.08604697999 0.635101661481 -1.11431694299 0.141791604158 -0.616456721124 0.810696125022 -0.739473809807 3.63894902834 0.96253393059 0.184415923474 9.34920935294 -7.23147317293 -0.794994886436 -5.65003993886 -3.63395394612 1.76019705827 -1.69966082275 1.22589481547 1.09191508959 1.70171523686 1.05735281887 -1.0526136
9.45502309049 4.41950655482 -12.5637788467 -3.86782126358 11.3880300899 3.53377669617 6.96580713926 -2.20526002605 0.00192901273661 11.9739370514 -13.8264418222 -5.54560487737 -3.62291464925 2.04950768516 2.73039169464 -2.54960735569 -12.756748307 9.6312109246 0.273822652575 -0.749450668435 -1.54229156212 0.364262339551 2.65755961252 -1.80906142919 -2.86054148471 -1.72008482083 0.377077729247 -0.202235159845 -0.5341136
1.90719140584 2.74909452993 -7.61898354305 6.01578709647 -3.94933989548 -2.64809098001 1.20642128693 4.40446288187 4.5598527552 0.465282825355 -0.323997733409 -10.6917567179 0.913640021105 6.41544131537 -0.642960511812 -11.8014990173 -0.0343842774553 8.42513385004 -5.85091780431 -4.52346859409 0.978528316705 1.26751587528 0.550276469408 3.57056441343 2.75579943106 1.00277297571 0.476671023885 0.420962601157 -1.2710636
-1.18315209681 -0.126619488907 0.745001459234 -1.74510644052 0.409563894842 0.821468685799 0.879801170834 0.880859585458 0.342502727088 -0.0918160578402 0.700556286914 0.338527235336 0.552409603886 0.251781501075 1.5834268918 0.040408763604 -0.914474178108 -10.2873116724 -7.61301970638 -5.23976187024 -3.93134451777 -1.86762838392 3.97662702921 4.30367431907 2.77642014768 5.70130250652 4.36187064313 4.3340319614 -1.0241936
4.8486976468 2.90254452808 -0.709101247349 2.87825651431 1.39921772266 1.71823953287 -2.93383740112 -3.60410050286 -0.995242912492 -0.636344430421 0.237891632616 0.409383720928 0.0953656371406 -0.401266081298 -0.0266612807286 0.0661816392435 11.2837317597 -1.64809538528 -0.503245974154 -0.45670481225 -2.00042983272 -2.26220644813 1.28833889313 1.28567272885 -0.598152596054 -3.61893488596 -4.22410198266 -3.79509618281 -1.6027336
9.59882902166 5.92968305414 -1.52975518469 -0.289259278145 -2.6227930751 3.18903344022 4.53388336075 0.370460787025 -3.49276391916 -5.62662924492 12.1216061559 -4.84855634149 -10.5073929946 -3.31242622805 -6.41120102007 9.93716860997 -9.02787374577 -6.0153844268 1.81644724327 5.6554387692 -0.379560020963 0.0538790154702 -2.00388531414 0.336961290094 0.318172433765 0.796010860418 0.870617453138 0.539289298885 -1.3326636
2.87729101556 5.02975374882 1.62277354407 0.620648559431 -3.76715341706 -7.31648119998 1.71684759764 1.66908523029 5.40535648838 -0.459016029144 2.20682382178 -6.61474494743 0.645399677484 1.00158649889 -4.77141398064 -4.67637309552 -3.25842634163 0.315892932404 7.66650278342 1.94908888241 -3.79765444323 -3.05153787444 0.305754246256 -1.40867822816 2.69031420907 2.19537200535 0.713357066638 0.489631249337 -2.3974836
-0.195894819494 3.1635386746 1.70742445967 0.975360575317 1.10864507509 1.10933523152 -2.47032511115 -1.26472644234 -0.98165940027 -2.27122987277 3.35767343334 0.377089815102 -0.654874827577 -0.250532842657 1.11627394414 2.21461973498 -2.19296838185 -11.6940932001 0.217054643721 8.33669677389 -6.55922500237 1.01778723817 -3.51974966355 4.28336948485 1.16185142609 1.81627898479 0.0782496789627 0.0140303899077 -1.5690336
0.46973721847 1.36879168189 -0.919962538195 1.0578325109 -1.22319471043 0.307512593641 0.13586044939 0.0255764551525 0.468837981513 -0.295698640377 0.674821007112 0.995969267455 -0.568038097937 -2.32453586717 0.0260929954948 -0.0756882260407 0.0340854471696 9.85991663752 7.78497350808 4.81676022685 4.22177637465 2.37915717634 -2.56958727668 -8.08441288747 -7.09759792404 -3.91413187021 -3.9513107133 -3.60354277978 -1.5184136
0.118280280761 2.60201285756 1.73189965917 0.608688734951 0.507985471607 0.60670411112 -0.144202026199 -1.21494868162 -0.943053060134 -1.72368545485 -0.37231396817 0.0981733837512 0.629353807485 -0.0293070381177 0.123495139408 0.507049387656 2.02662899671 -0.89031468115 -9.16172414832 -6.25721232086 6.27363564612 0.400154882899 0.916391432112 -1.99455058019 -0.279816649522 1.72234688822 2.06074451595 2.07758341364 -1.0279236
0.964499744364 -3.41461610843 -3.59668619664 6.2645418925 1.48005686978 -4.7234723128 1.31997904807 -0.418548692317 4.01223840985 -16.3796754503 1.14999223505 11.4759714014 1.04661888525 -0.301437643344 -1.28691036573 -1.23240974901 9.75589566975 -8.44901941917 0.00980521415367 -1.31303707551 5.56388031085 4.36138602547 -1.67517649124 -0.288394228241 -2.77732789509 0.421863566917 -1.00341858466 -0.966599060938 -1.1703836
0.444034544356 0.0403993217569 4.60631333643 7.80651397048 -0.355094668056 -2.58774393214 0.652122639994 1.56732440103 -1.3058378372 -2.40664043446 10.5313874082 -1.14831308487 -6.05276686315 -7.40744588453 -0.30602782421 0.180360297116 -11.949038583 -10.0851798019 2.19215646536 1.33590477627 2.88160281574 2.40976903463 4.86636722605 3.150163654 1.95826040365 -0.5443076859 0.24810216552 -0.722385861171 -0.5973836
5.85754867274 5.22478721792 12.7561229168 -5.78644832149 -2.51850503238 0.413261080437 -11.9260826754 -5.56697497045 1.74995253251 -0.106661159356 1.72761824188 6.91213222988 -5.60764129634 -1.30433227319 2.64188102663 3.37904463651 0.333243439385 -1.67188266254 -7.82420707488 -7.37949287022 0.874386545139 1.05375268343 0.683239389982 2.11388042402 0.612735117832 2.12962408962 0.33507721041 0.893940881108 -1.2303736
-5.58232078957 1.60044575343 -2.21435115734 -0.763549766516 -4.16230410438 1.45225901853 1.36161168912 0.832197413911 6.68337633055 2.79496365346 -1.4257339806 -1.03589592725 -0.452893006047 1.88409629524 3.36708207734 0.878929733904 -1.11664460657 -9.24973428725 -5.90269487135 -4.97386551168 -2.7191015492 -2.17693528721 -0.318145391649 6.86372026715 2.14178051717 2.49655201138 5.2199117762 4.51724369924 -0.8927236
6.09057033892 9.97403327471 9.34421717124 -5.39845671901 -2.47945269543 0.369410599443 -3.23333555034 -5.21924859476 -4.25868295537 -2.3776311951 0.817086717621 5.45072687107 -1.66815863723 -3.18896271915 -0.0557110803929 -1.42700535553 -0.981850448532 -8.14123185927 1.1214529545 6.01417476121 -5.00140324682 1.23511630809 1.18164181606 0.952672917014 0.57554370843 -0.545012142104 0.636249740992 0.213246019725 -0.7416636
4.58183245063 3.70632722569 6.47437575021 -3.00342853165 -3.05720828448 -2.53678334438 0.748449182645 0.763473420734 -18.2771421899 -10.3239155642 -2.53026937675 6.5625707274 8.91168895151 9.54331883645 -0.539207767367 -9.37343848612 -8.05864171879 -6.75384306969 -4.3960755923 2.86726529585 2.27132556528 -0.877032220148 0.789799593778 1.95592314866 5.31690264824 4.70714943766 5.58504919109 4.94153471992 -1.0479536
-0.75498344605 -3.12641167675 3.44833481372 7.55185670942 3.5880532794 3.81736571861 -7.87939011755 -1.68161719211 4.64937247157 0.96410651555 -2.70287186297 -7.66906981287 0.727475268117 -1.70970791882 -1.1436923287 0.194197374031 0.269886670302 0.661057690552 -0.23656363607 -5.4732253504 -4.26699189778 -3.27260666257 1.85839299746 1.42981943824 1.92937090174 2.99373883897 3.13423492874 2.69986828621 -1.0332536
-4.19930756394 2.23957548203 10.9366123856 -2.86319595418 -3.6256600685 -0.584482149908 -2.15021635393 -0.651270173681 0.65061759326 3.49541938987 4.14630161421 1.20091530216 -1.09398957726 3.80944785687 1.01275253832 -2.78159424071 -2.75758324504 -1.93349458832 -1.63723965621 5.7089251158 -2.66147428114 3.96897526978 -0.972376411999 0.679532161721 -2.04746843886 -1.07084979101 -2.61171702667 -4.20715518821 -1.7083436
7.74072155482 6.40173063437 1.00429523999 -0.51535549842 -8.35196574794 -0.153330880221 -0.699033818902 -2.62758268096 -0.485181643716 -0.139867134189 6.93599113096 3.0776791965 -3.66799290314 -5.57025162082 -0.25819985757 -1.29681546114 -12.0678160039 -0.353287667678 0.375228216882 2.03435249162 1.81868644315 1.40925563727 4.25024395376 0.861349410843 0.136544863407 -1.03915456034 0.364158327169 0.815598378243 -1.1091436
1.07076928005 2.43835298078 -0.54333376211 -0.543707345694 -2.54820518925 -1.44163802642 0.615602260977 -0.188480012497 -0.138230340607 -0.102745187947 -1.68441671284 -3.30210452277 1.17387296956 5.368766324 3.24885947553 -0.117052339556 -1.43747224314 -8.57371936384 0.0538801081898 0.153757495866 5.431204792 -0.0981586826918 -0.111481768541 2.76690016823 -0.333379673881 -1.40323407954 -0.00714706910473 0.252540465248 -0.8970036
0.716325289776 8.53497788 3.00121931254 -0.516699606486 4.43591943188 0.134185554382 0.514800600902 -4.96228671129 -3.40026389657 -2.75728650984 -1.41712404331 4.62938983062 -3.54115131856 -3.73259972724 6.89176915434 -0.554909899273 -12.5691900602 0.0453257071099 0.375969735939 0.324529467171 -0.604471182642 -3.20194390032 1.4105469216 1.44294957551 0.822983731454 0.558193244213 1.8001149658 1.61872645253 -1.2633536
5.81187360933 -7.2906300621 4.07328683109 1.13362999985 -1.88926437787 -0.369881353002 7.34667133424 -5.22061914179 0.8068000335 0.884838794353 9.96797599624 -2.09784478893 -0.309341528411 -4.29033737536 -1.63871217357 -10.8320867047 1.27371316238 0.684205108442 1.08924005859 1.60571335523 1.05780926977 -1.16404517174 -0.952296481888 0.607094770808 0.037278891324 1.37001774241 -0.507603649792 -1.18748614841 -1.3475336
3.8902160005 2.16492205507 0.881500462414 3.53700540915 -1.83458197384 -1.38014986162 -4.80725672775 -1.5579400255 3.12137124737 -0.00571584123658 -0.436691663986 -0.709225025286 -0.464840462211 2.08497028472 -0.70931726917 -1.70951378258 9.06419012515 8.38143789531 5.61073371467 -8.48700191513 -2.75904486589 -2.62170315108 -2.32840911343 1.10201415655 -2.77524999405 -2.09449457244 -2.59930407921 -2.5579210265 -0.5993836
7.56278656339 -2.17887509243 0.734315059776 -2.01698315681 4.70994135081 0.421419347917 5.05143739033 -0.097553768789 16.5995411126 -0.112856391584 4.48341750116 -10.4340416806 -1.43476477786 -4.64761735688 -9.60171509898 -5.73894696307 -1.39297964859 -3.54524229038 -2.68598345525 -0.041960039485 4.62611785171 -2.94078191132 -2.02168920996 -1.12860794607 0.296496653295 0.482007503046 1.71623161714 3.33688683693 -1.1543436
-1.85156482669 0.616785209475 -0.263930630467 2.07277780319 -0.57839497981 0.0424339331746 2.40134166553 -0.558588391681 2.62927276309 0.174967880299 -0.214756627539 4.16705343758 -0.846958652988 -2.18352452279 -0.31666289342 2.33659682576 -12.1166372919 0.853138037287 -0.127889668043 -5.39045962603 0.065941072458 5.6847584364 3.92938035902 2.21602913336 -0.508793267665 -1.57659911855 -0.233289409595 -0.422426649509 -0.9211836
-3.24421034837 10.4640341439 4.06391505216 -13.1908711473 6.26954796485 1.07270234252 3.94493353556 -2.37084354766 -3.83884070417 -3.34509800719 -3.37814319826 -3.85565208372 0.676747631937 -0.943401238426 -0.651673771477 2.12432803537 1.24258903764 9.16130026076 -2.02207986746 5.69732162399 5.21491979695 -2.20060764164 -5.57177882055 -4.06256047132 -0.281249391612 -0.434862145508 0.220473575413 -0.760940616358 -1.6358136
